/*--------------------------------*- C++ -*----------------------------------*\
  =========                 |
  \\      /  F ield         | OpenFOAM: The Open Source CFD Toolbox
   \\    /   O peration     | Website:  https://openfoam.org
    \\  /    A nd           | Version:  7
     \\/     M anipulation  |
\*---------------------------------------------------------------------------*/
FoamFile
{
    version     2.0;
    format      ascii;
    class       volVectorField;
    location    "2.5";
    object      U;
}
// * * * * * * * * * * * * * * * * * * * * * * * * * * * * * * * * * * * * * //

dimensions      [0 1 -1 0 0 0 0];

internalField   nonuniform List<vector> 
4032
(
(3 -5.4281e-18 0)
(3 3.21423e-17 0)
(3 -3.43277e-16 0)
(3 -2.1884e-16 0)
(3 -1.64114e-16 0)
(3 9.73641e-17 0)
(3 2.27715e-16 0)
(3 -4.79359e-17 0)
(3 -2.56204e-16 0)
(3 -3.28706e-16 0)
(3 1.57093e-16 0)
(3 3.20089e-16 0)
(1.17412 0.015857 0)
(0.722306 0.015737 0)
(0.667262 0.0215778 0)
(0.611705 0.0239871 0)
(0.553922 0.0257871 0)
(0.494386 0.0275213 0)
(0.432198 0.0293486 0)
(0.366542 0.0314957 0)
(0.296541 0.034149 0)
(0.220306 0.0380357 0)
(0.137093 0.0408124 0)
(0.0507323 0.0455496 0)
(3 -1.53237e-17 0)
(3 4.11727e-16 0)
(3 -1.47088e-16 0)
(3 -1.16243e-16 0)
(3 -9.29103e-17 0)
(3 3.59955e-16 0)
(3 4.58172e-16 0)
(3 -5.93793e-17 0)
(3 -8.70543e-16 0)
(3 -1.19559e-15 0)
(3 -7.99973e-16 0)
(3 -9.62367e-16 0)
(1.19935 0.0723214 0)
(0.716573 0.0625531 0)
(0.655193 0.0674483 0)
(0.598675 0.0732757 0)
(0.54005 0.0778717 0)
(0.480374 0.08302 0)
(0.418568 0.0887689 0)
(0.353941 0.09587 0)
(0.285646 0.104516 0)
(0.212203 0.117069 0)
(0.131659 0.126332 0)
(0.049033 0.140417 0)
(3 2.29828e-16 0)
(3 1.49752e-16 0)
(3 -1.87618e-17 0)
(3 -3.8572e-16 0)
(3 -3.27601e-16 0)
(3 8.75206e-17 0)
(3 -8.11204e-17 0)
(3 -2.71193e-16 0)
(3 -3.5785e-16 0)
(3 -1.36539e-15 0)
(3 -1.83611e-15 0)
(3 -2.21345e-15 0)
(1.27675 0.126857 0)
(0.728114 0.109796 0)
(0.660405 0.116226 0)
(0.602099 0.124991 0)
(0.541505 0.132084 0)
(0.480401 0.140089 0)
(0.417311 0.148958 0)
(0.351582 0.160046 0)
(0.282228 0.173202 0)
(0.209137 0.193165 0)
(0.128514 0.208143 0)
(0.0484726 0.230547 0)
(3 1.29912e-16 0)
(3 9.22132e-17 0)
(3 -1.45858e-16 0)
(3 -4.20783e-16 0)
(3 -4.02743e-16 0)
(3 -6.08092e-16 0)
(3 -8.46664e-16 0)
(3 -7.26894e-16 0)
(3 -6.17474e-16 0)
(3 -8.07937e-16 0)
(3 -8.58178e-16 0)
(3 -9.21253e-16 0)
(1.40097 0.178525 0)
(0.743905 0.160066 0)
(0.667912 0.166581 0)
(0.609649 0.177635 0)
(0.548685 0.187096 0)
(0.487461 0.198485 0)
(0.423559 0.211458 0)
(0.356247 0.227877 0)
(0.284291 0.245943 0)
(0.209899 0.272853 0)
(0.127661 0.293216 0)
(0.0467252 0.320844 0)
(3 -2.4901e-16 0)
(3 -8.3597e-17 0)
(3 -5.26581e-17 0)
(3 9.80842e-17 0)
(3 -5.8362e-17 0)
(3 -1.32829e-16 0)
(3 -2.33081e-17 0)
(3 3.45909e-16 0)
(3 3.58996e-16 0)
(3 6.58933e-16 0)
(3 9.78412e-16 0)
(3 5.50817e-16 0)
(1.58417 0.227181 0)
(0.766172 0.214804 0)
(0.676908 0.218082 0)
(0.620592 0.229787 0)
(0.562455 0.240792 0)
(0.505287 0.255351 0)
(0.445507 0.272718 0)
(0.382214 0.295371 0)
(0.311845 0.319109 0)
(0.237262 0.353738 0)
(0.14832 0.383054 0)
(0.056588 0.418516 0)
(3 -1.12918e-16 0)
(3 -1.25983e-16 0)
(3 2.95336e-17 0)
(3 1.51993e-16 0)
(3 3.97358e-16 0)
(3 6.45161e-16 0)
(3 1.05212e-15 0)
(3 1.51904e-15 0)
(3 1.74546e-15 0)
(3 1.60224e-15 0)
(3 1.6153e-15 0)
(3 -9.595e-16 0)
(1.83931 0.273001 0)
(0.798633 0.277756 0)
(0.684418 0.270919 0)
(0.626794 0.281077 0)
(0.569105 0.293146 0)
(0.51497 0.310542 0)
(0.459721 0.332216 0)
(0.401851 0.36268 0)
(0.332268 0.397361 0)
(0.254461 0.446222 0)
(0.160261 0.493664 0)
(0.0547891 0.537599 0)
(3 -1.64958e-16 0)
(3 -1.64242e-16 0)
(3 1.25529e-17 0)
(3 -3.6851e-16 0)
(3 9.63133e-17 0)
(3 7.83316e-16 0)
(3 9.36623e-16 0)
(3 9.06757e-16 0)
(3 1.07698e-15 0)
(3 6.87191e-16 0)
(3 4.87623e-16 0)
(3 -1.67187e-15 0)
(2.18948 0.30975 0)
(0.849263 0.355444 0)
(0.702308 0.331968 0)
(0.6502 0.340322 0)
(0.595253 0.350039 0)
(0.542718 0.36698 0)
(0.489341 0.390329 0)
(0.435924 0.428294 0)
(0.376191 0.475531 0)
(0.311403 0.537145 0)
(0.225068 0.603402 0)
(0.0984121 0.676327 0)
(3 1.29551e-16 0)
(3 -2.22226e-17 0)
(3 -1.71157e-16 0)
(3 -4.56594e-16 0)
(3 -4.73545e-16 0)
(3 -3.26179e-16 0)
(3 1.97353e-16 0)
(3 3.43804e-16 0)
(3 5.81558e-16 0)
(3 8.57714e-16 0)
(3 7.25773e-16 0)
(3 -3.41057e-17 0)
(2.69404 0.267385 0)
(0.975106 0.434006 0)
(0.780968 0.366882 0)
(0.730986 0.37775 0)
(0.669264 0.39745 0)
(0.609968 0.421006 0)
(0.550373 0.44824 0)
(0.497792 0.490245 0)
(0.443852 0.544246 0)
(0.383416 0.630877 0)
(0.269863 0.761855 0)
(0.149083 0.934622 0)
(3 5.51306e-16 0)
(3 2.9809e-16 0)
(3 2.69755e-16 0)
(3 6.8028e-16 0)
(3 6.132e-16 0)
(3 5.56834e-16 0)
(3 8.95381e-17 0)
(3 -2.54567e-16 0)
(3 3.12974e-16 0)
(3 4.63989e-16 0)
(3 4.82545e-16 0)
(3 2.04466e-16 0)
(3.06812 0.0393294 0)
(1.18192 0.435177 0)
(0.851815 0.404859 0)
(0.807264 0.434025 0)
(0.75388 0.454746 0)
(0.697286 0.47899 0)
(0.637521 0.506517 0)
(0.583349 0.549014 0)
(0.531477 0.614436 0)
(0.49132 0.737424 0)
(0.460318 0.920305 0)
(0.57616 1.20575 0)
(3 -2.61478e-17 0)
(3 9.78949e-17 0)
(3 4.30958e-16 0)
(3 8.8398e-16 0)
(3 1.20514e-15 0)
(3 1.045e-15 0)
(3 4.80417e-16 0)
(3 -5.75342e-16 0)
(3 -5.62275e-16 0)
(3 -5.47925e-16 0)
(3 -4.44365e-16 0)
(3 -6.53254e-16 0)
(3.00749 0.000144747 0)
(1.3787 0.430188 0)
(0.852875 0.46479 0)
(0.803592 0.490285 0)
(0.763767 0.513283 0)
(0.730331 0.544633 0)
(0.694877 0.577856 0)
(0.657608 0.620207 0)
(0.63002 0.688895 0)
(0.622916 0.811752 0)
(0.682933 0.960037 0)
(0.969056 1.13378 0)
(3 -2.20072e-16 0)
(3 -3.71965e-16 0)
(3 -3.51793e-16 0)
(3 -6.96653e-16 0)
(3 -2.42739e-16 0)
(3 -2.03789e-16 0)
(3 -6.57876e-17 0)
(3 -4.30313e-16 0)
(3 -9.21173e-16 0)
(3 -9.76047e-16 0)
(3 -5.73458e-16 0)
(3 -5.60779e-16 0)
(3.00005 -2.23503e-06 0)
(1.80833 0.475061 0)
(0.883224 0.527324 0)
(0.808468 0.525254 0)
(0.784524 0.547482 0)
(0.765784 0.578995 0)
(0.75365 0.61871 0)
(0.737007 0.664156 0)
(0.736309 0.73249 0)
(0.758147 0.838279 0)
(0.874475 0.959508 0)
(1.18547 1.06611 0)
(3 -3.06653e-17 0)
(3 -5.48681e-17 0)
(3 -1.00117e-16 0)
(3 -6.31095e-16 0)
(3 -7.35616e-16 0)
(3 -1.49055e-16 0)
(3 -1.74946e-16 0)
(3 -1.5341e-16 0)
(3 -3.65483e-16 0)
(3 -5.20837e-16 0)
(3 -6.63553e-16 0)
(3 1.44484e-16 0)
(3.00001 -2.39622e-06 0)
(2.54243 0.390094 0)
(1.02036 0.607816 0)
(0.868231 0.557205 0)
(0.836873 0.572734 0)
(0.816753 0.603636 0)
(0.814569 0.647473 0)
(0.814636 0.698283 0)
(0.832388 0.763593 0)
(0.880534 0.846445 0)
(1.01647 0.939199 0)
(1.27441 1.00105 0)
(3 6.62801e-17 0)
(3 1.23194e-16 0)
(3 -7.32151e-17 0)
(3 2.74214e-17 0)
(3 -3.87132e-16 0)
(3 -2.93756e-16 0)
(3 -2.88778e-16 0)
(3 -3.48105e-16 0)
(3 -1.01688e-16 0)
(3 2.7858e-16 0)
(3 4.39243e-16 0)
(3 7.87305e-16 0)
(3 -4.81242e-07 0)
(3.08502 0.0567654 0)
(1.33309 0.609857 0)
(0.972962 0.593612 0)
(0.927128 0.60519 0)
(0.892333 0.630837 0)
(0.882291 0.671155 0)
(0.888649 0.720511 0)
(0.914868 0.780174 0)
(0.982353 0.849695 0)
(1.11962 0.91652 0)
(1.32958 0.954944 0)
(3 1.43758e-17 0)
(3 1.44438e-16 0)
(3 1.49445e-16 0)
(3 3.86256e-16 0)
(3 6.83543e-16 0)
(3 3.96629e-16 0)
(3 1.07796e-16 0)
(3 2.25627e-16 0)
(3 3.55561e-16 0)
(3 4.31475e-16 0)
(3 6.54305e-16 0)
(3 8.97742e-16 0)
(3 -4.55168e-08 0)
(3.01041 0.000215017 0)
(1.68082 0.576942 0)
(1.00046 0.670006 0)
(0.961478 0.668422 0)
(0.93983 0.680808 0)
(0.935324 0.707188 0)
(0.94962 0.744301 0)
(0.984443 0.788088 0)
(1.059 0.840343 0)
(1.18413 0.885671 0)
(1.35288 0.906366 0)
(3 -2.48497e-16 0)
(3 2.33128e-16 0)
(3 7.01431e-16 0)
(3 5.56402e-16 0)
(3 4.21633e-16 0)
(3 2.94397e-16 0)
(3 7.00268e-16 0)
(3 8.99249e-16 0)
(3 8.86632e-16 0)
(3 5.82982e-16 0)
(3 5.77955e-16 0)
(3 3.04677e-16 0)
(3 -1.28813e-09 0)
(3.00007 -1.96667e-06 0)
(2.51334 0.423658 0)
(1.12569 0.706745 0)
(1.00815 0.709415 0)
(0.994967 0.712506 0)
(0.991664 0.726115 0)
(1.00677 0.757078 0)
(1.04651 0.792803 0)
(1.12224 0.833336 0)
(1.23266 0.865855 0)
(1.37226 0.87924 0)
(3 9.44321e-17 0)
(3 1.84799e-16 0)
(3 -3.75597e-16 0)
(3 -8.54984e-16 0)
(3 -8.41855e-16 0)
(3 -4.94454e-16 0)
(3 -3.89102e-16 0)
(3 -4.03944e-16 0)
(3 -2.48092e-16 0)
(3 2.71247e-16 0)
(3 -4.97208e-17 0)
(3 -2.05665e-16 0)
(3 -2.73511e-12 0)
(3.00001 -3.21418e-06 0)
(3.0713 0.0512531 0)
(1.46364 0.700099 0)
(1.08498 0.735466 0)
(1.06828 0.734224 0)
(1.0557 0.751301 0)
(1.06691 0.768287 0)
(1.10293 0.790804 0)
(1.17207 0.819451 0)
(1.26537 0.840991 0)
(1.38268 0.849239 0)
(3 5.07555e-18 0)
(3 -3.09236e-16 0)
(3 -3.03686e-16 0)
(3 -4.87523e-16 0)
(3 -4.27696e-16 0)
(3 -9.91385e-17 0)
(3 -1.50238e-16 0)
(3 -1.75259e-16 0)
(3 -3.26352e-16 0)
(3 -1.71145e-16 0)
(3 3.53666e-17 0)
(3 8.12398e-16 0)
(3 -1.60486e-15 0)
(3 -6.62749e-07 0)
(3.00695 0.000490216 0)
(2.07918 0.630252 0)
(1.15105 0.800845 0)
(1.10934 0.789317 0)
(1.11496 0.786299 0)
(1.12634 0.792943 0)
(1.15835 0.804975 0)
(1.21852 0.820831 0)
(1.29895 0.833922 0)
(1.39838 0.838514 0)
(3 -1.58258e-17 0)
(3 -3.36289e-16 0)
(3 -2.74788e-16 0)
(3 -9.37707e-17 0)
(3 5.01758e-17 0)
(3 -1.63811e-16 0)
(3 2.80438e-16 0)
(3 7.14218e-16 0)
(3 1.60698e-16 0)
(3 -3.67791e-16 0)
(3 9.47229e-17 0)
(3 3.00316e-16 0)
(3 4.74912e-17 0)
(3 -5.36221e-08 0)
(3.00003 1.5958e-06 0)
(3.00309 0.171402 0)
(1.42752 0.780207 0)
(1.16807 0.787211 0)
(1.1901 0.795054 0)
(1.19899 0.803398 0)
(1.22598 0.810154 0)
(1.27299 0.818105 0)
(1.33902 0.825299 0)
(1.42043 0.82813 0)
(3 1.0415e-16 0)
(3 3.45219e-16 0)
(3 1.84716e-17 0)
(3 6.3741e-16 0)
(3 1.01169e-15 0)
(3 9.9268e-16 0)
(3 6.8548e-16 0)
(3 9.24053e-16 0)
(3 6.56803e-16 0)
(3 6.12032e-17 0)
(3 -3.52596e-16 0)
(3 -1.18009e-15 0)
(3 -9.73886e-16 0)
(3 -2.3792e-10 0)
(3 -1.15357e-06 0)
(3.02349 0.00336905 0)
(1.89499 0.714807 0)
(1.20194 0.837775 0)
(1.20384 0.832589 0)
(1.2338 0.836757 0)
(1.27088 0.843087 0)
(1.3167 0.846771 0)
(1.37301 0.84648 0)
(1.43947 0.842398 0)
(3 -1.41778e-16 0)
(3 3.57398e-16 0)
(3 1.28535e-15 0)
(3 1.5878e-15 0)
(3 6.0556e-16 0)
(3 4.95903e-16 0)
(3 1.01061e-15 0)
(3 9.41743e-16 0)
(3 8.7338e-16 0)
(3 7.54065e-16 0)
(3 2.41622e-16 0)
(3 -1.40632e-16 0)
(3 -6.49009e-16 0)
(3 -4.14031e-13 0)
(3 -2.16114e-07 0)
(3.00022 4.68688e-05 0)
(2.89687 0.282172 0)
(1.44372 0.845417 0)
(1.23809 0.819845 0)
(1.27995 0.830883 0)
(1.31609 0.842184 0)
(1.36318 0.846323 0)
(1.41342 0.844906 0)
(1.4704 0.837931 0)
(3 -6.05372e-17 0)
(3 2.04519e-16 0)
(3 8.51942e-16 0)
(3 2.98356e-16 0)
(3 -2.39125e-16 0)
(3 -6.08595e-16 0)
(3 -4.3942e-16 0)
(3 -4.48663e-16 0)
(3 -8.19696e-17 0)
(3 1.57844e-16 0)
(3 1.23561e-17 0)
(3 -1.87562e-16 0)
(3 -2.45564e-16 0)
(3 4.42932e-16 0)
(3 -6.24098e-09 0)
(3 -3.4531e-07 0)
(3.03375 0.00992552 0)
(1.92754 0.74544 0)
(1.28763 0.867828 0)
(1.2959 0.864439 0)
(1.33601 0.866114 0)
(1.38211 0.867744 0)
(1.43249 0.865789 0)
(1.48885 0.857091 0)
(3 9.29325e-17 0)
(3 9.95601e-17 0)
(3 -3.87625e-16 0)
(3 -7.73056e-16 0)
(3 -4.60809e-16 0)
(3 -6.28345e-16 0)
(3 -1.53259e-15 0)
(3 -1.66504e-15 0)
(3 -1.19247e-15 0)
(3 -8.56406e-16 0)
(3 -8.61876e-16 0)
(3 -7.37357e-16 0)
(3 -6.11156e-16 0)
(3 9.65622e-16 0)
(3 -2.21784e-11 0)
(3 -8.5125e-08 0)
(3.00052 0.000235273 0)
(2.87724 0.292803 0)
(1.54699 0.890061 0)
(1.32615 0.857957 0)
(1.37026 0.860017 0)
(1.40838 0.8629 0)
(1.45633 0.861904 0)
(1.51125 0.855764 0)
(3 1.39323e-16 0)
(3 -6.10068e-16 0)
(3 -7.71373e-16 0)
(3 -5.28182e-16 0)
(3 -9.50798e-17 0)
(3 1.82721e-17 0)
(3 1.07519e-16 0)
(3 3.68729e-16 0)
(3 6.7135e-16 0)
(3 9.58828e-18 0)
(3 -3.11003e-16 0)
(3 -1.25771e-16 0)
(3 1.98665e-17 0)
(3 3.48218e-16 0)
(3 -5.99294e-15 0)
(3 -7.24142e-09 0)
(3 3.22655e-07 0)
(3.02527 0.0131863 0)
(2.14375 0.736361 0)
(1.39762 0.90218 0)
(1.39158 0.895024 0)
(1.42737 0.886544 0)
(1.46852 0.880389 0)
(1.51518 0.874339 0)
(3 -1.08405e-16 0)
(3 -6.55937e-16 0)
(3 -5.80967e-16 0)
(3 3.05072e-16 0)
(3 9.22868e-16 0)
(3 1.01882e-15 0)
(3 1.08105e-15 0)
(3 1.91815e-15 0)
(3 1.5664e-15 0)
(3 5.43585e-16 0)
(3 1.15996e-16 0)
(3 4.59749e-16 0)
(3 7.80298e-16 0)
(3 3.10146e-16 0)
(3 8.47641e-16 0)
(3 -2.19067e-10 0)
(3 -1.73316e-10 0)
(3.00034 0.000360252 0)
(2.95067 0.203721 0)
(1.74567 0.88131 0)
(1.42474 0.903393 0)
(1.46614 0.894064 0)
(1.49676 0.884405 0)
(1.53353 0.875113 0)
(3 5.87573e-17 0)
(3 1.18847e-16 0)
(3 1.30926e-16 0)
(3 2.37368e-16 0)
(3 1.59901e-16 0)
(3 4.23366e-16 0)
(3 3.40432e-16 0)
(3 4.02589e-16 0)
(3 4.75574e-17 0)
(3 -2.79711e-16 0)
(3 -6.61451e-17 0)
(3 3.94578e-16 0)
(3 5.31323e-16 0)
(3 8.21539e-16 0)
(3 1.43029e-15 0)
(3 -1.32974e-12 0)
(3 -4.9233e-11 0)
(3 6.46827e-07 0)
(3.00925 0.0105976 0)
(2.52125 0.600245 0)
(1.54671 0.949897 0)
(1.48829 0.926331 0)
(1.51902 0.91143 0)
(1.54994 0.8971 0)
(3 8.1566e-18 0)
(3 2.55568e-16 0)
(3 7.46602e-16 0)
(3 7.97205e-16 0)
(3 3.91421e-16 0)
(3 3.77158e-16 0)
(3 6.0912e-17 0)
(3 -8.81599e-16 0)
(3 -8.45492e-16 0)
(3 -2.32537e-16 0)
(3 -2.29474e-17 0)
(3 1.35761e-16 0)
(3 5.90583e-16 0)
(3 7.23856e-16 0)
(3 1.24742e-15 0)
(3 -9.08569e-16 0)
(3 -5.85774e-12 0)
(3 1.42079e-10 0)
(3.00004 0.000199299 0)
(3.01901 0.0821098 0)
(2.04213 0.809662 0)
(1.55191 0.934579 0)
(1.55793 0.924568 0)
(1.5862 0.905272 0)
(3 -1.25344e-16 0)
(3 1.30208e-16 0)
(3 5.51516e-16 0)
(3 5.41087e-16 0)
(3 2.12189e-16 0)
(3 7.95083e-17 0)
(3 -4.10917e-16 0)
(3 -1.1473e-15 0)
(3 -1.19229e-15 0)
(3 -5.24347e-16 0)
(3 2.19776e-16 0)
(3 4.37721e-16 0)
(3 1.0527e-15 0)
(3 1.2155e-15 0)
(3 1.09285e-15 0)
(3 7.50238e-16 0)
(3 -2.49632e-13 0)
(3 -4.21649e-13 0)
(3 2.76217e-07 0)
(3.00178 0.00402292 0)
(2.81721 0.324554 0)
(1.81757 0.901331 0)
(1.58405 0.94895 0)
(1.61161 0.933842 0)
(3 -2.32027e-16 0)
(3 -2.77137e-16 0)
(3 -1.29297e-16 0)
(3 -2.92234e-16 0)
(3 -4.11433e-16 0)
(3 -7.5746e-16 0)
(3 -7.87638e-16 0)
(3 -9.15305e-16 0)
(3 -6.18265e-16 0)
(3 -7.23473e-17 0)
(3 1.16082e-15 0)
(3 1.45285e-15 0)
(3 1.20318e-15 0)
(3 1.819e-15 0)
(3 1.64641e-15 0)
(3 2.16071e-15 0)
(3 -1.36641e-15 0)
(3 -1.69428e-13 0)
(3 1.05091e-10 0)
(3 2.76857e-05 0)
(3.00436 0.0245263 0)
(2.47859 0.592744 0)
(1.72002 0.960829 0)
(1.6201 0.951121 0)
(3 2.58346e-16 0)
(3 6.23701e-17 0)
(3 -3.13059e-16 0)
(3 -3.2629e-17 0)
(3 -5.00978e-16 0)
(3 -7.66029e-16 0)
(3 -1.28676e-15 0)
(3 -7.2774e-16 0)
(3 -2.18516e-16 0)
(3 -1.46061e-16 0)
(3 3.87194e-16 0)
(3 7.41222e-16 0)
(3 8.10039e-16 0)
(3 9.36686e-16 0)
(3 1.2262e-15 0)
(3 1.39049e-15 0)
(3 1.54769e-15 0)
(3 -3.02025e-14 0)
(3 -2.01788e-14 0)
(3 2.11595e-08 0)
(2.99999 0.000680702 0)
(2.97797 0.0927325 0)
(2.19993 0.771174 0)
(1.68416 0.95994 0)
(3 4.57185e-16 0)
(3 9.45968e-16 0)
(3 3.67298e-16 0)
(3 3.2163e-16 0)
(3 -1.61288e-16 0)
(3 -2.68483e-16 0)
(3 -4.78126e-16 0)
(3 4.6993e-17 0)
(3 2.49129e-16 0)
(3 6.58004e-17 0)
(3 -5.69577e-16 0)
(3 -4.9266e-16 0)
(3 6.81536e-17 0)
(3 -4.88845e-17 0)
(3 2.98781e-16 0)
(3 8.00139e-17 0)
(3 -8.56007e-17 0)
(3 -1.46469e-15 0)
(3 -9.81717e-15 0)
(3 8.13544e-12 0)
(3 1.57521e-06 0)
(3.00005 0.00478436 0)
(2.86465 0.254433 0)
(2.00612 0.857978 0)
(3 -8.39563e-17 0)
(3 1.03883e-16 0)
(3 3.18389e-16 0)
(3 -1.98454e-16 0)
(3 3.52698e-17 0)
(3 -1.1052e-16 0)
(3 5.08346e-16 0)
(3 8.5583e-16 0)
(3 8.40299e-16 0)
(3 7.2735e-16 0)
(3 -7.35743e-17 0)
(3 -3.75291e-16 0)
(3 -3.40688e-16 0)
(3 5.25402e-16 0)
(3 3.43507e-16 0)
(3 6.97676e-17 0)
(3 -7.64903e-17 0)
(3 -1.51448e-16 0)
(3 -2.16111e-15 0)
(3 -1.29145e-15 0)
(3 1.14522e-09 0)
(2.99999 3.33461e-05 0)
(2.99826 0.018853 0)
(2.66242 0.440997 0)
(3 -1.24695e-16 0)
(3 -8.4113e-17 0)
(3 1.54837e-16 0)
(3 -3.85134e-16 0)
(3 -7.76494e-16 0)
(3 -7.58821e-16 0)
(3 -1.34828e-17 0)
(3 3.43004e-16 0)
(3 9.54723e-16 0)
(3 1.03133e-15 0)
(3 9.31925e-16 0)
(3 4.10866e-16 0)
(3 6.45377e-17 0)
(3 1.23263e-16 0)
(3 -4.40867e-16 0)
(3 -8.25812e-16 0)
(3 -2.46236e-16 0)
(3 -1.30631e-16 0)
(3 -2.55568e-16 0)
(3 -1.16712e-15 0)
(3 2.10123e-13 0)
(3 3.58148e-08 0)
(2.99992 0.00036814 0)
(2.98772 0.047624 0)
(3 -1.8303e-17 0)
(3 -2.17815e-16 0)
(3 -5.03628e-16 0)
(3 6.03741e-17 0)
(3 3.04749e-17 0)
(3 1.90793e-16 0)
(3 2.10506e-16 0)
(3 5.18666e-16 0)
(3 2.96245e-16 0)
(3 7.69402e-17 0)
(3 3.19425e-16 0)
(3 6.72196e-16 0)
(3 3.67433e-16 0)
(3 -4.43944e-16 0)
(3 -8.69549e-16 0)
(3 -1.16968e-15 0)
(3 -1.09454e-15 0)
(3 -7.90473e-16 0)
(3 -5.23522e-16 0)
(3 -5.78424e-16 0)
(3 2.80816e-16 0)
(3 1.65077e-11 0)
(3 7.06295e-07 0)
(2.99972 0.00181349 0)
(3 -5.0467e-17 0)
(3 -2.05963e-16 0)
(3 -3.05589e-16 0)
(3 2.35843e-16 0)
(3 9.28123e-16 0)
(3 9.19133e-16 0)
(3 5.74226e-16 0)
(3 2.19638e-16 0)
(3 -3.6513e-16 0)
(3 -3.97754e-16 0)
(3 -2.50623e-16 0)
(3 -1.26509e-16 0)
(3 -4.14613e-16 0)
(3 -1.46782e-15 0)
(3 -1.303e-15 0)
(3 -8.23462e-16 0)
(3 -5.30065e-16 0)
(3 -8.96369e-17 0)
(3 3.14604e-16 0)
(3 1.0919e-15 0)
(3 9.33048e-16 0)
(3 3.09305e-15 0)
(3 6.20487e-10 0)
(3 6.52141e-06 0)
(3 -7.90105e-17 0)
(3 1.98397e-16 0)
(3 4.50902e-16 0)
(3 4.37711e-16 0)
(3 -1.42342e-16 0)
(3 -1.03579e-16 0)
(3 -2.08238e-17 0)
(3 -2.50735e-16 0)
(3 -2.45771e-16 0)
(3 -6.51756e-17 0)
(3 -1.02096e-16 0)
(3 -7.0569e-16 0)
(3 -5.27315e-16 0)
(3 -8.47868e-16 0)
(3 -6.83102e-16 0)
(3 -4.0942e-16 0)
(3 4.19092e-16 0)
(3 6.28025e-16 0)
(3 1.27549e-15 0)
(3 1.52362e-15 0)
(3 1.13623e-15 0)
(3 1.37014e-15 0)
(3 7.4672e-14 0)
(3 7.8545e-09 0)
(3 2.24263e-18 0)
(3 -5.02441e-17 0)
(3 -2.32795e-17 0)
(3 7.22758e-17 0)
(3 -3.03806e-16 0)
(3 -1.3271e-16 0)
(3 -6.24361e-17 0)
(3 1.31548e-16 0)
(3 3.16362e-16 0)
(3 7.12049e-17 0)
(3 -2.7781e-16 0)
(3 -3.23565e-16 0)
(3 -6.87972e-17 0)
(3 5.73697e-16 0)
(3 6.11053e-16 0)
(3 9.65055e-17 0)
(3 4.96052e-17 0)
(3 -9.20281e-17 0)
(3 4.99319e-16 0)
(3 1.02162e-15 0)
(3 1.07755e-15 0)
(3 9.5776e-16 0)
(3 3.37106e-16 0)
(3 1.87318e-12 0)
(3 1.25475e-16 0)
(3 1.36371e-16 0)
(3 -1.01779e-16 0)
(3 -6.15179e-16 0)
(3 4.00126e-16 0)
(3 5.22978e-16 0)
(3 3.3522e-16 0)
(3 1.00735e-16 0)
(3 -1.93852e-16 0)
(3 -2.42968e-17 0)
(3 -7.03826e-17 0)
(3 -4.47615e-17 0)
(3 1.72387e-16 0)
(3 -2.75754e-16 0)
(3 -4.46344e-16 0)
(3 -2.80699e-16 0)
(3 -6.6267e-16 0)
(3 -3.69672e-16 0)
(3 -2.0071e-16 0)
(3 -1.43117e-16 0)
(3 3.71929e-16 0)
(3 5.22062e-16 0)
(3 5.73559e-16 0)
(3 2.90269e-16 0)
(3 -1.35175e-16 0)
(3 -4.72442e-16 0)
(3 -5.74625e-16 0)
(3 -7.16072e-16 0)
(3 -6.78198e-16 0)
(3 4.01664e-17 0)
(3 5.26091e-16 0)
(3 6.33899e-16 0)
(3 -1.78067e-17 0)
(3 -2.64804e-16 0)
(3 -4.47604e-17 0)
(3 1.38604e-16 0)
(3 -4.87401e-16 0)
(3 -7.14254e-16 0)
(3 -7.5278e-16 0)
(3 -6.13402e-16 0)
(3 -1.34912e-15 0)
(3 -1.16538e-15 0)
(3 -6.65927e-16 0)
(3 -6.11371e-16 0)
(3 -5.84891e-16 0)
(3 -4.10545e-16 0)
(3 -3.06432e-16 0)
(3 -9.23411e-16 0)
(3 -2.88498e-16 0)
(3 -5.87151e-16 0)
(3 -1.63712e-15 0)
(3 -1.41131e-15 0)
(3 -1.15392e-15 0)
(3 -3.38358e-16 0)
(3 4.62742e-16 0)
(3 9.90801e-16 0)
(3 -4.83923e-17 0)
(3 -7.2649e-16 0)
(3 -1.97768e-16 0)
(3 3.13779e-16 0)
(3 -3.71806e-16 0)
(3 -1.12248e-16 0)
(3 2.90023e-16 0)
(3 -3.48205e-16 0)
(3 -4.74327e-16 0)
(3 -7.21289e-16 0)
(3 -1.01497e-15 0)
(3 -1.19262e-15 0)
(3 -1.48701e-15 0)
(3 -1.79182e-15 0)
(3 -2.05762e-15 0)
(3 -1.74852e-15 0)
(3 3.41303e-17 0)
(3 3.35945e-17 0)
(3 -5.43486e-16 0)
(3 -5.06755e-16 0)
(3 -1.92126e-16 0)
(3 2.51158e-17 0)
(3 3.27781e-16 0)
(3 3.89517e-16 0)
(3 -5.23043e-16 0)
(3 -7.58549e-16 0)
(3 -4.30906e-16 0)
(3 2.89245e-16 0)
(3 4.19462e-16 0)
(3 1.53077e-16 0)
(3 2.57221e-16 0)
(3 8.35934e-17 0)
(3 3.45551e-16 0)
(3 2.93548e-16 0)
(3 -8.35901e-16 0)
(3 -1.05569e-15 0)
(3 -1.18554e-15 0)
(3 -1.26096e-15 0)
(3 -1.12924e-15 0)
(3 -9.46554e-16 0)
(1.54315 1.23133 0)
(2.04385 1.46547 0)
(2.18927 1.65318 0)
(2.22326 0.759194 0)
(2.49662 0.371832 0)
(2.61427 0.00164931 0)
(2.65241 -0.231376 0)
(2.63078 -0.283345 0)
(2.50501 -0.270969 0)
(2.42685 -0.352024 0)
(2.41236 -0.368242 0)
(2.39962 -0.257783 0)
(2.4018 -0.154681 0)
(2.4114 -0.118314 0)
(2.4362 -0.0973238 0)
(2.42298 -0.071948 0)
(2.40151 -0.056025 0)
(2.37778 -0.0453817 0)
(2.3667 -0.0270638 0)
(2.37595 -0.0149273 0)
(2.40218 -0.00971787 0)
(2.41944 -0.0125434 0)
(2.41041 -0.0150569 0)
(2.39856 -0.0166402 0)
(2.37817 -0.0113448 0)
(2.36922 -0.00351108 0)
(2.37108 0.00062241 0)
(2.38939 0.0011874 0)
(2.41475 -0.00417485 0)
(2.41875 -0.00915666 0)
(2.41632 -0.0109 0)
(2.40538 -0.00952063 0)
(2.39314 -0.00278479 0)
(2.39378 0.00220736 0)
(2.39936 0.0054873 0)
(2.39476 -0.00777475 0)
(2.23914 -0.115582 0)
(1.35094 -0.164863 0)
(1.06723 -0.122047 0)
(1.13806 -0.0966428 0)
(1.20949 -0.0719031 0)
(1.2675 -0.0431639 0)
(1.35161 -0.028047 0)
(1.40641 -0.024313 0)
(1.43713 -0.0186495 0)
(1.46402 -0.0109983 0)
(1.49058 -0.00661645 0)
(1.52575 -0.00496303 0)
(1.56086 -0.00512639 0)
(1.58701 -0.00531892 0)
(1.61184 -0.00525119 0)
(1.63725 -0.00530482 0)
(1.6656 -0.00468473 0)
(1.69658 -0.00245551 0)
(1.72192 -0.000668318 0)
(1.74375 0.00155521 0)
(1.7594 0.003953 0)
(1.77585 0.00507184 0)
(1.79653 0.00520674 0)
(1.82044 0.0048807 0)
(1.8511 0.00338241 0)
(1.87839 0.000755399 0)
(1.90211 0.000268477 0)
(1.92385 0.00105441 0)
(1.93788 0.00345493 0)
(1.94402 0.00702369 0)
(1.95336 0.0093486 0)
(1.9705 0.00963814 0)
(1.98995 0.00952791 0)
(2.01195 0.00870931 0)
(2.03686 0.00672684 0)
(2.05854 0.00511483 0)
(2.0794 0.00484803 0)
(2.09612 0.00526758 0)
(2.09995 0.00653299 0)
(2.09818 0.00819975 0)
(2.11018 0.00854088 0)
(2.1289 0.00851014 0)
(2.14829 0.00838769 0)
(2.16926 0.00779888 0)
(2.19322 0.00655257 0)
(2.21475 0.0054285 0)
(2.23433 0.00511387 0)
(2.24975 0.00478576 0)
(2.249 0.00603785 0)
(2.23924 0.00864354 0)
(2.24893 0.00977016 0)
(2.26765 0.0102066 0)
(2.28624 0.0105494 0)
(2.30646 0.0110502 0)
(2.33076 0.0103564 0)
(2.34922 0.00799995 0)
(2.36523 0.00710019 0)
(2.37894 0.00618851 0)
(2.37418 0.0070138 0)
(2.36943 0.0103327 0)
(1.7777 1.06474 0)
(2.30113 0.755309 0)
(2.5444 0.544448 0)
(2.6057 0.171519 0)
(2.71465 -0.289411 0)
(2.66547 -0.451448 0)
(2.71914 -0.54881 0)
(2.74974 -0.621099 0)
(2.7467 -0.587492 0)
(2.70557 -0.529578 0)
(2.62792 -0.455287 0)
(2.51154 -0.309857 0)
(2.46004 -0.178148 0)
(2.46048 -0.113875 0)
(2.47386 -0.0999073 0)
(2.47221 -0.0613004 0)
(2.46648 -0.0452954 0)
(2.45576 -0.0264484 0)
(2.43518 -0.00168888 0)
(2.42429 0.0158415 0)
(2.42507 0.0253787 0)
(2.43112 0.0143853 0)
(2.43205 -0.017342 0)
(2.43072 -0.0445676 0)
(2.42569 -0.0460539 0)
(2.4181 -0.0236307 0)
(2.41868 0.00967999 0)
(2.42341 0.024734 0)
(2.42682 0.0181355 0)
(2.43479 -0.00176082 0)
(2.43885 -0.0208826 0)
(2.43847 -0.0251751 0)
(2.43539 -0.0168602 0)
(2.43032 0.010343 0)
(2.41772 -0.00427274 0)
(2.35889 -0.114327 0)
(1.98958 -0.525846 0)
(1.75162 -0.440343 0)
(1.31846 -0.145236 0)
(1.27528 -0.0364746 0)
(1.29992 -0.0196018 0)
(1.32498 0.00291474 0)
(1.37566 0.00283817 0)
(1.42286 -0.0123134 0)
(1.46214 -0.0225846 0)
(1.49213 -0.0173777 0)
(1.51922 -0.00388832 0)
(1.54893 0.00889857 0)
(1.57618 0.00968863 0)
(1.60074 0.00462306 0)
(1.62532 -0.000605224 0)
(1.65166 -0.00380392 0)
(1.68096 -0.00349722 0)
(1.71041 -0.000958064 0)
(1.73546 0.000740768 0)
(1.75728 0.0044837 0)
(1.77359 0.00984126 0)
(1.78819 0.0157475 0)
(1.80741 0.0194801 0)
(1.82888 0.0209007 0)
(1.85409 0.01827 0)
(1.88014 0.0118813 0)
(1.90358 0.00577581 0)
(1.92502 0.000278592 0)
(1.94324 -0.00321982 0)
(1.95739 0.00141511 0)
(1.96945 0.0133467 0)
(1.98161 0.0242251 0)
(1.99793 0.0290465 0)
(2.01728 0.0298651 0)
(2.03848 0.0271766 0)
(2.06093 0.0207508 0)
(2.08137 0.013835 0)
(2.09877 0.00667082 0)
(2.10918 0.00423632 0)
(2.11193 0.0124451 0)
(2.11783 0.021961 0)
(2.13328 0.0251648 0)
(2.15224 0.025942 0)
(2.17169 0.0263458 0)
(2.1928 0.0244208 0)
(2.2136 0.0192381 0)
(2.23279 0.0128704 0)
(2.24929 0.00503549 0)
(2.25763 0.000931511 0)
(2.25615 0.0111385 0)
(2.25757 0.0256603 0)
(2.27044 0.0319604 0)
(2.28766 0.0335169 0)
(2.30479 0.0348131 0)
(2.32502 0.0328132 0)
(2.3459 0.0267468 0)
(2.36304 0.0197143 0)
(2.37833 0.0109246 0)
(2.38386 0.0041124 0)
(2.38378 0.0177932 0)
(1.66241 1.0516 0)
(2.0483 0.882741 0)
(2.36613 0.589235 0)
(2.52473 0.377331 0)
(2.61842 0.178245 0)
(2.64522 0.00704648 0)
(2.65887 -0.132374 0)
(2.71517 -0.249859 0)
(2.78212 -0.323976 0)
(2.81736 -0.414705 0)
(2.81874 -0.463126 0)
(2.75407 -0.460601 0)
(2.65469 -0.403213 0)
(2.64094 -0.347793 0)
(2.64297 -0.292165 0)
(2.61537 -0.200645 0)
(2.60058 -0.156455 0)
(2.58686 -0.137065 0)
(2.55837 -0.0859819 0)
(2.52215 -0.0320681 0)
(2.49525 -0.0066886 0)
(2.48361 0.00280726 0)
(2.47946 0.00484305 0)
(2.48309 -0.000959 0)
(2.50097 -0.0240669 0)
(2.50267 -0.0291595 0)
(2.49768 -0.0220893 0)
(2.48716 -0.00950182 0)
(2.47448 -0.00614881 0)
(2.47588 -0.0133585 0)
(2.47924 -0.0193954 0)
(2.48842 -0.0227795 0)
(2.4899 -0.0180147 0)
(2.46964 -0.0446369 0)
(2.39042 -0.166403 0)
(2.15143 -0.41235 0)
(1.89949 -0.6027 0)
(1.91443 -0.672919 0)
(1.75135 -0.452938 0)
(1.51769 -0.180595 0)
(1.44394 -0.0686616 0)
(1.43344 -0.0111829 0)
(1.45627 -0.0249456 0)
(1.4915 -0.0584931 0)
(1.52897 -0.0578791 0)
(1.55617 -0.0473831 0)
(1.58263 -0.0287784 0)
(1.60538 -0.0108895 0)
(1.62261 -0.000575546 0)
(1.64142 -0.00183438 0)
(1.66329 -0.00709635 0)
(1.68912 -0.0120291 0)
(1.71845 -0.0121496 0)
(1.74547 -0.0104401 0)
(1.76926 -0.00794582 0)
(1.7882 -0.0031916 0)
(1.80254 0.000950619 0)
(1.81735 0.00633646 0)
(1.83591 0.013667 0)
(1.8553 0.0209647 0)
(1.87423 0.0257694 0)
(1.89328 0.0262646 0)
(1.91191 0.0229524 0)
(1.93159 0.0176396 0)
(1.95312 0.0136426 0)
(1.97409 0.0124683 0)
(1.99339 0.0160749 0)
(2.0087 0.0262001 0)
(2.02029 0.0364904 0)
(2.03293 0.0405758 0)
(2.04906 0.040195 0)
(2.0663 0.0376697 0)
(2.08267 0.0323252 0)
(2.09759 0.0252047 0)
(2.11276 0.0198851 0)
(2.12694 0.0203586 0)
(2.13756 0.0287229 0)
(2.14693 0.0380463 0)
(2.16247 0.0408801 0)
(2.18139 0.0404638 0)
(2.20045 0.0389237 0)
(2.21817 0.035138 0)
(2.23393 0.0282053 0)
(2.24684 0.0198515 0)
(2.25859 0.0140134 0)
(2.2707 0.0161173 0)
(2.2806 0.0295174 0)
(2.28634 0.0473679 0)
(2.29544 0.0558043 0)
(2.31248 0.0561592 0)
(2.3294 0.0541293 0)
(2.34588 0.0477871 0)
(2.36031 0.0381253 0)
(2.37225 0.0271581 0)
(2.3808 0.020012 0)
(2.39577 0.0274113 0)
(1.60142 0.978866 0)
(1.89336 0.876279 0)
(2.13895 0.72193 0)
(2.34782 0.522878 0)
(2.48424 0.319266 0)
(2.56984 0.151979 0)
(2.59825 0.0514899 0)
(2.66847 -0.123323 0)
(2.73445 -0.280664 0)
(2.7523 -0.381444 0)
(2.78894 -0.450044 0)
(2.81598 -0.503593 0)
(2.79371 -0.481776 0)
(2.75285 -0.440445 0)
(2.73115 -0.410352 0)
(2.70193 -0.353942 0)
(2.69195 -0.322305 0)
(2.69527 -0.307687 0)
(2.67712 -0.245837 0)
(2.63888 -0.163422 0)
(2.60047 -0.109515 0)
(2.56744 -0.0725462 0)
(2.54975 -0.048031 0)
(2.5375 -0.0403049 0)
(2.54112 -0.0314446 0)
(2.55571 -0.00953743 0)
(2.55659 0.00502016 0)
(2.55019 0.00922374 0)
(2.52919 0.00220169 0)
(2.5153 -0.00113008 0)
(2.52298 0.00211217 0)
(2.52923 0.00759057 0)
(2.52685 -0.0137763 0)
(2.4042 -0.175922 0)
(2.21261 -0.424751 0)
(1.98061 -0.624088 0)
(1.94371 -0.643206 0)
(1.97111 -0.678734 0)
(1.95949 -0.64825 0)
(1.85076 -0.485307 0)
(1.67879 -0.233398 0)
(1.57184 -0.0630906 0)
(1.54092 -0.0308448 0)
(1.56604 -0.0129134 0)
(1.59866 -0.0108461 0)
(1.62599 -0.014319 0)
(1.65347 -0.0134362 0)
(1.67346 -0.0116471 0)
(1.68639 -0.00212991 0)
(1.69662 0.00622983 0)
(1.71493 0.00628402 0)
(1.73776 0.00450906 0)
(1.76426 0.00176248 0)
(1.78923 0.00143846 0)
(1.8122 0.00377599 0)
(1.83057 0.00878298 0)
(1.8448 0.0136039 0)
(1.859 0.0170495 0)
(1.87482 0.0188097 0)
(1.89079 0.0193161 0)
(1.9058 0.0192671 0)
(1.92062 0.019033 0)
(1.93714 0.020053 0)
(1.9565 0.0234707 0)
(1.97734 0.0279688 0)
(1.99869 0.0324376 0)
(2.01905 0.0356597 0)
(2.03742 0.038833 0)
(2.04984 0.0441032 0)
(2.05598 0.0475841 0)
(2.06551 0.0451642 0)
(2.07943 0.0404204 0)
(2.0943 0.0364443 0)
(2.11022 0.0351088 0)
(2.12805 0.0359528 0)
(2.1463 0.0376198 0)
(2.16215 0.0420276 0)
(2.17151 0.05043 0)
(2.17882 0.0557744 0)
(2.19314 0.0536963 0)
(2.20991 0.049248 0)
(2.22586 0.0433613 0)
(2.23911 0.036473 0)
(2.25221 0.0318921 0)
(2.2689 0.0320963 0)
(2.28663 0.0341842 0)
(2.30319 0.0394808 0)
(2.31373 0.0515606 0)
(2.3168 0.0666385 0)
(2.32301 0.072594 0)
(2.33569 0.0699717 0)
(2.34859 0.0648374 0)
(2.36013 0.057434 0)
(2.37108 0.0484581 0)
(2.38318 0.0441897 0)
(2.40774 0.0455678 0)
(1.56399 0.939768 0)
(1.80181 0.853732 0)
(2.00096 0.748359 0)
(2.16354 0.643447 0)
(2.3435 0.449161 0)
(2.44736 0.261177 0)
(2.51245 0.183571 0)
(2.53472 0.13131 0)
(2.59211 0.00126061 0)
(2.66647 -0.142527 0)
(2.69414 -0.226155 0)
(2.72706 -0.292155 0)
(2.75544 -0.316608 0)
(2.75095 -0.339644 0)
(2.71469 -0.361814 0)
(2.71018 -0.367318 0)
(2.71644 -0.392253 0)
(2.73138 -0.416049 0)
(2.73181 -0.383029 0)
(2.71679 -0.317019 0)
(2.68876 -0.251326 0)
(2.65908 -0.20242 0)
(2.616 -0.14579 0)
(2.58675 -0.100885 0)
(2.58246 -0.0677064 0)
(2.59396 -0.045143 0)
(2.59275 -0.0367502 0)
(2.58516 -0.0264891 0)
(2.56613 -0.0133738 0)
(2.55046 -0.00226439 0)
(2.55125 0.00297901 0)
(2.54547 -0.00715799 0)
(2.47586 -0.107273 0)
(2.18108 -0.41205 0)
(1.96928 -0.653557 0)
(1.95929 -0.638543 0)
(1.99411 -0.637487 0)
(2.00949 -0.641068 0)
(2.01714 -0.653671 0)
(2.01558 -0.635625 0)
(1.94739 -0.533571 0)
(1.80056 -0.309508 0)
(1.67954 -0.131542 0)
(1.64228 -0.0456871 0)
(1.63778 -0.00813422 0)
(1.6599 0.00335061 0)
(1.69614 -0.00472268 0)
(1.72057 -0.0136489 0)
(1.73834 -0.0118929 0)
(1.74838 -0.000435954 0)
(1.76081 0.00918507 0)
(1.78156 0.00971905 0)
(1.80319 0.00646977 0)
(1.82389 0.00399425 0)
(1.84568 0.00584954 0)
(1.86599 0.0129449 0)
(1.88479 0.0193422 0)
(1.90181 0.0235041 0)
(1.91578 0.0267897 0)
(1.92705 0.0286643 0)
(1.93753 0.0293239 0)
(1.95002 0.0302738 0)
(1.96666 0.0329565 0)
(1.98579 0.0370792 0)
(2.0058 0.0424492 0)
(2.02599 0.0476728 0)
(2.0454 0.0513438 0)
(2.06367 0.054022 0)
(2.07773 0.0569599 0)
(2.08233 0.0597819 0)
(2.08475 0.0577728 0)
(2.0965 0.0520517 0)
(2.11269 0.0484084 0)
(2.13078 0.0477975 0)
(2.15002 0.0488658 0)
(2.16969 0.0517818 0)
(2.18794 0.0565537 0)
(2.19994 0.0641711 0)
(2.20137 0.0720725 0)
(2.20442 0.0705602 0)
(2.21672 0.062066 0)
(2.23169 0.0524895 0)
(2.24803 0.0457111 0)
(2.26518 0.0446468 0)
(2.28462 0.0472582 0)
(2.30355 0.0522713 0)
(2.32184 0.0573176 0)
(2.33737 0.0652717 0)
(2.34259 0.0782146 0)
(2.33762 0.0881317 0)
(2.34052 0.08496 0)
(2.35111 0.076474 0)
(2.36355 0.0683912 0)
(2.37866 0.0633674 0)
(2.3927 0.0640324 0)
(2.41954 0.0670944 0)
(1.53872 0.893954 0)
(1.72855 0.839801 0)
(1.91618 0.739533 0)
(2.05868 0.665135 0)
(2.17495 0.572903 0)
(2.31461 0.411974 0)
(2.4144 0.278444 0)
(2.47436 0.175086 0)
(2.51525 0.113996 0)
(2.53071 0.0689882 0)
(2.60203 -0.0328351 0)
(2.66411 -0.146018 0)
(2.6842 -0.242908 0)
(2.70553 -0.305775 0)
(2.72125 -0.355434 0)
(2.72016 -0.387772 0)
(2.7301 -0.388799 0)
(2.72874 -0.386748 0)
(2.73028 -0.398961 0)
(2.73673 -0.406728 0)
(2.7318 -0.388811 0)
(2.71615 -0.352906 0)
(2.68741 -0.304141 0)
(2.64364 -0.207759 0)
(2.62141 -0.120269 0)
(2.61466 -0.0881044 0)
(2.61276 -0.0824741 0)
(2.60123 -0.0597655 0)
(2.59224 -0.0502025 0)
(2.58223 -0.0266782 0)
(2.56295 -0.0378156 0)
(2.45317 -0.158858 0)
(2.25158 -0.374794 0)
(1.97301 -0.612987 0)
(1.936 -0.699915 0)
(1.95572 -0.671093 0)
(1.99907 -0.643257 0)
(2.02492 -0.63288 0)
(2.04389 -0.64174 0)
(2.04343 -0.654927 0)
(2.04029 -0.643538 0)
(2.00653 -0.577037 0)
(1.88891 -0.382448 0)
(1.76425 -0.159915 0)
(1.69018 -0.0298238 0)
(1.68789 -0.00135678 0)
(1.71035 0.00129912 0)
(1.73864 0.00850252 0)
(1.76269 0.00521696 0)
(1.78293 0.00578329 0)
(1.79559 0.00959824 0)
(1.8103 0.0125072 0)
(1.8279 0.0142091 0)
(1.84533 0.0165299 0)
(1.86519 0.0213119 0)
(1.88813 0.0267035 0)
(1.91189 0.0283906 0)
(1.93308 0.0314898 0)
(1.94818 0.0350744 0)
(1.95734 0.0360492 0)
(1.96487 0.0367999 0)
(1.97664 0.0405761 0)
(1.9933 0.0463896 0)
(2.01168 0.052878 0)
(2.0302 0.0592337 0)
(2.04854 0.0636178 0)
(2.06696 0.065323 0)
(2.08483 0.0652068 0)
(2.09965 0.0643574 0)
(2.10678 0.0651096 0)
(2.10718 0.0679293 0)
(2.11718 0.0688409 0)
(2.13437 0.0685045 0)
(2.15226 0.0674363 0)
(2.17119 0.0664472 0)
(2.19037 0.0669355 0)
(2.20986 0.0686251 0)
(2.22487 0.0725192 0)
(2.22633 0.0777968 0)
(2.21927 0.0787422 0)
(2.22562 0.0736793 0)
(2.2412 0.0697781 0)
(2.25778 0.0683593 0)
(2.27631 0.066083 0)
(2.299 0.0654694 0)
(2.31813 0.0684558 0)
(2.33651 0.0723366 0)
(2.35463 0.0776887 0)
(2.36596 0.0866186 0)
(2.35748 0.0977574 0)
(2.34485 0.0994347 0)
(2.35345 0.0935643 0)
(2.36868 0.0900225 0)
(2.38491 0.0877533 0)
(2.40302 0.0860198 0)
(2.42903 0.0867193 0)
(1.52332 0.867702 0)
(1.67534 0.830758 0)
(1.83516 0.762778 0)
(1.97448 0.6893 0)
(2.10124 0.592042 0)
(2.20404 0.497028 0)
(2.27205 0.432324 0)
(2.37623 0.316807 0)
(2.4498 0.176193 0)
(2.49227 0.112771 0)
(2.51756 0.107993 0)
(2.55379 0.0416664 0)
(2.61852 -0.0669871 0)
(2.64765 -0.159226 0)
(2.67252 -0.215099 0)
(2.69371 -0.255417 0)
(2.69773 -0.253935 0)
(2.68402 -0.269827 0)
(2.68906 -0.323374 0)
(2.69953 -0.356557 0)
(2.71834 -0.381071 0)
(2.73328 -0.379472 0)
(2.73352 -0.371539 0)
(2.71341 -0.342982 0)
(2.69258 -0.298189 0)
(2.66132 -0.230425 0)
(2.63268 -0.145223 0)
(2.62693 -0.139817 0)
(2.62196 -0.0910749 0)
(2.62233 -0.0648532 0)
(2.48779 -0.203103 0)
(2.19266 -0.494236 0)
(2.07285 -0.580059 0)
(1.99629 -0.653494 0)
(1.9688 -0.675262 0)
(1.97894 -0.667758 0)
(2.001 -0.649725 0)
(2.02694 -0.63264 0)
(2.04226 -0.637579 0)
(2.04765 -0.642658 0)
(2.055 -0.642148 0)
(2.06244 -0.636335 0)
(2.05041 -0.584865 0)
(1.96778 -0.421192 0)
(1.83988 -0.192874 0)
(1.74514 -0.0502774 0)
(1.73013 -0.00207375 0)
(1.75636 0.0140138 0)
(1.77741 0.0184492 0)
(1.8034 0.00918846 0)
(1.82319 0.0057586 0)
(1.83179 0.0185706 0)
(1.84104 0.0304041 0)
(1.85929 0.0339985 0)
(1.87944 0.036297 0)
(1.90483 0.0396539 0)
(1.92801 0.0413911 0)
(1.95072 0.0436375 0)
(1.96981 0.0455276 0)
(1.98193 0.0456702 0)
(1.98866 0.0466044 0)
(1.99747 0.0510446 0)
(2.01255 0.0575764 0)
(2.03063 0.0645669 0)
(2.04882 0.0715002 0)
(2.06618 0.0768903 0)
(2.08285 0.0794669 0)
(2.09927 0.078985 0)
(2.11411 0.0768936 0)
(2.12452 0.0753696 0)
(2.12945 0.0778139 0)
(2.13781 0.0825903 0)
(2.15434 0.0846829 0)
(2.17212 0.0852179 0)
(2.19008 0.084359 0)
(2.20804 0.082724 0)
(2.22568 0.0812628 0)
(2.24052 0.0803985 0)
(2.24473 0.0818196 0)
(2.23588 0.0862169 0)
(2.24013 0.0890422 0)
(2.25541 0.0903894 0)
(2.27035 0.0915192 0)
(2.28661 0.0931005 0)
(2.30764 0.0938669 0)
(2.32863 0.0933206 0)
(2.34688 0.0930574 0)
(2.36571 0.0920578 0)
(2.37926 0.0904142 0)
(2.37516 0.0935795 0)
(2.35922 0.104 0)
(2.36412 0.110685 0)
(2.37912 0.112288 0)
(2.39518 0.112745 0)
(2.41029 0.111595 0)
(2.43666 0.106109 0)
(1.5101 0.840835 0)
(1.64295 0.812536 0)
(1.78558 0.761403 0)
(1.901 0.714239 0)
(2.02115 0.639572 0)
(2.13572 0.537274 0)
(2.21435 0.477018 0)
(2.27926 0.420668 0)
(2.36719 0.30771 0)
(2.4317 0.212176 0)
(2.47685 0.156035 0)
(2.51573 0.110411 0)
(2.53733 0.0652253 0)
(2.58044 -0.0135381 0)
(2.6255 -0.095551 0)
(2.64421 -0.160961 0)
(2.66247 -0.202328 0)
(2.68095 -0.234038 0)
(2.68242 -0.278619 0)
(2.69254 -0.312921 0)
(2.70756 -0.329851 0)
(2.72451 -0.346737 0)
(2.73316 -0.370468 0)
(2.73592 -0.372909 0)
(2.73219 -0.364318 0)
(2.71213 -0.332594 0)
(2.69454 -0.305911 0)
(2.67023 -0.265325 0)
(2.64871 -0.193943 0)
(2.59103 -0.249309 0)
(2.2305 -0.594389 0)
(2.08785 -0.703488 0)
(2.03683 -0.711883 0)
(2.01748 -0.701045 0)
(2.00724 -0.681087 0)
(2.00175 -0.655596 0)
(2.00851 -0.641245 0)
(2.01829 -0.632015 0)
(2.03411 -0.631838 0)
(2.05003 -0.632199 0)
(2.06584 -0.630784 0)
(2.08051 -0.625552 0)
(2.09177 -0.619321 0)
(2.08586 -0.576006 0)
(2.04074 -0.462964 0)
(1.93669 -0.278244 0)
(1.80666 -0.0839682 0)
(1.78485 0.00567618 0)
(1.80355 0.0156659 0)
(1.81804 0.0168064 0)
(1.8453 0.0170001 0)
(1.8563 0.0183312 0)
(1.86476 0.0339747 0)
(1.87637 0.0496246 0)
(1.89461 0.0547587 0)
(1.91529 0.0557456 0)
(1.93907 0.0547621 0)
(1.96114 0.0538871 0)
(1.98333 0.0550784 0)
(2.00164 0.0580059 0)
(2.01116 0.0625795 0)
(2.01442 0.0683522 0)
(2.02457 0.0733467 0)
(2.04253 0.0765968 0)
(2.06184 0.0794606 0)
(2.08109 0.0832536 0)
(2.0983 0.0880985 0)
(2.11215 0.0926622 0)
(2.12374 0.0946204 0)
(2.13483 0.0944723 0)
(2.14481 0.0958753 0)
(2.15417 0.0998388 0)
(2.16642 0.102942 0)
(2.18274 0.103093 0)
(2.20048 0.101593 0)
(2.21814 0.0987511 0)
(2.23477 0.0945301 0)
(2.24892 0.0894244 0)
(2.2572 0.0875891 0)
(2.25662 0.0956225 0)
(2.25545 0.10939 0)
(2.26695 0.116035 0)
(2.28186 0.118206 0)
(2.29716 0.120168 0)
(2.31573 0.120711 0)
(2.33569 0.117309 0)
(2.3523 0.114087 0)
(2.36846 0.10857 0)
(2.3803 0.100085 0)
(2.3835 0.0965272 0)
(2.3803 0.107539 0)
(2.37892 0.125157 0)
(2.38805 0.134624 0)
(2.40551 0.137594 0)
(2.41884 0.138753 0)
(2.44245 0.135768 0)
(1.5047 0.832084 0)
(1.62082 0.808119 0)
(1.73709 0.773018 0)
(1.84532 0.732704 0)
(1.95794 0.669331 0)
(2.06219 0.591492 0)
(2.14421 0.534686 0)
(2.2181 0.471663 0)
(2.29181 0.392062 0)
(2.34579 0.330908 0)
(2.41556 0.255827 0)
(2.46991 0.161236 0)
(2.50082 0.107776 0)
(2.51557 0.101863 0)
(2.52946 0.0552658 0)
(2.58601 -0.0234245 0)
(2.61826 -0.0978602 0)
(2.63929 -0.150677 0)
(2.65401 -0.164944 0)
(2.663 -0.19074 0)
(2.66578 -0.207398 0)
(2.66802 -0.23404 0)
(2.70112 -0.278966 0)
(2.71628 -0.334539 0)
(2.71978 -0.357162 0)
(2.73736 -0.348367 0)
(2.72399 -0.335034 0)
(2.70699 -0.341909 0)
(2.61243 -0.41794 0)
(2.32585 -0.700919 0)
(2.08898 -0.902623 0)
(2.0514 -0.894789 0)
(2.01954 -0.806062 0)
(2.02734 -0.758901 0)
(2.0257 -0.713688 0)
(2.0298 -0.676688 0)
(2.02654 -0.672288 0)
(2.02366 -0.65739 0)
(2.03127 -0.637894 0)
(2.05013 -0.627294 0)
(2.07141 -0.620007 0)
(2.0961 -0.611829 0)
(2.11221 -0.607785 0)
(2.12062 -0.603013 0)
(2.12548 -0.575462 0)
(2.1066 -0.504565 0)
(2.02689 -0.358601 0)
(1.91265 -0.154759 0)
(1.8666 -0.0352442 0)
(1.85768 0.00544392 0)
(1.86812 0.0255912 0)
(1.8821 0.0451165 0)
(1.89396 0.0475976 0)
(1.90375 0.0576473 0)
(1.91123 0.0701768 0)
(1.92771 0.0720241 0)
(1.94691 0.0704683 0)
(1.97194 0.0668353 0)
(1.99613 0.0655963 0)
(2.01831 0.0673411 0)
(2.03474 0.0734039 0)
(2.03766 0.0835918 0)
(2.03764 0.0904714 0)
(2.05389 0.0909476 0)
(2.07278 0.090529 0)
(2.09194 0.0903025 0)
(2.11138 0.0921827 0)
(2.12863 0.0971292 0)
(2.14141 0.105076 0)
(2.149 0.113586 0)
(2.15653 0.11783 0)
(2.16756 0.1187 0)
(2.17995 0.118742 0)
(2.19313 0.118783 0)
(2.20765 0.117753 0)
(2.22266 0.115133 0)
(2.23722 0.111174 0)
(2.25116 0.106893 0)
(2.26413 0.104632 0)
(2.27465 0.108135 0)
(2.27914 0.120571 0)
(2.28066 0.135867 0)
(2.29409 0.142083 0)
(2.3093 0.144029 0)
(2.32512 0.143169 0)
(2.34041 0.138428 0)
(2.35247 0.130211 0)
(2.36389 0.121849 0)
(2.37487 0.115003 0)
(2.38619 0.112123 0)
(2.39576 0.115738 0)
(2.40187 0.128887 0)
(2.40592 0.147686 0)
(2.41045 0.161723 0)
(2.42347 0.165301 0)
(2.44742 0.1628 0)
(1.51209 0.820516 0)
(1.61217 0.801576 0)
(1.71229 0.775902 0)
(1.81002 0.740214 0)
(1.91368 0.684632 0)
(2.00638 0.628632 0)
(2.07909 0.58544 0)
(2.16665 0.511663 0)
(2.24095 0.430906 0)
(2.29102 0.39524 0)
(2.33234 0.354488 0)
(2.40241 0.265447 0)
(2.45401 0.183624 0)
(2.48522 0.13884 0)
(2.51048 0.102499 0)
(2.5264 0.0766833 0)
(2.54307 0.0301616 0)
(2.5931 -0.0357426 0)
(2.61635 -0.0939508 0)
(2.63605 -0.136649 0)
(2.6563 -0.165959 0)
(2.66451 -0.178968 0)
(2.67221 -0.21436 0)
(2.69643 -0.255348 0)
(2.7095 -0.299226 0)
(2.72873 -0.324061 0)
(2.72054 -0.351518 0)
(2.6433 -0.465505 0)
(2.37706 -0.769651 0)
(2.09465 -0.974734 0)
(2.05379 -0.976859 0)
(2.04043 -0.944806 0)
(2.04548 -0.903567 0)
(2.05582 -0.868122 0)
(2.06547 -0.852951 0)
(2.07585 -0.823822 0)
(2.06916 -0.76922 0)
(2.06903 -0.72183 0)
(2.07997 -0.6977 0)
(2.08725 -0.662118 0)
(2.10457 -0.632628 0)
(2.12239 -0.616925 0)
(2.13055 -0.608216 0)
(2.14355 -0.602171 0)
(2.15957 -0.591747 0)
(2.17006 -0.56873 0)
(2.1644 -0.526202 0)
(2.1196 -0.42945 0)
(2.03461 -0.256215 0)
(1.95157 -0.0948097 0)
(1.91898 -0.0048015 0)
(1.92388 0.0377158 0)
(1.92715 0.0611002 0)
(1.93895 0.0695382 0)
(1.93723 0.0826351 0)
(1.9408 0.0887586 0)
(1.9622 0.0874681 0)
(1.98772 0.0810025 0)
(2.01528 0.0775479 0)
(2.03531 0.0793309 0)
(2.05401 0.0852666 0)
(2.06323 0.0963486 0)
(2.0581 0.108913 0)
(2.06254 0.112473 0)
(2.08056 0.111284 0)
(2.10009 0.109037 0)
(2.12043 0.106505 0)
(2.14004 0.106869 0)
(2.15856 0.111431 0)
(2.17144 0.122388 0)
(2.17493 0.136546 0)
(2.17541 0.143051 0)
(2.18652 0.140393 0)
(2.20202 0.136935 0)
(2.21711 0.134119 0)
(2.23113 0.131827 0)
(2.24441 0.12955 0)
(2.25828 0.127753 0)
(2.27294 0.127314 0)
(2.28772 0.128299 0)
(2.29964 0.133898 0)
(2.30437 0.149191 0)
(2.30379 0.163815 0)
(2.31012 0.164914 0)
(2.32403 0.160411 0)
(2.33841 0.154343 0)
(2.35104 0.146992 0)
(2.36179 0.141583 0)
(2.37438 0.139616 0)
(2.38962 0.139861 0)
(2.40527 0.141219 0)
(2.4195 0.144912 0)
(2.42807 0.154264 0)
(2.43086 0.170483 0)
(2.4358 0.179664 0)
(2.45247 0.177898 0)
(1.519 0.829533 0)
(1.60446 0.80981 0)
(1.68705 0.789768 0)
(1.77779 0.755954 0)
(1.87714 0.701481 0)
(1.95355 0.662078 0)
(2.01878 0.627965 0)
(2.10354 0.56724 0)
(2.18922 0.487979 0)
(2.2483 0.43735 0)
(2.28891 0.394618 0)
(2.33998 0.339732 0)
(2.38312 0.290767 0)
(2.43132 0.233305 0)
(2.47757 0.156035 0)
(2.49903 0.100472 0)
(2.5178 0.0936607 0)
(2.52447 0.0749155 0)
(2.57016 0.016908 0)
(2.60281 -0.0487561 0)
(2.6223 -0.0925226 0)
(2.64024 -0.120095 0)
(2.65128 -0.12546 0)
(2.67035 -0.160694 0)
(2.66431 -0.189683 0)
(2.66887 -0.249477 0)
(2.62068 -0.369367 0)
(2.37452 -0.687584 0)
(2.12722 -0.919503 0)
(2.01462 -0.973254 0)
(2.02124 -0.963069 0)
(2.04642 -0.942451 0)
(2.06621 -0.932539 0)
(2.08314 -0.933667 0)
(2.09447 -0.932963 0)
(2.10421 -0.921133 0)
(2.11985 -0.892249 0)
(2.13266 -0.863343 0)
(2.13358 -0.810416 0)
(2.13407 -0.753247 0)
(2.13993 -0.702913 0)
(2.14943 -0.673621 0)
(2.17715 -0.646531 0)
(2.194 -0.61981 0)
(2.19774 -0.602408 0)
(2.2019 -0.584262 0)
(2.21031 -0.56552 0)
(2.21564 -0.532028 0)
(2.2061 -0.477858 0)
(2.15524 -0.361488 0)
(2.05505 -0.168967 0)
(2.01039 -0.0376224 0)
(1.99391 0.0337288 0)
(1.98348 0.0606114 0)
(1.97039 0.0874655 0)
(1.96569 0.101986 0)
(1.98482 0.102605 0)
(2.00881 0.101312 0)
(2.03523 0.0964208 0)
(2.055 0.0941399 0)
(2.07208 0.0955331 0)
(2.0881 0.0999322 0)
(2.09288 0.11063 0)
(2.08823 0.126045 0)
(2.09619 0.131745 0)
(2.11388 0.131752 0)
(2.13278 0.129327 0)
(2.15244 0.126191 0)
(2.17118 0.125842 0)
(2.18973 0.128516 0)
(2.20205 0.137573 0)
(2.20208 0.153119 0)
(2.19805 0.162595 0)
(2.20935 0.159522 0)
(2.22517 0.155359 0)
(2.24044 0.151941 0)
(2.2554 0.15012 0)
(2.27063 0.150499 0)
(2.28573 0.151716 0)
(2.30077 0.153349 0)
(2.31563 0.15613 0)
(2.32726 0.161871 0)
(2.32892 0.17169 0)
(2.32457 0.178942 0)
(2.32914 0.177134 0)
(2.34094 0.171749 0)
(2.35486 0.166191 0)
(2.36976 0.162758 0)
(2.38566 0.163155 0)
(2.40101 0.165997 0)
(2.41662 0.169544 0)
(2.43225 0.172268 0)
(2.44496 0.175381 0)
(2.45042 0.183301 0)
(2.4503 0.191581 0)
(2.45795 0.192271 0)
(1.54032 0.823633 0)
(1.61149 0.808458 0)
(1.68229 0.788949 0)
(1.77138 0.752363 0)
(1.85126 0.718288 0)
(1.90997 0.695113 0)
(1.98999 0.64416 0)
(2.08197 0.569947 0)
(2.13899 0.535436 0)
(2.1679 0.514006 0)
(2.23766 0.449368 0)
(2.31014 0.359672 0)
(2.35428 0.320793 0)
(2.36696 0.314176 0)
(2.40279 0.260257 0)
(2.45666 0.178252 0)
(2.49068 0.133589 0)
(2.51177 0.109903 0)
(2.52956 0.0839268 0)
(2.54439 0.0520617 0)
(2.58244 0.000335877 0)
(2.60977 -0.0520165 0)
(2.62992 -0.0903594 0)
(2.64612 -0.0864293 0)
(2.64108 -0.161011 0)
(2.57258 -0.275304 0)
(2.31224 -0.608987 0)
(2.1178 -0.820068 0)
(2.01017 -0.90225 0)
(2.02813 -0.89873 0)
(2.04761 -0.896035 0)
(2.06342 -0.894107 0)
(2.08591 -0.908101 0)
(2.10481 -0.923345 0)
(2.12439 -0.932467 0)
(2.14675 -0.934894 0)
(2.15675 -0.92582 0)
(2.16425 -0.905789 0)
(2.18002 -0.88334 0)
(2.19115 -0.862599 0)
(2.20009 -0.834728 0)
(2.20608 -0.790865 0)
(2.21719 -0.746931 0)
(2.22524 -0.70431 0)
(2.23321 -0.670878 0)
(2.24927 -0.635748 0)
(2.25584 -0.604843 0)
(2.25829 -0.563459 0)
(2.26638 -0.530197 0)
(2.27428 -0.504614 0)
(2.2516 -0.431819 0)
(2.17728 -0.262226 0)
(2.11732 -0.103642 0)
(2.06931 0.00437447 0)
(2.03078 0.0597649 0)
(2.01493 0.0981883 0)
(2.0139 0.111813 0)
(2.03303 0.119296 0)
(2.05487 0.121343 0)
(2.07513 0.117945 0)
(2.093 0.111779 0)
(2.11092 0.110371 0)
(2.12465 0.115489 0)
(2.12788 0.131655 0)
(2.12119 0.15157 0)
(2.12667 0.156381 0)
(2.14508 0.155032 0)
(2.16527 0.151683 0)
(2.18562 0.147167 0)
(2.20362 0.145459 0)
(2.22189 0.146338 0)
(2.23309 0.153911 0)
(2.2294 0.170758 0)
(2.22144 0.182278 0)
(2.23273 0.18037 0)
(2.24995 0.177711 0)
(2.26759 0.176445 0)
(2.28549 0.176155 0)
(2.30278 0.175813 0)
(2.3189 0.175109 0)
(2.33477 0.174568 0)
(2.34901 0.174591 0)
(2.35458 0.178323 0)
(2.34805 0.186891 0)
(2.34238 0.192109 0)
(2.35006 0.19037 0)
(2.36471 0.188141 0)
(2.37996 0.18842 0)
(2.3957 0.189953 0)
(2.41287 0.192168 0)
(2.43006 0.194887 0)
(2.446 0.198239 0)
(2.45918 0.20146 0)
(2.46608 0.202931 0)
(2.46615 0.202913 0)
(2.47041 0.202993 0)
(1.54971 0.844826 0)
(1.61091 0.830903 0)
(1.68141 0.804325 0)
(1.75492 0.77186 0)
(1.81576 0.750575 0)
(1.88246 0.719563 0)
(1.96742 0.662427 0)
(2.03377 0.612511 0)
(2.07409 0.593664 0)
(2.12931 0.551307 0)
(2.20697 0.479081 0)
(2.25944 0.422659 0)
(2.28642 0.403775 0)
(2.3208 0.363693 0)
(2.37652 0.292886 0)
(2.41745 0.242982 0)
(2.4373 0.226643 0)
(2.47141 0.181877 0)
(2.50313 0.116825 0)
(2.5246 0.090201 0)
(2.53892 0.0875038 0)
(2.57488 0.0397518 0)
(2.58751 0.00355154 0)
(2.59752 -0.0703488 0)
(2.54964 -0.186662 0)
(2.2851 -0.517609 0)
(2.08962 -0.735285 0)
(1.98518 -0.825855 0)
(2.00719 -0.822114 0)
(2.03214 -0.820074 0)
(2.04637 -0.831921 0)
(2.06718 -0.861024 0)
(2.08956 -0.879444 0)
(2.11414 -0.89193 0)
(2.13822 -0.901687 0)
(2.15768 -0.91236 0)
(2.17593 -0.911241 0)
(2.18353 -0.894188 0)
(2.19487 -0.876219 0)
(2.20912 -0.873728 0)
(2.22523 -0.86822 0)
(2.24869 -0.855548 0)
(2.26683 -0.836678 0)
(2.2807 -0.816838 0)
(2.2861 -0.786388 0)
(2.28763 -0.736987 0)
(2.29091 -0.680002 0)
(2.30324 -0.646047 0)
(2.31338 -0.611115 0)
(2.31907 -0.571559 0)
(2.32766 -0.525873 0)
(2.32677 -0.479224 0)
(2.2881 -0.367151 0)
(2.21436 -0.192568 0)
(2.14825 -0.0517884 0)
(2.11331 0.0374891 0)
(2.07274 0.0894029 0)
(2.05991 0.13521 0)
(2.06971 0.145737 0)
(2.0912 0.145151 0)
(2.11628 0.13864 0)
(2.13437 0.131703 0)
(2.15182 0.131038 0)
(2.16471 0.137409 0)
(2.16493 0.153482 0)
(2.15593 0.171679 0)
(2.16257 0.176532 0)
(2.18023 0.176261 0)
(2.19927 0.174088 0)
(2.22062 0.169448 0)
(2.23839 0.166834 0)
(2.25566 0.166745 0)
(2.26422 0.172312 0)
(2.25602 0.18815 0)
(2.25005 0.200531 0)
(2.26495 0.201862 0)
(2.28248 0.202114 0)
(2.30095 0.20157 0)
(2.31917 0.200814 0)
(2.33634 0.199039 0)
(2.35222 0.196125 0)
(2.36608 0.19363 0)
(2.37399 0.193109 0)
(2.37082 0.196571 0)
(2.36334 0.203657 0)
(2.36614 0.209458 0)
(2.37914 0.211491 0)
(2.39392 0.212273 0)
(2.40952 0.213277 0)
(2.42594 0.215216 0)
(2.44157 0.218723 0)
(2.4553 0.223269 0)
(2.46518 0.227151 0)
(2.46939 0.226117 0)
(2.47209 0.219383 0)
(2.48062 0.213455 0)
(1.56646 0.847275 0)
(1.62476 0.831508 0)
(1.69357 0.804642 0)
(1.75424 0.782297 0)
(1.8053 0.763329 0)
(1.87783 0.722909 0)
(1.95493 0.671785 0)
(2.00432 0.648696 0)
(2.04179 0.625965 0)
(2.11334 0.569275 0)
(2.18481 0.499212 0)
(2.22632 0.470298 0)
(2.24473 0.456713 0)
(2.29532 0.402687 0)
(2.35432 0.326988 0)
(2.39144 0.288345 0)
(2.40673 0.280535 0)
(2.43118 0.246839 0)
(2.47568 0.181005 0)
(2.50289 0.133902 0)
(2.53042 0.107708 0)
(2.54042 0.113259 0)
(2.54228 0.0487748 0)
(2.48873 -0.0737086 0)
(2.23822 -0.41979 0)
(2.05895 -0.648915 0)
(1.96505 -0.746962 0)
(1.98614 -0.747527 0)
(2.01222 -0.749088 0)
(2.03107 -0.763115 0)
(2.04764 -0.787891 0)
(2.06596 -0.801886 0)
(2.08881 -0.811637 0)
(2.11433 -0.822012 0)
(2.13921 -0.833381 0)
(2.16222 -0.844096 0)
(2.1823 -0.851201 0)
(2.19622 -0.852024 0)
(2.20394 -0.850473 0)
(2.21995 -0.846913 0)
(2.24883 -0.843986 0)
(2.26817 -0.839736 0)
(2.28788 -0.839993 0)
(2.30383 -0.83487 0)
(2.32458 -0.821631 0)
(2.33634 -0.811712 0)
(2.34485 -0.787801 0)
(2.3501 -0.750707 0)
(2.35391 -0.701308 0)
(2.36653 -0.674438 0)
(2.37856 -0.642664 0)
(2.38499 -0.59089 0)
(2.39315 -0.555592 0)
(2.37815 -0.478485 0)
(2.31718 -0.314253 0)
(2.25739 -0.149734 0)
(2.1959 -0.0246786 0)
(2.14661 0.0714017 0)
(2.11399 0.149489 0)
(2.116 0.170895 0)
(2.13424 0.163621 0)
(2.15682 0.158139 0)
(2.17539 0.159251 0)
(2.19381 0.157682 0)
(2.20303 0.160207 0)
(2.19944 0.174778 0)
(2.19276 0.191389 0)
(2.20262 0.19738 0)
(2.22085 0.198125 0)
(2.24016 0.19608 0)
(2.25999 0.192251 0)
(2.27626 0.18988 0)
(2.29058 0.188084 0)
(2.29438 0.193411 0)
(2.28403 0.211619 0)
(2.28272 0.223519 0)
(2.29954 0.225 0)
(2.31725 0.225484 0)
(2.33491 0.224893 0)
(2.3519 0.223526 0)
(2.36738 0.220294 0)
(2.38054 0.216405 0)
(2.38978 0.213979 0)
(2.39074 0.215645 0)
(2.38601 0.222793 0)
(2.38742 0.231397 0)
(2.39648 0.235764 0)
(2.40988 0.236017 0)
(2.42497 0.235364 0)
(2.44028 0.236159 0)
(2.45488 0.238003 0)
(2.46816 0.240201 0)
(2.4775 0.242667 0)
(2.47802 0.243015 0)
(2.47227 0.236406 0)
(2.47939 0.232066 0)
(1.56719 0.864901 0)
(1.62687 0.845716 0)
(1.68644 0.824151 0)
(1.73739 0.810097 0)
(1.79645 0.783436 0)
(1.86852 0.737977 0)
(1.92418 0.704801 0)
(1.96261 0.692082 0)
(2.0211 0.654409 0)
(2.09665 0.58886 0)
(2.14666 0.542843 0)
(2.16889 0.535308 0)
(2.20633 0.503908 0)
(2.2744 0.43793 0)
(2.32389 0.376068 0)
(2.34647 0.359133 0)
(2.3618 0.340902 0)
(2.40819 0.283772 0)
(2.43958 0.249497 0)
(2.47559 0.204191 0)
(2.48653 0.191385 0)
(2.50135 0.121053 0)
(2.44619 -0.0048859 0)
(2.18667 -0.349325 0)
(2.01464 -0.57079 0)
(1.9385 -0.670564 0)
(1.96136 -0.671614 0)
(1.98974 -0.675385 0)
(2.01103 -0.689029 0)
(2.02881 -0.716936 0)
(2.0436 -0.738004 0)
(2.06448 -0.748979 0)
(2.09127 -0.758235 0)
(2.11929 -0.769714 0)
(2.14623 -0.78189 0)
(2.17124 -0.794309 0)
(2.19218 -0.806603 0)
(2.20696 -0.81508 0)
(2.21779 -0.813259 0)
(2.23304 -0.809797 0)
(2.25734 -0.809591 0)
(2.28206 -0.811775 0)
(2.30586 -0.81126 0)
(2.32826 -0.80721 0)
(2.34488 -0.804898 0)
(2.3575 -0.803615 0)
(2.36838 -0.795827 0)
(2.37625 -0.783383 0)
(2.38974 -0.762117 0)
(2.40844 -0.742824 0)
(2.42043 -0.7269 0)
(2.43116 -0.701584 0)
(2.44648 -0.674266 0)
(2.4584 -0.643339 0)
(2.45411 -0.584159 0)
(2.42938 -0.483355 0)
(2.35438 -0.293871 0)
(2.30694 -0.138026 0)
(2.2163 0.0377569 0)
(2.19023 0.123954 0)
(2.17672 0.17418 0)
(2.18614 0.193035 0)
(2.19311 0.187437 0)
(2.20731 0.183276 0)
(2.22726 0.183274 0)
(2.23633 0.182801 0)
(2.23455 0.191468 0)
(2.23495 0.209846 0)
(2.24304 0.219973 0)
(2.2602 0.222008 0)
(2.27932 0.220214 0)
(2.29735 0.213947 0)
(2.31188 0.210793 0)
(2.3231 0.20934 0)
(2.32339 0.216352 0)
(2.31517 0.234511 0)
(2.31897 0.245312 0)
(2.33603 0.246975 0)
(2.35282 0.247748 0)
(2.36978 0.247645 0)
(2.38555 0.245495 0)
(2.39876 0.241245 0)
(2.4086 0.237531 0)
(2.413 0.238352 0)
(2.41149 0.245942 0)
(2.41166 0.254261 0)
(2.41893 0.257772 0)
(2.42929 0.259032 0)
(2.44021 0.25994 0)
(2.45169 0.260873 0)
(2.46444 0.260431 0)
(2.47799 0.258467 0)
(2.48861 0.256885 0)
(2.49059 0.256598 0)
(2.48125 0.255676 0)
(2.48665 0.258035 0)
(1.58016 0.862256 0)
(1.63597 0.844197 0)
(1.68732 0.830042 0)
(1.73603 0.814266 0)
(1.80079 0.781867 0)
(1.86438 0.746316 0)
(1.90601 0.732686 0)
(1.94765 0.709818 0)
(2.01907 0.657929 0)
(2.08189 0.60479 0)
(2.11466 0.591583 0)
(2.13578 0.576048 0)
(2.1967 0.521869 0)
(2.26056 0.451876 0)
(2.29743 0.422459 0)
(2.30274 0.421603 0)
(2.33785 0.380914 0)
(2.38887 0.318416 0)
(2.43176 0.266506 0)
(2.44294 0.270425 0)
(2.45178 0.212182 0)
(2.39235 0.0832276 0)
(2.12495 -0.276626 0)
(1.97387 -0.499719 0)
(1.90865 -0.599747 0)
(1.93248 -0.60242 0)
(1.96432 -0.60621 0)
(1.98913 -0.618622 0)
(2.00948 -0.642036 0)
(2.02515 -0.665318 0)
(2.0412 -0.685198 0)
(2.06577 -0.698025 0)
(2.09494 -0.706666 0)
(2.12424 -0.713912 0)
(2.15167 -0.721313 0)
(2.17646 -0.730161 0)
(2.19748 -0.739025 0)
(2.21197 -0.745226 0)
(2.22045 -0.747683 0)
(2.23562 -0.749743 0)
(2.26058 -0.753801 0)
(2.28796 -0.758626 0)
(2.31506 -0.762971 0)
(2.34096 -0.766188 0)
(2.36257 -0.767254 0)
(2.37965 -0.771913 0)
(2.39258 -0.771954 0)
(2.40596 -0.76278 0)
(2.41064 -0.749351 0)
(2.42355 -0.738779 0)
(2.44062 -0.733678 0)
(2.4572 -0.728413 0)
(2.48151 -0.719568 0)
(2.50134 -0.702065 0)
(2.51013 -0.684098 0)
(2.51459 -0.658806 0)
(2.50767 -0.613737 0)
(2.47246 -0.486229 0)
(2.39901 -0.289116 0)
(2.33319 -0.0962592 0)
(2.29519 0.0447998 0)
(2.2404 0.188313 0)
(2.22366 0.204234 0)
(2.2346 0.206041 0)
(2.24169 0.204226 0)
(2.25086 0.209423 0)
(2.26327 0.215201 0)
(2.27084 0.220479 0)
(2.27701 0.232256 0)
(2.2818 0.241929 0)
(2.29072 0.242777 0)
(2.30775 0.240773 0)
(2.32503 0.237513 0)
(2.34115 0.234059 0)
(2.3523 0.23407 0)
(2.35322 0.242023 0)
(2.34714 0.258623 0)
(2.35388 0.267462 0)
(2.36991 0.270661 0)
(2.38642 0.272808 0)
(2.40308 0.272987 0)
(2.41839 0.269755 0)
(2.43061 0.263822 0)
(2.43837 0.260859 0)
(2.44123 0.265413 0)
(2.43944 0.276225 0)
(2.4411 0.283273 0)
(2.45018 0.284198 0)
(2.46117 0.282758 0)
(2.47146 0.280948 0)
(2.48121 0.278784 0)
(2.49101 0.276634 0)
(2.49965 0.272868 0)
(2.50442 0.267491 0)
(2.5013 0.270818 0)
(2.50657 0.280698 0)
(1.58982 0.878928 0)
(1.63423 0.862498 0)
(1.67861 0.849589 0)
(1.73163 0.827116 0)
(1.79214 0.794969 0)
(1.84006 0.775447 0)
(1.88 0.763776 0)
(1.93747 0.72931 0)
(2.00317 0.676913 0)
(2.04608 0.647808 0)
(2.07038 0.642363 0)
(2.11695 0.606196 0)
(2.18347 0.54144 0)
(2.22777 0.492154 0)
(2.2409 0.492102 0)
(2.26638 0.468369 0)
(2.31905 0.415507 0)
(2.37001 0.354697 0)
(2.38249 0.346954 0)
(2.39618 0.285425 0)
(2.332 0.147745 0)
(2.06611 -0.208321 0)
(1.91072 -0.433575 0)
(1.87126 -0.535373 0)
(1.89793 -0.539363 0)
(1.93286 -0.544715 0)
(1.96335 -0.559277 0)
(1.98837 -0.575189 0)
(2.00935 -0.594706 0)
(2.02565 -0.61774 0)
(2.04409 -0.635186 0)
(2.06923 -0.646436 0)
(2.09811 -0.655345 0)
(2.12784 -0.663594 0)
(2.15673 -0.672674 0)
(2.18357 -0.683771 0)
(2.20695 -0.69576 0)
(2.22501 -0.704872 0)
(2.23669 -0.707341 0)
(2.24867 -0.705887 0)
(2.27013 -0.706762 0)
(2.29732 -0.709253 0)
(2.32499 -0.711622 0)
(2.35097 -0.716673 0)
(2.37491 -0.723799 0)
(2.39583 -0.72704 0)
(2.41119 -0.72491 0)
(2.41951 -0.722465 0)
(2.42662 -0.721878 0)
(2.44228 -0.716198 0)
(2.46323 -0.710238 0)
(2.48074 -0.707879 0)
(2.50083 -0.700977 0)
(2.51552 -0.694532 0)
(2.5279 -0.690225 0)
(2.54622 -0.675144 0)
(2.55581 -0.670393 0)
(2.55992 -0.646996 0)
(2.55419 -0.600111 0)
(2.52121 -0.481641 0)
(2.46106 -0.29544 0)
(2.37307 -0.0652573 0)
(2.35815 0.0491128 0)
(2.3079 0.159494 0)
(2.26352 0.229576 0)
(2.26663 0.23883 0)
(2.27873 0.241558 0)
(2.28627 0.245475 0)
(2.29991 0.250974 0)
(2.31003 0.256471 0)
(2.31323 0.263075 0)
(2.3241 0.26176 0)
(2.33827 0.260926 0)
(2.35454 0.26159 0)
(2.37034 0.26051 0)
(2.38022 0.260124 0)
(2.38066 0.266264 0)
(2.37746 0.280171 0)
(2.38437 0.290398 0)
(2.40194 0.294133 0)
(2.42047 0.296178 0)
(2.43655 0.297543 0)
(2.4503 0.295638 0)
(2.46362 0.288322 0)
(2.4714 0.28292 0)
(2.47141 0.287387 0)
(2.46958 0.298476 0)
(2.47268 0.305824 0)
(2.48325 0.306438 0)
(2.49376 0.303935 0)
(2.50152 0.299934 0)
(2.50673 0.296744 0)
(2.5123 0.292584 0)
(2.51858 0.28945 0)
(2.52292 0.29633 0)
(2.53125 0.304855 0)
(1.61723 0.885536 0)
(1.65081 0.870254 0)
(1.6887 0.855068 0)
(1.74083 0.829397 0)
(1.79291 0.804157 0)
(1.83131 0.794276 0)
(1.87215 0.776222 0)
(1.93602 0.735067 0)
(1.99191 0.693676 0)
(2.02369 0.684243 0)
(2.05103 0.666853 0)
(2.11051 0.61891 0)
(2.16875 0.557583 0)
(2.19785 0.540197 0)
(2.21037 0.532955 0)
(2.25177 0.493847 0)
(2.31351 0.428968 0)
(2.3367 0.414745 0)
(2.33726 0.345663 0)
(2.2725 0.198894 0)
(1.98466 -0.161461 0)
(1.87118 -0.352858 0)
(1.84403 -0.450172 0)
(1.86398 -0.46295 0)
(1.89687 -0.477607 0)
(1.93131 -0.500415 0)
(1.96106 -0.51822 0)
(1.98901 -0.534354 0)
(2.01267 -0.550979 0)
(2.03072 -0.568709 0)
(2.04981 -0.586219 0)
(2.07425 -0.600375 0)
(2.10271 -0.61069 0)
(2.13291 -0.61851 0)
(2.16295 -0.625542 0)
(2.19123 -0.633565 0)
(2.21625 -0.643014 0)
(2.23615 -0.65212 0)
(2.24934 -0.657195 0)
(2.26021 -0.657008 0)
(2.27887 -0.656019 0)
(2.30466 -0.656279 0)
(2.3321 -0.656503 0)
(2.35833 -0.656369 0)
(2.38208 -0.657771 0)
(2.40304 -0.662384 0)
(2.42031 -0.669563 0)
(2.43219 -0.67433 0)
(2.44064 -0.670456 0)
(2.45472 -0.663708 0)
(2.47433 -0.669262 0)
(2.49516 -0.676226 0)
(2.51781 -0.675911 0)
(2.53946 -0.670946 0)
(2.55846 -0.660768 0)
(2.56797 -0.650825 0)
(2.57258 -0.652064 0)
(2.57601 -0.650804 0)
(2.59301 -0.636342 0)
(2.60308 -0.611513 0)
(2.60157 -0.571339 0)
(2.57236 -0.471712 0)
(2.52036 -0.295494 0)
(2.45522 -0.106306 0)
(2.35637 0.0974214 0)
(2.35979 0.173146 0)
(2.32162 0.240386 0)
(2.30396 0.278588 0)
(2.3075 0.277645 0)
(2.31768 0.277241 0)
(2.33604 0.280118 0)
(2.34493 0.283378 0)
(2.35135 0.286643 0)
(2.36345 0.289061 0)
(2.37767 0.290373 0)
(2.39062 0.292019 0)
(2.40035 0.29024 0)
(2.40359 0.290929 0)
(2.40719 0.302767 0)
(2.41627 0.314867 0)
(2.4269 0.322559 0)
(2.43936 0.324623 0)
(2.4525 0.320317 0)
(2.46809 0.315542 0)
(2.48233 0.310715 0)
(2.49368 0.305784 0)
(2.49817 0.308981 0)
(2.49784 0.32089 0)
(2.49522 0.330619 0)
(2.50005 0.328609 0)
(2.51126 0.323621 0)
(2.52121 0.319588 0)
(2.52922 0.317195 0)
(2.53835 0.318474 0)
(2.54719 0.320582 0)
(2.55977 0.32452 0)
(1.64287 0.914442 0)
(1.67073 0.898454 0)
(1.70749 0.875196 0)
(1.74913 0.848784 0)
(1.78418 0.834552 0)
(1.81899 0.823386 0)
(1.87166 0.790091 0)
(1.92962 0.743821 0)
(1.96577 0.726382 0)
(1.98972 0.723866 0)
(2.03722 0.691943 0)
(2.10361 0.62881 0)
(2.14484 0.588773 0)
(2.16071 0.58966 0)
(2.18442 0.57176 0)
(2.25123 0.511897 0)
(2.28239 0.487172 0)
(2.27951 0.406774 0)
(2.19346 0.229361 0)
(1.93401 -0.107606 0)
(1.80344 -0.29778 0)
(1.79767 -0.395339 0)
(1.82887 -0.405797 0)
(1.85996 -0.419258 0)
(1.89712 -0.444394 0)
(1.92927 -0.467822 0)
(1.96144 -0.4843 0)
(1.99291 -0.497176 0)
(2.01911 -0.509348 0)
(2.03854 -0.524888 0)
(2.05692 -0.542006 0)
(2.08095 -0.55579 0)
(2.10981 -0.566104 0)
(2.14083 -0.574621 0)
(2.17223 -0.582551 0)
(2.20223 -0.590746 0)
(2.22897 -0.599303 0)
(2.25026 -0.607183 0)
(2.26405 -0.612185 0)
(2.27399 -0.613955 0)
(2.29161 -0.61513 0)
(2.31795 -0.616438 0)
(2.34632 -0.617825 0)
(2.3741 -0.619627 0)
(2.3997 -0.622382 0)
(2.42161 -0.625606 0)
(2.43808 -0.628333 0)
(2.44752 -0.628363 0)
(2.45417 -0.624763 0)
(2.46823 -0.620557 0)
(2.4874 -0.620481 0)
(2.50769 -0.622068 0)
(2.52833 -0.625363 0)
(2.5506 -0.62795 0)
(2.57187 -0.625301 0)
(2.58648 -0.619392 0)
(2.59569 -0.619906 0)
(2.59731 -0.624409 0)
(2.61098 -0.610026 0)
(2.61267 -0.59739 0)
(2.62872 -0.586208 0)
(2.64771 -0.576478 0)
(2.65183 -0.545924 0)
(2.63187 -0.468003 0)
(2.55831 -0.28658 0)
(2.52401 -0.106631 0)
(2.4028 0.136086 0)
(2.37455 0.224628 0)
(2.36179 0.250642 0)
(2.35254 0.278925 0)
(2.34978 0.30204 0)
(2.35517 0.305264 0)
(2.36957 0.307973 0)
(2.38074 0.310536 0)
(2.38684 0.314918 0)
(2.39178 0.316148 0)
(2.39816 0.318932 0)
(2.4108 0.326963 0)
(2.42296 0.331916 0)
(2.43599 0.334394 0)
(2.44614 0.337998 0)
(2.45323 0.341746 0)
(2.46091 0.341323 0)
(2.47063 0.337961 0)
(2.48111 0.333576 0)
(2.49377 0.334582 0)
(2.50561 0.337323 0)
(2.51564 0.339054 0)
(2.51626 0.343699 0)
(2.51296 0.347862 0)
(2.51826 0.3476 0)
(2.53113 0.346743 0)
(2.54403 0.346452 0)
(2.55731 0.349096 0)
(2.5677 0.352951 0)
(2.58298 0.355808 0)
(1.65687 0.936765 0)
(1.6946 0.916598 0)
(1.72759 0.894693 0)
(1.75896 0.87334 0)
(1.79191 0.853761 0)
(1.82905 0.830399 0)
(1.87647 0.796564 0)
(1.91556 0.767691 0)
(1.94582 0.75873 0)
(1.9798 0.738201 0)
(2.0409 0.689395 0)
(2.08817 0.642878 0)
(2.11272 0.63382 0)
(2.12753 0.63045 0)
(2.19057 0.581924 0)
(2.23288 0.555388 0)
(2.21913 0.458225 0)
(2.12164 0.256374 0)
(1.85143 -0.0902387 0)
(1.75303 -0.248132 0)
(1.76434 -0.321466 0)
(1.79218 -0.339496 0)
(1.82643 -0.354222 0)
(1.86456 -0.382567 0)
(1.90086 -0.410725 0)
(1.93374 -0.432148 0)
(1.96727 -0.447024 0)
(1.99989 -0.459809 0)
(2.02801 -0.47188 0)
(2.04867 -0.484659 0)
(2.06656 -0.498102 0)
(2.09105 -0.509778 0)
(2.12089 -0.519489 0)
(2.15243 -0.528569 0)
(2.18398 -0.537387 0)
(2.2141 -0.54665 0)
(2.24119 -0.557068 0)
(2.26342 -0.567416 0)
(2.2793 -0.57372 0)
(2.291 -0.572832 0)
(2.30632 -0.568194 0)
(2.32907 -0.564932 0)
(2.35563 -0.563692 0)
(2.3827 -0.563488 0)
(2.40802 -0.564602 0)
(2.42995 -0.567941 0)
(2.44699 -0.572646 0)
(2.45784 -0.574247 0)
(2.46486 -0.569179 0)
(2.47455 -0.560223 0)
(2.49079 -0.558236 0)
(2.51282 -0.563797 0)
(2.53599 -0.570788 0)
(2.55908 -0.574629 0)
(2.58022 -0.573939 0)
(2.59763 -0.572717 0)
(2.61 -0.575731 0)
(2.61452 -0.57933 0)
(2.61618 -0.567375 0)
(2.62233 -0.56229 0)
(2.63973 -0.557989 0)
(2.65554 -0.552072 0)
(2.67003 -0.549134 0)
(2.68717 -0.541813 0)
(2.69189 -0.511051 0)
(2.6779 -0.443243 0)
(2.60366 -0.263335 0)
(2.56182 -0.100934 0)
(2.45808 0.118707 0)
(2.39178 0.274857 0)
(2.38747 0.284802 0)
(2.39103 0.30777 0)
(2.39837 0.317817 0)
(2.39948 0.319217 0)
(2.40415 0.328714 0)
(2.40484 0.337818 0)
(2.40783 0.346487 0)
(2.41553 0.354473 0)
(2.42537 0.358461 0)
(2.4377 0.360609 0)
(2.45387 0.363024 0)
(2.46913 0.363515 0)
(2.48071 0.362365 0)
(2.48556 0.360095 0)
(2.49015 0.356991 0)
(2.49779 0.355673 0)
(2.50817 0.35568 0)
(2.51637 0.357243 0)
(2.52422 0.359764 0)
(2.53064 0.359993 0)
(2.53441 0.366819 0)
(2.53947 0.375405 0)
(2.54893 0.378766 0)
(2.5618 0.383401 0)
(2.57347 0.385303 0)
(2.58997 0.382911 0)
(1.67311 0.959042 0)
(1.70919 0.93707 0)
(1.74297 0.915587 0)
(1.77563 0.891791 0)
(1.80637 0.871784 0)
(1.84081 0.848203 0)
(1.87515 0.820684 0)
(1.91569 0.788842 0)
(1.94259 0.778396 0)
(1.98091 0.752473 0)
(2.02785 0.712173 0)
(2.06697 0.677727 0)
(2.08272 0.675324 0)
(2.13421 0.640071 0)
(2.17367 0.617535 0)
(2.16607 0.519166 0)
(2.02766 0.27117 0)
(1.76964 -0.0694328 0)
(1.70062 -0.215954 0)
(1.7212 -0.28198 0)
(1.76262 -0.292586 0)
(1.78987 -0.299593 0)
(1.82658 -0.323098 0)
(1.86546 -0.346602 0)
(1.90495 -0.370434 0)
(1.94329 -0.393984 0)
(1.979 -0.414547 0)
(2.0115 -0.430561 0)
(2.04002 -0.4431 0)
(2.06328 -0.453244 0)
(2.08354 -0.461005 0)
(2.10719 -0.467431 0)
(2.13567 -0.474339 0)
(2.16622 -0.482178 0)
(2.1967 -0.490685 0)
(2.22561 -0.500074 0)
(2.25171 -0.510711 0)
(2.27402 -0.521508 0)
(2.2922 -0.529169 0)
(2.30778 -0.531001 0)
(2.32471 -0.52852 0)
(2.34608 -0.525568 0)
(2.37105 -0.523649 0)
(2.39729 -0.522537 0)
(2.4225 -0.523032 0)
(2.44471 -0.526913 0)
(2.46234 -0.533728 0)
(2.47496 -0.539733 0)
(2.4852 -0.539876 0)
(2.4974 -0.532707 0)
(2.51171 -0.522554 0)
(2.52542 -0.515391 0)
(2.53914 -0.515259 0)
(2.55787 -0.516746 0)
(2.5816 -0.516526 0)
(2.60425 -0.517161 0)
(2.62203 -0.52453 0)
(2.63244 -0.533068 0)
(2.63617 -0.534684 0)
(2.64014 -0.527812 0)
(2.64335 -0.517306 0)
(2.65109 -0.510813 0)
(2.67005 -0.511169 0)
(2.69155 -0.513741 0)
(2.71083 -0.507833 0)
(2.72048 -0.499386 0)
(2.71967 -0.468237 0)
(2.70928 -0.407539 0)
(2.64958 -0.265517 0)
(2.57911 -0.0897008 0)
(2.52521 0.0786925 0)
(2.43812 0.29395 0)
(2.43106 0.317213 0)
(2.42755 0.333515 0)
(2.42951 0.344896 0)
(2.42764 0.350462 0)
(2.42756 0.356982 0)
(2.43307 0.368703 0)
(2.43794 0.380726 0)
(2.44567 0.386974 0)
(2.45673 0.387624 0)
(2.46884 0.388876 0)
(2.48048 0.390947 0)
(2.49513 0.389986 0)
(2.50589 0.38382 0)
(2.5134 0.377201 0)
(2.51551 0.375768 0)
(2.51881 0.379212 0)
(2.52401 0.384684 0)
(2.53143 0.388646 0)
(2.5409 0.393671 0)
(2.55186 0.398634 0)
(2.56455 0.403747 0)
(2.57605 0.40919 0)
(2.58672 0.407621 0)
(2.59821 0.402523 0)
(1.72188 0.963893 0)
(1.7242 0.957976 0)
(1.76018 0.935032 0)
(1.79211 0.912993 0)
(1.82454 0.890611 0)
(1.85063 0.870138 0)
(1.88832 0.835386 0)
(1.91669 0.81745 0)
(1.94358 0.804317 0)
(1.98261 0.772146 0)
(2.03119 0.720878 0)
(2.04938 0.714021 0)
(2.08638 0.693416 0)
(2.12169 0.677465 0)
(2.10263 0.563465 0)
(1.96534 0.296518 0)
(1.68556 -0.0370699 0)
(1.65411 -0.150131 0)
(1.69407 -0.196289 0)
(1.7412 -0.226776 0)
(1.77946 -0.255596 0)
(1.80345 -0.279511 0)
(1.83469 -0.299285 0)
(1.87398 -0.317916 0)
(1.91416 -0.335849 0)
(1.95368 -0.355551 0)
(1.98989 -0.374004 0)
(2.02278 -0.389771 0)
(2.05258 -0.402804 0)
(2.07941 -0.412451 0)
(2.10362 -0.419025 0)
(2.12726 -0.424544 0)
(2.15308 -0.431135 0)
(2.18119 -0.438946 0)
(2.20977 -0.447118 0)
(2.23714 -0.45581 0)
(2.26228 -0.465664 0)
(2.28476 -0.475659 0)
(2.30488 -0.48281 0)
(2.32358 -0.485299 0)
(2.34232 -0.484344 0)
(2.36272 -0.482671 0)
(2.38535 -0.481294 0)
(2.40922 -0.478899 0)
(2.4317 -0.475036 0)
(2.45011 -0.472192 0)
(2.46474 -0.472997 0)
(2.47861 -0.475961 0)
(2.49392 -0.478174 0)
(2.51052 -0.478233 0)
(2.52717 -0.477176 0)
(2.54291 -0.475887 0)
(2.55674 -0.474291 0)
(2.56848 -0.470666 0)
(2.57964 -0.464473 0)
(2.59338 -0.459507 0)
(2.61066 -0.461519 0)
(2.62923 -0.467517 0)
(2.64579 -0.474109 0)
(2.65633 -0.479208 0)
(2.66269 -0.483385 0)
(2.67148 -0.480178 0)
(2.68372 -0.476943 0)
(2.69639 -0.473245 0)
(2.70879 -0.465953 0)
(2.72507 -0.465517 0)
(2.73813 -0.46157 0)
(2.74073 -0.453699 0)
(2.74342 -0.417917 0)
(2.7339 -0.37438 0)
(2.69492 -0.267655 0)
(2.61529 -0.0649546 0)
(2.60682 0.0609287 0)
(2.4935 0.262592 0)
(2.45745 0.362339 0)
(2.45062 0.372707 0)
(2.45301 0.379955 0)
(2.45496 0.380466 0)
(2.45889 0.385813 0)
(2.46571 0.397728 0)
(2.47036 0.408315 0)
(2.47826 0.414583 0)
(2.48858 0.421065 0)
(2.49786 0.419954 0)
(2.50546 0.411447 0)
(2.51505 0.405226 0)
(2.525 0.401905 0)
(2.53424 0.400202 0)
(2.54164 0.402278 0)
(2.5469 0.407457 0)
(2.55508 0.415246 0)
(2.56387 0.422366 0)
(2.57192 0.426874 0)
(2.57742 0.430188 0)
(2.58507 0.428157 0)
(2.60144 0.423165 0)
(1.92027 0.910692 0)
(1.75152 0.969934 0)
(1.76732 0.959221 0)
(1.8083 0.9316 0)
(1.83429 0.915329 0)
(1.86394 0.8916 0)
(1.89552 0.863401 0)
(1.92899 0.838177 0)
(1.94974 0.823584 0)
(1.99511 0.783125 0)
(2.01715 0.762837 0)
(2.0485 0.739538 0)
(2.07888 0.720328 0)
(2.04943 0.603682 0)
(1.88299 0.293743 0)
(1.62292 -0.00981106 0)
(1.58846 -0.142807 0)
(1.64701 -0.177005 0)
(1.7028 -0.182963 0)
(1.75317 -0.200669 0)
(1.79514 -0.230561 0)
(1.82806 -0.261633 0)
(1.85836 -0.280557 0)
(1.89262 -0.292269 0)
(1.93113 -0.307692 0)
(1.96966 -0.325905 0)
(2.00569 -0.343838 0)
(2.03906 -0.357883 0)
(2.07026 -0.367839 0)
(2.09924 -0.375473 0)
(2.12545 -0.382364 0)
(2.14919 -0.388813 0)
(2.17265 -0.395 0)
(2.19765 -0.401248 0)
(2.22376 -0.40724 0)
(2.24953 -0.413136 0)
(2.27378 -0.419785 0)
(2.29621 -0.427005 0)
(2.3174 -0.432909 0)
(2.33794 -0.436474 0)
(2.3582 -0.438153 0)
(2.37865 -0.439232 0)
(2.39985 -0.440421 0)
(2.42207 -0.440503 0)
(2.44429 -0.438783 0)
(2.46441 -0.436639 0)
(2.4812 -0.435175 0)
(2.49518 -0.433241 0)
(2.50777 -0.4301 0)
(2.52098 -0.426667 0)
(2.53669 -0.425179 0)
(2.55469 -0.426534 0)
(2.57206 -0.430194 0)
(2.58701 -0.433749 0)
(2.60061 -0.433215 0)
(2.61295 -0.426647 0)
(2.62362 -0.419761 0)
(2.63276 -0.417608 0)
(2.63824 -0.420163 0)
(2.64554 -0.419613 0)
(2.65979 -0.418387 0)
(2.68023 -0.418508 0)
(2.69859 -0.423457 0)
(2.71416 -0.429978 0)
(2.72499 -0.433574 0)
(2.73428 -0.427611 0)
(2.74116 -0.420574 0)
(2.74898 -0.411974 0)
(2.75308 -0.404414 0)
(2.76003 -0.395375 0)
(2.76542 -0.382923 0)
(2.7622 -0.348652 0)
(2.74692 -0.259973 0)
(2.66704 -0.0713201 0)
(2.63001 0.0742265 0)
(2.56978 0.237136 0)
(2.4907 0.400968 0)
(2.46523 0.416643 0)
(2.47091 0.417091 0)
(2.48322 0.42142 0)
(2.48868 0.423052 0)
(2.49766 0.426375 0)
(2.50818 0.434941 0)
(2.50963 0.441446 0)
(2.51229 0.43868 0)
(2.51771 0.43245 0)
(2.52391 0.429225 0)
(2.53243 0.431288 0)
(2.54439 0.435872 0)
(2.55715 0.441149 0)
(2.56759 0.443608 0)
(2.58064 0.444436 0)
(2.58784 0.444345 0)
(2.58555 0.447055 0)
(2.58669 0.446866 0)
(2.59745 0.444628 0)
(2.46074 0.596948 0)
(1.8868 0.94187 0)
(1.77962 0.969504 0)
(1.80633 0.955125 0)
(1.84319 0.93343 0)
(1.87551 0.909505 0)
(1.91302 0.876365 0)
(1.93166 0.866316 0)
(1.96102 0.844185 0)
(1.99692 0.814557 0)
(2.02397 0.784559 0)
(2.04582 0.752131 0)
(1.99945 0.631252 0)
(1.794 0.289067 0)
(1.62804 0.0292429 0)
(1.5795 -0.0399522 0)
(1.62435 -0.0939937 0)
(1.67454 -0.125702 0)
(1.72833 -0.157125 0)
(1.77125 -0.184847 0)
(1.81067 -0.206781 0)
(1.84902 -0.227892 0)
(1.88293 -0.244834 0)
(1.91644 -0.261219 0)
(1.9521 -0.278047 0)
(1.9875 -0.292291 0)
(2.02171 -0.304048 0)
(2.05449 -0.313941 0)
(2.08572 -0.321938 0)
(2.11485 -0.328654 0)
(2.1413 -0.335448 0)
(2.16531 -0.342984 0)
(2.18853 -0.350966 0)
(2.21275 -0.358736 0)
(2.23819 -0.365454 0)
(2.26384 -0.37113 0)
(2.28841 -0.376634 0)
(2.31112 -0.382411 0)
(2.33226 -0.387257 0)
(2.35259 -0.390489 0)
(2.3727 -0.392466 0)
(2.39289 -0.394128 0)
(2.41317 -0.396003 0)
(2.43388 -0.396306 0)
(2.45506 -0.393695 0)
(2.47533 -0.390014 0)
(2.49332 -0.387786 0)
(2.50857 -0.386624 0)
(2.52129 -0.384496 0)
(2.5323 -0.380158 0)
(2.54272 -0.375575 0)
(2.55402 -0.373232 0)
(2.56717 -0.374542 0)
(2.58234 -0.377277 0)
(2.60102 -0.377458 0)
(2.62128 -0.375709 0)
(2.63791 -0.374846 0)
(2.65012 -0.380199 0)
(2.65925 -0.387389 0)
(2.66347 -0.384617 0)
(2.66756 -0.375344 0)
(2.6748 -0.36768 0)
(2.68976 -0.365697 0)
(2.70922 -0.36675 0)
(2.72809 -0.372531 0)
(2.74256 -0.378797 0)
(2.75199 -0.38142 0)
(2.75843 -0.377151 0)
(2.75961 -0.365659 0)
(2.75953 -0.355165 0)
(2.7676 -0.357367 0)
(2.78537 -0.35774 0)
(2.79878 -0.353697 0)
(2.79758 -0.321249 0)
(2.77919 -0.236169 0)
(2.71744 -0.0736996 0)
(2.63895 0.120424 0)
(2.61898 0.234167 0)
(2.5165 0.389513 0)
(2.49389 0.454386 0)
(2.49869 0.462843 0)
(2.50803 0.46335 0)
(2.51231 0.461836 0)
(2.51962 0.456661 0)
(2.52921 0.455189 0)
(2.53024 0.45665 0)
(2.53144 0.458231 0)
(2.5416 0.465547 0)
(2.55126 0.473752 0)
(2.56228 0.476061 0)
(2.57257 0.472691 0)
(2.58228 0.469528 0)
(2.59152 0.465777 0)
(2.59906 0.462627 0)
(2.59788 0.465458 0)
(2.59935 0.47118 0)
(2.95123 0.103334 0)
(2.32016 0.703392 0)
(1.87326 0.963974 0)
(1.80979 0.966242 0)
(1.83667 0.953753 0)
(1.88282 0.923618 0)
(1.91403 0.901988 0)
(1.93043 0.893053 0)
(1.97596 0.862519 0)
(1.99986 0.839843 0)
(2.01522 0.78992 0)
(1.95656 0.648159 0)
(1.71049 0.296472 0)
(1.5691 0.0298932 0)
(1.56528 -0.0708527 0)
(1.60211 -0.0690716 0)
(1.64739 -0.0710108 0)
(1.69945 -0.0957381 0)
(1.74966 -0.131725 0)
(1.79514 -0.164732 0)
(1.83507 -0.189975 0)
(1.87232 -0.208185 0)
(1.90686 -0.222703 0)
(1.93997 -0.235915 0)
(1.97358 -0.249795 0)
(2.00765 -0.263091 0)
(2.04106 -0.273717 0)
(2.07303 -0.281617 0)
(2.10315 -0.288079 0)
(2.13121 -0.294622 0)
(2.1571 -0.301674 0)
(2.18117 -0.308048 0)
(2.20448 -0.313035 0)
(2.22816 -0.317378 0)
(2.25269 -0.321528 0)
(2.27766 -0.325611 0)
(2.30208 -0.330185 0)
(2.32487 -0.335718 0)
(2.34569 -0.341032 0)
(2.36529 -0.344849 0)
(2.38479 -0.347214 0)
(2.40471 -0.348724 0)
(2.42468 -0.350175 0)
(2.44473 -0.350031 0)
(2.46522 -0.346666 0)
(2.48523 -0.341929 0)
(2.50346 -0.338796 0)
(2.51921 -0.337596 0)
(2.53266 -0.337206 0)
(2.5452 -0.336838 0)
(2.55789 -0.337308 0)
(2.57111 -0.338552 0)
(2.58459 -0.33899 0)
(2.5977 -0.336664 0)
(2.61 -0.331442 0)
(2.62202 -0.327202 0)
(2.63436 -0.327453 0)
(2.64562 -0.330226 0)
(2.65942 -0.332458 0)
(2.6737 -0.336395 0)
(2.68499 -0.340505 0)
(2.69515 -0.33939 0)
(2.70427 -0.328591 0)
(2.71223 -0.316192 0)
(2.7221 -0.312825 0)
(2.73819 -0.315797 0)
(2.75406 -0.319058 0)
(2.76507 -0.324143 0)
(2.77195 -0.331787 0)
(2.77696 -0.328249 0)
(2.78335 -0.321754 0)
(2.78941 -0.314877 0)
(2.79615 -0.324247 0)
(2.8121 -0.321157 0)
(2.82572 -0.311189 0)
(2.82054 -0.283463 0)
(2.79495 -0.206311 0)
(2.75685 -0.0708418 0)
(2.64813 0.155525 0)
(2.62292 0.251725 0)
(2.59712 0.357874 0)
(2.54519 0.478664 0)
(2.51717 0.503433 0)
(2.52004 0.500883 0)
(2.52763 0.492463 0)
(2.53722 0.487622 0)
(2.54948 0.482763 0)
(2.56184 0.484245 0)
(2.5775 0.491181 0)
(2.58186 0.49974 0)
(2.58458 0.499505 0)
(2.58805 0.49445 0)
(2.59188 0.487647 0)
(2.59636 0.488497 0)
(2.60328 0.494618 0)
(2.61629 0.495673 0)
(2.99892 0.00559257 0)
(2.88563 0.188507 0)
(2.23882 0.774691 0)
(1.861 0.970541 0)
(1.84588 0.966491 0)
(1.87968 0.944411 0)
(1.90601 0.926788 0)
(1.95061 0.898909 0)
(1.97654 0.893771 0)
(1.97109 0.818601 0)
(1.89841 0.628773 0)
(1.65536 0.283753 0)
(1.52851 0.0866986 0)
(1.55 0.00826586 0)
(1.5956 -0.0262914 0)
(1.64195 -0.0417172 0)
(1.67523 -0.0601486 0)
(1.7161 -0.0808002 0)
(1.76303 -0.106481 0)
(1.80951 -0.134344 0)
(1.85064 -0.157979 0)
(1.88734 -0.176219 0)
(1.9215 -0.190901 0)
(1.9547 -0.203882 0)
(1.98774 -0.215272 0)
(2.02079 -0.224355 0)
(2.05313 -0.231365 0)
(2.08387 -0.237373 0)
(2.11265 -0.243635 0)
(2.13958 -0.250567 0)
(2.16498 -0.25782 0)
(2.18953 -0.263687 0)
(2.21407 -0.267683 0)
(2.23886 -0.271045 0)
(2.26372 -0.274482 0)
(2.28844 -0.278349 0)
(2.31274 -0.283251 0)
(2.33613 -0.289246 0)
(2.35799 -0.295406 0)
(2.37828 -0.300759 0)
(2.39784 -0.304038 0)
(2.41755 -0.305048 0)
(2.43722 -0.305193 0)
(2.45668 -0.304004 0)
(2.47618 -0.300208 0)
(2.49507 -0.29523 0)
(2.51221 -0.291604 0)
(2.52659 -0.289523 0)
(2.53745 -0.287802 0)
(2.54609 -0.285781 0)
(2.5566 -0.284546 0)
(2.57143 -0.284572 0)
(2.58903 -0.286556 0)
(2.6076 -0.290298 0)
(2.62561 -0.293949 0)
(2.64088 -0.297462 0)
(2.65167 -0.297221 0)
(2.65902 -0.28954 0)
(2.6661 -0.282728 0)
(2.67326 -0.283267 0)
(2.68153 -0.287456 0)
(2.69486 -0.289646 0)
(2.71653 -0.287468 0)
(2.73468 -0.280496 0)
(2.74585 -0.272358 0)
(2.74889 -0.26974 0)
(2.74781 -0.27455 0)
(2.75197 -0.275897 0)
(2.76264 -0.276332 0)
(2.7803 -0.275716 0)
(2.7969 -0.27876 0)
(2.80729 -0.280113 0)
(2.81246 -0.282407 0)
(2.81998 -0.276877 0)
(2.82894 -0.27777 0)
(2.8375 -0.269794 0)
(2.83858 -0.271998 0)
(2.83214 -0.237935 0)
(2.81227 -0.172195 0)
(2.7803 -0.0653026 0)
(2.69147 0.150405 0)
(2.64211 0.30188 0)
(2.64858 0.379374 0)
(2.59586 0.45229 0)
(2.55196 0.521188 0)
(2.54243 0.53502 0)
(2.5518 0.53462 0)
(2.56512 0.529391 0)
(2.58261 0.520939 0)
(2.59392 0.517308 0)
(2.6058 0.51748 0)
(2.60548 0.517172 0)
(2.60061 0.513995 0)
(2.60291 0.518356 0)
(2.60772 0.525224 0)
(2.61815 0.525839 0)
(2.99999 3.97468e-05 0)
(2.99656 0.0125008 0)
(2.80306 0.291442 0)
(2.17243 0.820095 0)
(1.88645 0.965575 0)
(1.88375 0.96429 0)
(1.91289 0.942222 0)
(1.9459 0.935947 0)
(1.93339 0.848435 0)
(1.79935 0.585076 0)
(1.60969 0.259869 0)
(1.49649 0.0963483 0)
(1.51534 0.0442004 0)
(1.55164 0.0316999 0)
(1.60506 0.00417995 0)
(1.65964 -0.0323221 0)
(1.69766 -0.0578692 0)
(1.73257 -0.0725204 0)
(1.77157 -0.088527 0)
(1.81463 -0.110917 0)
(1.85571 -0.136111 0)
(1.89282 -0.155612 0)
(1.92794 -0.168016 0)
(1.96213 -0.176696 0)
(1.99577 -0.184454 0)
(2.02856 -0.192277 0)
(2.0607 -0.198578 0)
(2.09177 -0.203211 0)
(2.12105 -0.207729 0)
(2.14856 -0.213513 0)
(2.17484 -0.220187 0)
(2.2004 -0.226618 0)
(2.22559 -0.231259 0)
(2.25049 -0.234137 0)
(2.27501 -0.236343 0)
(2.29903 -0.238671 0)
(2.32222 -0.241922 0)
(2.34452 -0.246536 0)
(2.36617 -0.251822 0)
(2.38729 -0.256942 0)
(2.40795 -0.260844 0)
(2.42836 -0.262558 0)
(2.44836 -0.262776 0)
(2.46764 -0.261286 0)
(2.48603 -0.257289 0)
(2.50317 -0.251982 0)
(2.51845 -0.247675 0)
(2.53131 -0.244836 0)
(2.54188 -0.242727 0)
(2.55142 -0.240624 0)
(2.56199 -0.23859 0)
(2.5756 -0.236959 0)
(2.59198 -0.236741 0)
(2.6083 -0.238181 0)
(2.62202 -0.240416 0)
(2.63339 -0.243377 0)
(2.64875 -0.246254 0)
(2.66625 -0.246725 0)
(2.68114 -0.245366 0)
(2.69151 -0.244847 0)
(2.70327 -0.246142 0)
(2.71506 -0.244773 0)
(2.72449 -0.23779 0)
(2.73793 -0.22972 0)
(2.75055 -0.225084 0)
(2.75789 -0.226375 0)
(2.7641 -0.231852 0)
(2.76953 -0.231524 0)
(2.77323 -0.231994 0)
(2.77313 -0.23223 0)
(2.78363 -0.230507 0)
(2.80435 -0.232482 0)
(2.82224 -0.234569 0)
(2.83507 -0.23548 0)
(2.84503 -0.23859 0)
(2.85428 -0.233133 0)
(2.85471 -0.234047 0)
(2.84055 -0.232765 0)
(2.85092 -0.227547 0)
(2.85385 -0.216055 0)
(2.84233 -0.166027 0)
(2.80317 -0.0393008 0)
(2.76526 0.146559 0)
(2.67227 0.356542 0)
(2.67818 0.403543 0)
(2.62743 0.472832 0)
(2.589 0.542483 0)
(2.57643 0.570875 0)
(2.58593 0.571402 0)
(2.59628 0.565731 0)
(2.60481 0.556227 0)
(2.61235 0.543406 0)
(2.61982 0.534355 0)
(2.62737 0.532176 0)
(2.62654 0.544866 0)
(2.62913 0.55276 0)
(3 5.98181e-08 0)
(2.99995 0.000164535 0)
(2.9918 0.0231241 0)
(2.70992 0.386808 0)
(2.14585 0.851551 0)
(1.90766 0.969379 0)
(1.91276 0.963205 0)
(1.87378 0.848311 0)
(1.70074 0.544813 0)
(1.5312 0.261013 0)
(1.46395 0.131428 0)
(1.47322 0.0908506 0)
(1.51477 0.0653374 0)
(1.5515 0.0419454 0)
(1.59439 0.0137944 0)
(1.64479 -0.0147051 0)
(1.69192 -0.0366161 0)
(1.73151 -0.0496231 0)
(1.7671 -0.0628045 0)
(1.8036 -0.0794352 0)
(1.84313 -0.0984616 0)
(1.88405 -0.116025 0)
(1.92401 -0.128033 0)
(1.9593 -0.136586 0)
(1.99034 -0.142334 0)
(2.0201 -0.148032 0)
(2.04939 -0.153556 0)
(2.07894 -0.157742 0)
(2.10845 -0.161448 0)
(2.13746 -0.165947 0)
(2.1655 -0.171819 0)
(2.1922 -0.177744 0)
(2.21763 -0.18246 0)
(2.24201 -0.1859 0)
(2.26548 -0.188867 0)
(2.28841 -0.191999 0)
(2.31088 -0.195717 0)
(2.33259 -0.199893 0)
(2.3534 -0.203396 0)
(2.37305 -0.206232 0)
(2.39138 -0.208902 0)
(2.40898 -0.21077 0)
(2.42674 -0.211468 0)
(2.4453 -0.2101 0)
(2.46427 -0.206245 0)
(2.48288 -0.201142 0)
(2.50026 -0.196852 0)
(2.5156 -0.193853 0)
(2.52867 -0.191392 0)
(2.54096 -0.18947 0)
(2.55554 -0.188758 0)
(2.57422 -0.188505 0)
(2.59578 -0.189106 0)
(2.61801 -0.191674 0)
(2.638 -0.195633 0)
(2.65277 -0.197859 0)
(2.66162 -0.199707 0)
(2.66758 -0.205784 0)
(2.67206 -0.208016 0)
(2.6782 -0.204084 0)
(2.6921 -0.197986 0)
(2.71503 -0.195733 0)
(2.7343 -0.196753 0)
(2.75208 -0.19729 0)
(2.76703 -0.195008 0)
(2.77413 -0.189442 0)
(2.76932 -0.186002 0)
(2.76689 -0.187848 0)
(2.77374 -0.191487 0)
(2.78823 -0.192788 0)
(2.80151 -0.189517 0)
(2.81243 -0.184488 0)
(2.82145 -0.184443 0)
(2.8295 -0.188717 0)
(2.83719 -0.190873 0)
(2.84256 -0.188562 0)
(2.84634 -0.189315 0)
(2.84971 -0.194485 0)
(2.85373 -0.198969 0)
(2.86569 -0.18795 0)
(2.87564 -0.184809 0)
(2.87919 -0.164316 0)
(2.8764 -0.11395 0)
(2.83837 0.00538075 0)
(2.81219 0.155425 0)
(2.7037 0.393525 0)
(2.68374 0.442857 0)
(2.65902 0.492368 0)
(2.63381 0.55067 0)
(2.60678 0.598028 0)
(2.60749 0.593866 0)
(2.61518 0.585528 0)
(2.62326 0.577414 0)
(2.63088 0.565961 0)
(2.6375 0.562676 0)
(2.64828 0.569337 0)
(3 2.3163e-11 0)
(3 3.71963e-07 0)
(2.99988 0.00040361 0)
(2.9759 0.0476524 0)
(2.7745 0.4403 0)
(2.04533 1.01487 0)
(1.8416 0.855293 0)
(1.52185 0.442684 0)
(1.40882 0.218684 0)
(1.40779 0.157969 0)
(1.41745 0.130545 0)
(1.45941 0.108545 0)
(1.50464 0.0819051 0)
(1.54197 0.0541828 0)
(1.58038 0.0261606 0)
(1.62608 0.00185712 0)
(1.6751 -0.0173216 0)
(1.71972 -0.0313852 0)
(1.75943 -0.0463789 0)
(1.79844 -0.0615258 0)
(1.83907 -0.0730775 0)
(1.879 -0.0820098 0)
(1.91446 -0.0905717 0)
(1.95122 -0.0983615 0)
(1.9879 -0.10562 0)
(2.02219 -0.111806 0)
(2.05447 -0.11735 0)
(2.08483 -0.122089 0)
(2.11473 -0.126047 0)
(2.14445 -0.129368 0)
(2.17338 -0.132302 0)
(2.20089 -0.13508 0)
(2.22676 -0.13809 0)
(2.25114 -0.141783 0)
(2.27443 -0.146098 0)
(2.29737 -0.150307 0)
(2.32104 -0.153452 0)
(2.34492 -0.155452 0)
(2.36757 -0.156554 0)
(2.3883 -0.157814 0)
(2.40647 -0.159818 0)
(2.42227 -0.161814 0)
(2.43729 -0.163445 0)
(2.45344 -0.163339 0)
(2.47179 -0.160683 0)
(2.49092 -0.156627 0)
(2.50886 -0.152825 0)
(2.52473 -0.149766 0)
(2.53804 -0.147454 0)
(2.54989 -0.146417 0)
(2.56382 -0.14683 0)
(2.58229 -0.147828 0)
(2.60435 -0.149482 0)
(2.6276 -0.150525 0)
(2.64955 -0.150211 0)
(2.66873 -0.151529 0)
(2.68322 -0.156917 0)
(2.68452 -0.160663 0)
(2.68337 -0.159779 0)
(2.68836 -0.157239 0)
(2.69977 -0.152048 0)
(2.71348 -0.150208 0)
(2.72907 -0.152943 0)
(2.74422 -0.153349 0)
(2.75592 -0.149699 0)
(2.76631 -0.146206 0)
(2.77523 -0.14604 0)
(2.77904 -0.144391 0)
(2.78394 -0.142064 0)
(2.79343 -0.13798 0)
(2.80622 -0.138103 0)
(2.8214 -0.139384 0)
(2.83616 -0.140434 0)
(2.84823 -0.141101 0)
(2.85735 -0.142117 0)
(2.86054 -0.142824 0)
(2.85672 -0.146318 0)
(2.84747 -0.145068 0)
(2.84399 -0.150819 0)
(2.85193 -0.150856 0)
(2.86385 -0.147607 0)
(2.87876 -0.141658 0)
(2.89203 -0.13301 0)
(2.90301 -0.110513 0)
(2.89923 -0.0730142 0)
(2.85805 0.0356487 0)
(2.8187 0.1664 0)
(2.74932 0.343918 0)
(2.66983 0.513908 0)
(2.67561 0.509471 0)
(2.67412 0.549931 0)
(2.65528 0.597136 0)
(2.63611 0.612347 0)
(2.6345 0.607953 0)
(2.63762 0.600765 0)
(2.64465 0.599529 0)
(3 1.53414e-15 0)
(3 2.58081e-10 0)
(3 9.6243e-07 0)
(2.99945 0.00142437 0)
(3.00228 0.0546326 0)
(2.53693 0.589273 0)
(1.49302 0.332362 0)
(1.2221 0.190918 0)
(1.26784 0.123333 0)
(1.32545 0.133922 0)
(1.35623 0.139685 0)
(1.40078 0.128943 0)
(1.45078 0.102715 0)
(1.49669 0.0718921 0)
(1.54349 0.0472284 0)
(1.59249 0.0260751 0)
(1.64429 0.00565293 0)
(1.69247 -0.00747309 0)
(1.73674 -0.0204596 0)
(1.7788 -0.0347643 0)
(1.81966 -0.0462896 0)
(1.85936 -0.0538819 0)
(1.90034 -0.0592936 0)
(1.94109 -0.0640642 0)
(1.97977 -0.0700716 0)
(2.01525 -0.0759575 0)
(2.04761 -0.0808958 0)
(2.07856 -0.0854925 0)
(2.10919 -0.0890884 0)
(2.13971 -0.0911527 0)
(2.1695 -0.092205 0)
(2.19777 -0.0932848 0)
(2.2241 -0.0954515 0)
(2.24844 -0.0991963 0)
(2.27145 -0.103915 0)
(2.29412 -0.108332 0)
(2.31697 -0.110813 0)
(2.33991 -0.111653 0)
(2.36219 -0.11192 0)
(2.38236 -0.112166 0)
(2.39947 -0.112679 0)
(2.41431 -0.113467 0)
(2.42902 -0.115177 0)
(2.44523 -0.116903 0)
(2.46326 -0.116514 0)
(2.48255 -0.114225 0)
(2.50119 -0.111375 0)
(2.5176 -0.108845 0)
(2.53059 -0.106678 0)
(2.54198 -0.105122 0)
(2.55484 -0.105614 0)
(2.57099 -0.107696 0)
(2.59067 -0.110485 0)
(2.6123 -0.112846 0)
(2.63355 -0.114397 0)
(2.65226 -0.114938 0)
(2.66913 -0.114227 0)
(2.68717 -0.115725 0)
(2.69859 -0.113761 0)
(2.70634 -0.108954 0)
(2.71462 -0.107232 0)
(2.72653 -0.110247 0)
(2.74015 -0.112996 0)
(2.75459 -0.111328 0)
(2.76775 -0.108211 0)
(2.77618 -0.108038 0)
(2.78226 -0.108425 0)
(2.78872 -0.106639 0)
(2.79733 -0.103374 0)
(2.80796 -0.099446 0)
(2.81966 -0.100317 0)
(2.83202 -0.102853 0)
(2.84628 -0.104156 0)
(2.86155 -0.104626 0)
(2.8748 -0.104349 0)
(2.88208 -0.102154 0)
(2.87472 -0.0994967 0)
(2.86274 -0.096521 0)
(2.85946 -0.101437 0)
(2.86634 -0.101328 0)
(2.87692 -0.0998175 0)
(2.88886 -0.0971149 0)
(2.90147 -0.093736 0)
(2.91438 -0.0890106 0)
(2.92226 -0.0932504 0)
(2.92297 -0.0753425 0)
(2.91201 -0.0464942 0)
(2.88214 0.036162 0)
(2.82603 0.174257 0)
(2.7855 0.315096 0)
(2.70887 0.532015 0)
(2.7101 0.561915 0)
(2.70597 0.579379 0)
(2.69009 0.60164 0)
(2.671 0.624143 0)
(2.6518 0.627813 0)
(3 -1.53866e-15 0)
(3 1.78283e-14 0)
(3 1.1814e-09 0)
(3 2.372e-06 0)
(3.00026 0.00444554 0)
(2.18856 -0.115264 0)
(0.927038 -0.0177922 0)
(0.893299 0.121126 0)
(1.02761 0.172054 0)
(1.10476 0.133216 0)
(1.17161 0.101005 0)
(1.24831 0.0780476 0)
(1.33074 0.0550975 0)
(1.40672 0.0284091 0)
(1.47392 0.00845519 0)
(1.53682 -0.00252882 0)
(1.59625 -0.0130583 0)
(1.64983 -0.0184727 0)
(1.7008 -0.0232901 0)
(1.74824 -0.0298513 0)
(1.79298 -0.034156 0)
(1.83684 -0.0363273 0)
(1.88024 -0.0381679 0)
(1.92243 -0.0402258 0)
(1.96248 -0.0424974 0)
(2.00026 -0.0453188 0)
(2.0364 -0.0483466 0)
(2.07144 -0.0511089 0)
(2.10566 -0.0530761 0)
(2.13914 -0.0538441 0)
(2.17155 -0.053808 0)
(2.20207 -0.0540029 0)
(2.2299 -0.0554899 0)
(2.25515 -0.0586078 0)
(2.27911 -0.0625465 0)
(2.30323 -0.0658127 0)
(2.32781 -0.067601 0)
(2.35203 -0.0687354 0)
(2.37429 -0.0695385 0)
(2.39335 -0.0695928 0)
(2.4094 -0.068986 0)
(2.4243 -0.0683686 0)
(2.44054 -0.0684736 0)
(2.45897 -0.0689196 0)
(2.47831 -0.068872 0)
(2.49715 -0.0683796 0)
(2.51438 -0.0670272 0)
(2.52866 -0.0646605 0)
(2.5398 -0.0620143 0)
(2.54951 -0.060775 0)
(2.56172 -0.0610011 0)
(2.57854 -0.0615471 0)
(2.59778 -0.063354 0)
(2.61649 -0.0660844 0)
(2.63392 -0.0683871 0)
(2.65137 -0.0690167 0)
(2.66808 -0.0679051 0)
(2.68157 -0.0677729 0)
(2.69181 -0.0674919 0)
(2.69924 -0.0651018 0)
(2.70688 -0.0653587 0)
(2.71664 -0.0684833 0)
(2.72827 -0.0712158 0)
(2.74088 -0.0701029 0)
(2.75326 -0.0665413 0)
(2.76517 -0.0664138 0)
(2.77554 -0.0669929 0)
(2.78355 -0.0666878 0)
(2.79008 -0.0652619 0)
(2.79733 -0.0616237 0)
(2.80692 -0.0604332 0)
(2.81884 -0.0633278 0)
(2.83146 -0.0682188 0)
(2.84392 -0.0705718 0)
(2.85705 -0.0623404 0)
(2.86552 -0.0518588 0)
(2.87131 -0.0543372 0)
(2.87282 -0.0563729 0)
(2.87461 -0.0612235 0)
(2.88181 -0.0617784 0)
(2.89225 -0.0623821 0)
(2.90353 -0.0618411 0)
(2.91442 -0.0595996 0)
(2.92481 -0.0595658 0)
(2.93293 -0.0619071 0)
(2.93734 -0.0563786 0)
(2.9338 -0.0614464 0)
(2.93349 -0.0272289 0)
(2.92392 0.00350656 0)
(2.90323 0.0694742 0)
(2.85399 0.205093 0)
(2.83621 0.326566 0)
(2.7687 0.544291 0)
(2.78339 0.558066 0)
(2.74757 0.618367 0)
(2.66654 0.561613 0)
(3 -1.11276e-15 0)
(3 -1.30356e-15 0)
(3 1.51903e-13 0)
(3 1.89671e-09 0)
(3.00001 4.6926e-05 0)
(1.66132 -0.0800375 0)
(0.624475 -0.0131626 0)
(0.63038 0.0483345 0)
(0.753014 0.105175 0)
(0.885443 0.118487 0)
(1.01406 0.10852 0)
(1.13324 0.0906321 0)
(1.24706 0.0703115 0)
(1.34861 0.0491751 0)
(1.43141 0.029722 0)
(1.50614 0.0207646 0)
(1.57389 0.0115321 0)
(1.63322 0.00375011 0)
(1.68882 -0.00126927 0)
(1.73953 -0.00561343 0)
(1.78536 -0.00871369 0)
(1.82875 -0.0105174 0)
(1.87123 -0.0114016 0)
(1.91323 -0.0117097 0)
(1.95475 -0.0119207 0)
(1.99546 -0.0125712 0)
(2.03489 -0.0136682 0)
(2.07277 -0.0148867 0)
(2.10902 -0.0157916 0)
(2.14369 -0.016223 0)
(2.17663 -0.0164754 0)
(2.2073 -0.0169656 0)
(2.23549 -0.017958 0)
(2.26203 -0.0194606 0)
(2.28795 -0.0210271 0)
(2.3138 -0.0220804 0)
(2.33938 -0.0226531 0)
(2.36376 -0.0231121 0)
(2.3856 -0.0234285 0)
(2.4043 -0.0234761 0)
(2.42031 -0.0233222 0)
(2.43486 -0.0228692 0)
(2.44992 -0.0222852 0)
(2.46698 -0.0219801 0)
(2.48639 -0.0223204 0)
(2.50787 -0.023536 0)
(2.53046 -0.0254979 0)
(2.55036 -0.0269001 0)
(2.56377 -0.0261041 0)
(2.5696 -0.0232294 0)
(2.57424 -0.0209067 0)
(2.58542 -0.0206386 0)
(2.60255 -0.0218982 0)
(2.62292 -0.0236392 0)
(2.64489 -0.0250859 0)
(2.66653 -0.0256752 0)
(2.68633 -0.0255541 0)
(2.70147 -0.0249463 0)
(2.70831 -0.0228223 0)
(2.70979 -0.0208992 0)
(2.71299 -0.0210256 0)
(2.72101 -0.0221547 0)
(2.73209 -0.0229469 0)
(2.74496 -0.022167 0)
(2.75968 -0.0211089 0)
(2.77539 -0.0219324 0)
(2.78744 -0.0226956 0)
(2.79337 -0.0225019 0)
(2.79578 -0.0211287 0)
(2.80087 -0.0188949 0)
(2.81184 -0.0184546 0)
(2.82509 -0.0198681 0)
(2.83592 -0.021069 0)
(2.84351 -0.0229883 0)
(2.84779 -0.0244377 0)
(2.85152 -0.0277537 0)
(2.85531 -0.0312852 0)
(2.85443 -0.0323349 0)
(2.85569 -0.0352129 0)
(2.86249 -0.0358016 0)
(2.87208 -0.0357309 0)
(2.88285 -0.0348933 0)
(2.89437 -0.033248 0)
(2.90632 -0.0330324 0)
(2.91619 -0.0345481 0)
(2.92285 -0.0330893 0)
(2.92477 -0.0327938 0)
(2.92669 -0.03538 0)
(2.92048 -0.0312686 0)
(2.93529 -0.020043 0)
(2.9316 -0.00250215 0)
(2.91416 0.0452464 0)
(2.85807 0.149244 0)
(2.80169 0.231254 0)
(2.71935 0.33802 0)
(2.65942 0.341575 0)
)
;

boundaryField
{
    inlet
    {
        type            fixedValue;
        value           uniform (3 0 0);
    }
    outlet
    {
        type            inletOutlet;
        inletValue      uniform (3 0 0);
        value           nonuniform List<vector> 
32
(
(2.36943 0.0103327 0)
(2.38378 0.0177932 0)
(2.39577 0.0274113 0)
(2.40774 0.0455678 0)
(2.41954 0.0670944 0)
(2.42903 0.0867193 0)
(2.43666 0.106109 0)
(2.44245 0.135768 0)
(2.44742 0.1628 0)
(2.45247 0.177898 0)
(2.45795 0.192271 0)
(2.47041 0.202993 0)
(2.48062 0.213455 0)
(2.47939 0.232066 0)
(2.48665 0.258035 0)
(2.50657 0.280698 0)
(2.53125 0.304855 0)
(2.55977 0.32452 0)
(2.58298 0.355808 0)
(2.58997 0.382911 0)
(2.59821 0.402523 0)
(2.60144 0.423165 0)
(2.59745 0.444628 0)
(2.59935 0.47118 0)
(2.61629 0.495673 0)
(2.61815 0.525839 0)
(2.62913 0.55276 0)
(2.64828 0.569337 0)
(2.64465 0.599529 0)
(2.6518 0.627813 0)
(2.66654 0.561613 0)
(2.65942 0.341575 0)
)
;
    }
    bottom
    {
        type            symmetryPlane;
    }
    top
    {
        type            symmetryPlane;
    }
    obstacle
    {
        type            slip;
    }
    defaultFaces
    {
        type            empty;
    }
}


// ************************************************************************* //
