/*--------------------------------*- C++ -*----------------------------------*\
  =========                 |
  \\      /  F ield         | OpenFOAM: The Open Source CFD Toolbox
   \\    /   O peration     | Website:  https://openfoam.org
    \\  /    A nd           | Version:  7
     \\/     M anipulation  |
\*---------------------------------------------------------------------------*/
FoamFile
{
    version     2.0;
    format      ascii;
    class       volVectorField;
    location    "3.8";
    object      U;
}
// * * * * * * * * * * * * * * * * * * * * * * * * * * * * * * * * * * * * * //

dimensions      [0 1 -1 0 0 0 0];

internalField   nonuniform List<vector> 
4032
(
(3 2.48086e-17 0)
(3 4.93099e-17 0)
(3 8.61168e-17 0)
(3 -3.71382e-17 0)
(3 -2.04593e-16 0)
(3 -2.6652e-16 0)
(3 -2.92266e-16 0)
(3 -1.645e-16 0)
(3 -2.29237e-16 0)
(3 -1.22957e-16 0)
(3 6.42552e-17 0)
(2.92281 0.002928 0)
(0.999805 0.016982 0)
(0.70586 0.0194654 0)
(0.653247 0.0237533 0)
(0.593195 0.0253411 0)
(0.533256 0.026798 0)
(0.470993 0.0283498 0)
(0.406568 0.0298991 0)
(0.339931 0.0314564 0)
(0.271152 0.0330647 0)
(0.199219 0.0354151 0)
(0.123223 0.0371884 0)
(0.0451797 0.0412467 0)
(3 1.74712e-16 0)
(3 5.51789e-16 0)
(3 2.2829e-16 0)
(3 1.2144e-16 0)
(3 5.06811e-17 0)
(3 -9.55555e-17 0)
(3 -2.80596e-16 0)
(3 -6.0361e-16 0)
(3 -1.00544e-15 0)
(3 -5.61735e-16 0)
(3 3.94778e-16 0)
(2.93364 0.0208961 0)
(1.00902 0.0772961 0)
(0.695487 0.0682704 0)
(0.641515 0.0719423 0)
(0.583176 0.0770576 0)
(0.524096 0.0821833 0)
(0.462301 0.0876504 0)
(0.397897 0.0929827 0)
(0.330986 0.0981295 0)
(0.261999 0.102932 0)
(0.190671 0.109748 0)
(0.116148 0.114706 0)
(0.0417989 0.124736 0)
(3 1.07854e-16 0)
(3 3.3759e-16 0)
(3 3.17203e-16 0)
(3 1.30854e-16 0)
(3 2.47383e-16 0)
(3 -1.70088e-16 0)
(3 -6.61153e-16 0)
(3 -7.33435e-16 0)
(3 -3.68267e-16 0)
(3 2.01081e-16 0)
(3 1.07476e-15 0)
(2.97537 0.0226288 0)
(1.05078 0.138289 0)
(0.715067 0.115281 0)
(0.660303 0.121527 0)
(0.600008 0.12992 0)
(0.539424 0.13844 0)
(0.476981 0.147687 0)
(0.41211 0.156841 0)
(0.344232 0.165693 0)
(0.273146 0.173471 0)
(0.198985 0.184202 0)
(0.120514 0.191362 0)
(0.0432454 0.20492 0)
(3 1.8632e-17 0)
(3 -2.92841e-16 0)
(3 1.30042e-16 0)
(3 2.11448e-16 0)
(3 1.02626e-16 0)
(3 -1.22997e-16 0)
(3 -3.89383e-16 0)
(3 2.6683e-18 0)
(3 5.0641e-16 0)
(3 3.96809e-16 0)
(3 1.43142e-16 0)
(3.00429 0.00326585 0)
(1.13166 0.181383 0)
(0.739755 0.154896 0)
(0.686979 0.168032 0)
(0.629201 0.180016 0)
(0.569902 0.19143 0)
(0.508566 0.204499 0)
(0.443609 0.218608 0)
(0.373529 0.233849 0)
(0.297445 0.247795 0)
(0.217096 0.26493 0)
(0.131317 0.276034 0)
(0.0459723 0.292255 0)
(3 9.77852e-17 0)
(3 1.02417e-17 0)
(3 -6.26163e-17 0)
(3 -8.69808e-18 0)
(3 -1.19298e-17 0)
(3 2.97174e-16 0)
(3 3.28973e-16 0)
(3 7.10764e-16 0)
(3 6.79063e-16 0)
(3 3.24243e-16 0)
(3 -1.04135e-15 0)
(3.0002 1.15425e-05 0)
(1.2534 0.227235 0)
(0.748236 0.199656 0)
(0.68942 0.21666 0)
(0.635378 0.232515 0)
(0.579313 0.247089 0)
(0.521789 0.264713 0)
(0.46065 0.284816 0)
(0.394806 0.30751 0)
(0.321869 0.327789 0)
(0.242804 0.351394 0)
(0.151605 0.369216 0)
(0.056046 0.391795 0)
(3 3.04221e-17 0)
(3 7.59395e-17 0)
(3 -1.82491e-16 0)
(3 -8.22899e-17 0)
(3 -3.08077e-16 0)
(3 -4.92575e-16 0)
(3 1.33006e-16 0)
(3 3.41846e-16 0)
(3 2.59217e-16 0)
(3 1.67349e-16 0)
(3 -5.07838e-16 0)
(3 -3.06133e-08 0)
(1.44744 0.277251 0)
(0.766997 0.25144 0)
(0.691235 0.262332 0)
(0.641122 0.279133 0)
(0.590765 0.29574 0)
(0.541315 0.31712 0)
(0.488187 0.342808 0)
(0.428696 0.374561 0)
(0.355948 0.407276 0)
(0.271185 0.446467 0)
(0.16959 0.481814 0)
(0.0570667 0.513519 0)
(3 -1.46208e-16 0)
(3 -3.36852e-16 0)
(3 -1.15921e-16 0)
(3 3.18564e-16 0)
(3 8.19962e-17 0)
(3 -3.43656e-16 0)
(3 -2.61598e-16 0)
(3 -8.17625e-16 0)
(3 -9.37482e-16 0)
(3 -7.90251e-16 0)
(3 -6.4057e-16 0)
(3 -2.10525e-08 0)
(1.73534 0.328979 0)
(0.80012 0.318702 0)
(0.694359 0.313053 0)
(0.641892 0.325734 0)
(0.59262 0.341715 0)
(0.548288 0.365837 0)
(0.502956 0.398174 0)
(0.455456 0.441436 0)
(0.396547 0.490732 0)
(0.327651 0.544622 0)
(0.236249 0.597409 0)
(0.102495 0.658552 0)
(3 6.79187e-18 0)
(3 1.62063e-16 0)
(3 3.57295e-16 0)
(3 1.05203e-16 0)
(3 2.44117e-16 0)
(3 2.05628e-16 0)
(3 -1.15788e-16 0)
(3 -6.7651e-16 0)
(3 -1.53706e-15 0)
(3 -1.73773e-15 0)
(3 -9.42265e-16 0)
(3 -4.04753e-09 0)
(2.15944 0.361979 0)
(0.865198 0.40473 0)
(0.722935 0.3738 0)
(0.670791 0.381424 0)
(0.620474 0.392131 0)
(0.576245 0.413575 0)
(0.53586 0.447927 0)
(0.496818 0.496883 0)
(0.454193 0.558133 0)
(0.393574 0.641284 0)
(0.275822 0.758913 0)
(0.152191 0.924096 0)
(3 -4.07948e-17 0)
(3 1.15502e-16 0)
(3 1.78367e-16 0)
(3 -2.37676e-16 0)
(3 4.67347e-17 0)
(3 6.13339e-16 0)
(3 3.39527e-16 0)
(3 2.79154e-16 0)
(3 -2.46221e-16 0)
(3 -1.30059e-15 0)
(3 -1.03814e-15 0)
(3 -3.77337e-10 0)
(2.75152 0.262403 0)
(1.01483 0.479406 0)
(0.81274 0.412526 0)
(0.758194 0.420751 0)
(0.696263 0.437602 0)
(0.641194 0.459157 0)
(0.59603 0.493211 0)
(0.55866 0.544867 0)
(0.525836 0.622402 0)
(0.494021 0.748507 0)
(0.463856 0.922528 0)
(0.578098 1.20229 0)
(3 -1.52641e-16 0)
(3 -1.93899e-16 0)
(3 1.80193e-16 0)
(3 2.8898e-16 0)
(3 4.94728e-16 0)
(3 7.1182e-16 0)
(3 6.46923e-16 0)
(3 5.75607e-16 0)
(3 2.93384e-16 0)
(3 -5.26067e-16 0)
(3 -4.99675e-16 0)
(3 -1.24418e-11 0)
(3.06721 0.028503 0)
(1.24709 0.46885 0)
(0.882407 0.454355 0)
(0.839232 0.485016 0)
(0.783546 0.497581 0)
(0.726958 0.514436 0)
(0.677181 0.544022 0)
(0.637211 0.59356 0)
(0.618671 0.677432 0)
(0.619497 0.81332 0)
(0.684491 0.963908 0)
(0.969779 1.13937 0)
(3 9.4586e-17 0)
(3 2.08247e-16 0)
(3 4.52498e-17 0)
(3 5.40241e-16 0)
(3 4.59538e-16 0)
(3 2.25855e-16 0)
(3 1.23816e-16 0)
(3 9.69147e-17 0)
(3 -5.21338e-17 0)
(3 -5.79041e-16 0)
(3 -3.11417e-16 0)
(3 -1.89471e-13 0)
(3.00513 2.77785e-05 0)
(1.48615 0.464519 0)
(0.878244 0.516211 0)
(0.833978 0.538356 0)
(0.801989 0.558576 0)
(0.773448 0.579376 0)
(0.743851 0.606815 0)
(0.717383 0.646339 0)
(0.718314 0.717405 0)
(0.74597 0.831729 0)
(0.869157 0.9575 0)
(1.1762 1.06531 0)
(3 5.29952e-17 0)
(3 3.5995e-16 0)
(3 -8.08724e-17 0)
(3 -3.48596e-16 0)
(3 -3.6256e-16 0)
(3 -1.36834e-16 0)
(3 -1.18784e-16 0)
(3 3.51363e-17 0)
(3 1.72712e-17 0)
(3 1.72285e-16 0)
(3 8.55276e-16 0)
(3 -2.24805e-16 0)
(3.00003 -1.17281e-06 0)
(2.04174 0.491462 0)
(0.936136 0.58336 0)
(0.855264 0.561591 0)
(0.842041 0.585815 0)
(0.828495 0.612866 0)
(0.816016 0.645845 0)
(0.804828 0.682205 0)
(0.816334 0.743304 0)
(0.864798 0.832483 0)
(1.00844 0.935363 0)
(1.27301 1.00463 0)
(3 -3.39343e-17 0)
(3 -7.99619e-17 0)
(3 -2.14708e-17 0)
(3 -4.12388e-16 0)
(3 -7.39556e-16 0)
(3 -3.06013e-16 0)
(3 -2.26402e-16 0)
(3 -1.64322e-16 0)
(3 1.81878e-16 0)
(3 1.93656e-15 0)
(3 2.72223e-15 0)
(3 2.66063e-15 0)
(3 -1.31346e-06 0)
(2.85274 0.267861 0)
(1.12611 0.628831 0)
(0.93113 0.571235 0)
(0.909498 0.6011 0)
(0.893257 0.634955 0)
(0.887009 0.674074 0)
(0.889309 0.713088 0)
(0.907637 0.763824 0)
(0.968489 0.829493 0)
(1.10518 0.901345 0)
(1.31678 0.943509 0)
(3 8.97532e-17 0)
(3 -1.63045e-16 0)
(3 3.59436e-17 0)
(3 3.18779e-16 0)
(3 4.15902e-16 0)
(3 -8.6597e-17 0)
(3 9.15495e-17 0)
(3 -5.27038e-17 0)
(3 6.28558e-16 0)
(3 1.27051e-15 0)
(3 1.39446e-15 0)
(3 1.4564e-15 0)
(3 -2.67647e-07 0)
(3.06363 0.0157859 0)
(1.44621 0.61381 0)
(0.991212 0.651935 0)
(0.945561 0.653699 0)
(0.929434 0.674812 0)
(0.935315 0.70589 0)
(0.954197 0.742815 0)
(0.987931 0.78353 0)
(1.0573 0.831736 0)
(1.17973 0.880214 0)
(1.34753 0.905598 0)
(3 8.82204e-17 0)
(3 1.0573e-16 0)
(3 -1.22617e-16 0)
(3 1.41747e-16 0)
(3 7.36837e-16 0)
(3 1.10643e-15 0)
(3 1.06272e-15 0)
(3 1.00981e-15 0)
(3 1.03773e-15 0)
(3 3.98476e-16 0)
(3 2.93521e-16 0)
(3 3.05554e-16 0)
(3 -2.58567e-08 0)
(3.00233 2.39401e-05 0)
(2.04444 0.591952 0)
(1.05394 0.719009 0)
(1.00172 0.691166 0)
(0.989788 0.692631 0)
(0.995353 0.715151 0)
(1.01676 0.748123 0)
(1.05862 0.786941 0)
(1.12953 0.825362 0)
(1.23426 0.856745 0)
(1.36738 0.870321 0)
(3 -1.28713e-16 0)
(3 -2.81082e-16 0)
(3 -1.47362e-16 0)
(3 2.39579e-16 0)
(3 5.85674e-16 0)
(3 9.17827e-16 0)
(3 8.18962e-16 0)
(3 1.1159e-15 0)
(3 1.73011e-15 0)
(3 1.36657e-15 0)
(3 6.83847e-16 0)
(3 1.93452e-16 0)
(3 -7.56227e-10 0)
(3.00001 -1.82718e-07 0)
(2.98189 0.19273 0)
(1.29488 0.688155 0)
(1.07685 0.710045 0)
(1.07946 0.71475 0)
(1.07765 0.738822 0)
(1.08811 0.768149 0)
(1.12342 0.797408 0)
(1.18853 0.828547 0)
(1.27761 0.850313 0)
(1.38839 0.857472 0)
(3 -7.05706e-17 0)
(3 -2.78677e-16 0)
(3 -3.18283e-16 0)
(3 -3.17155e-16 0)
(3 -3.60951e-17 0)
(3 9.2823e-17 0)
(3 1.40742e-16 0)
(3 2.68162e-16 0)
(3 2.63536e-16 0)
(3 4.03419e-16 0)
(3 1.3952e-16 0)
(3 1.46778e-16 0)
(3 -1.47871e-12 0)
(3 -2.85116e-07 0)
(3.03589 0.00425153 0)
(1.59472 0.655327 0)
(1.09584 0.755096 0)
(1.10393 0.761273 0)
(1.11144 0.779214 0)
(1.13556 0.79416 0)
(1.17421 0.809482 0)
(1.23422 0.824946 0)
(1.3109 0.837493 0)
(1.4075 0.840216 0)
(3 2.75469e-17 0)
(3 -1.76447e-16 0)
(3 -4.05635e-16 0)
(3 -7.08082e-16 0)
(3 -9.25784e-16 0)
(3 -5.72712e-16 0)
(3 -3.08951e-17 0)
(3 -6.24564e-17 0)
(3 -1.67773e-16 0)
(3 4.39615e-17 0)
(3 1.42822e-16 0)
(3 -5.87447e-16 0)
(3 -2.47508e-15 0)
(3 -5.02212e-08 0)
(3.0006 2.02711e-05 0)
(2.44619 0.488529 0)
(1.2143 0.786606 0)
(1.13037 0.788641 0)
(1.14461 0.7912 0)
(1.1718 0.802287 0)
(1.21269 0.816137 0)
(1.26914 0.829384 0)
(1.33965 0.838676 0)
(1.42458 0.838928 0)
(3 1.07005e-16 0)
(3 5.40456e-16 0)
(3 3.27208e-16 0)
(3 -1.26255e-16 0)
(3 -7.37837e-16 0)
(3 -5.5574e-16 0)
(3 1.51747e-16 0)
(3 1.61768e-16 0)
(3 2.98975e-16 0)
(3 6.16537e-17 0)
(3 -6.54887e-16 0)
(3 -1.29448e-15 0)
(3 -8.01047e-16 0)
(3 -1.11624e-09 0)
(3.00003 -9.26054e-06 0)
(3.06234 0.0613262 0)
(1.58608 0.774625 0)
(1.18323 0.786985 0)
(1.19763 0.794447 0)
(1.2169 0.806249 0)
(1.25329 0.816571 0)
(1.30234 0.826537 0)
(1.36551 0.832074 0)
(1.44057 0.83118 0)
(3 -4.66124e-17 0)
(3 3.18406e-16 0)
(3 5.86344e-16 0)
(3 5.01493e-16 0)
(3 3.19571e-16 0)
(3 -8.72929e-16 0)
(3 -1.11499e-15 0)
(3 -9.29043e-16 0)
(3 -9.65987e-16 0)
(3 -9.84605e-16 0)
(3 -7.47243e-16 0)
(3 -5.71815e-16 0)
(3 4.52855e-18 0)
(3 -2.59919e-12 0)
(3 -2.28236e-06 0)
(3.00679 0.00119947 0)
(2.36163 0.608198 0)
(1.27965 0.854205 0)
(1.22616 0.839117 0)
(1.25343 0.834833 0)
(1.2837 0.837521 0)
(1.32797 0.840382 0)
(1.38454 0.840147 0)
(1.4504 0.837202 0)
(3 -3.40556e-17 0)
(3 -2.18687e-16 0)
(3 3.48207e-16 0)
(3 5.58218e-16 0)
(3 7.04442e-16 0)
(3 2.7139e-16 0)
(3 -1.11007e-15 0)
(3 -1.51839e-15 0)
(3 -1.95309e-15 0)
(3 -1.9106e-15 0)
(3 -6.82995e-16 0)
(3 1.38273e-16 0)
(3 2.28642e-16 0)
(3 2.06694e-13 0)
(3 -1.942e-07 0)
(3.00002 6.74943e-06 0)
(3.04923 0.0979265 0)
(1.66541 0.828454 0)
(1.27469 0.840423 0)
(1.30373 0.837804 0)
(1.32462 0.838978 0)
(1.36275 0.837556 0)
(1.41134 0.835232 0)
(1.468 0.832335 0)
(3 8.30456e-17 0)
(3 6.31287e-17 0)
(3 1.20354e-16 0)
(3 1.67323e-17 0)
(3 2.51916e-16 0)
(3 5.8478e-16 0)
(3 1.78076e-16 0)
(3 -3.48951e-16 0)
(3 -1.11397e-15 0)
(3 -1.59232e-15 0)
(3 -1.55538e-15 0)
(3 -7.89321e-16 0)
(3 -2.96735e-16 0)
(3 4.62333e-14 0)
(3 -2.30585e-09 0)
(3 -1.19468e-07 0)
(3.00823 0.00308018 0)
(2.4935 0.59735 0)
(1.38317 0.89806 0)
(1.33313 0.87781 0)
(1.36127 0.86655 0)
(1.39238 0.861352 0)
(1.43241 0.856334 0)
(1.48038 0.849811 0)
(3 5.58582e-17 0)
(3 1.81979e-16 0)
(3 -5.26369e-16 0)
(3 -5.32066e-16 0)
(3 -4.77199e-16 0)
(3 -2.78077e-16 0)
(3 6.93073e-16 0)
(3 7.33422e-16 0)
(3 2.06274e-17 0)
(3 1.59564e-16 0)
(3 -1.52009e-16 0)
(3 -1.01588e-16 0)
(3 -2.73331e-16 0)
(3 5.90886e-15 0)
(3 -4.98224e-12 0)
(3 -2.98164e-08 0)
(3.00003 3.122e-05 0)
(3.04744 0.0756652 0)
(1.81391 0.820568 0)
(1.37411 0.889982 0)
(1.40996 0.880803 0)
(1.43615 0.872754 0)
(1.46844 0.863258 0)
(1.50737 0.852162 0)
(3 -7.50727e-18 0)
(3 -1.07076e-16 0)
(3 -4.06745e-16 0)
(3 -3.85262e-16 0)
(3 -2.46671e-16 0)
(3 -3.35348e-16 0)
(3 -2.22393e-16 0)
(3 -8.94979e-17 0)
(3 1.47288e-16 0)
(3 5.06015e-16 0)
(3 8.02345e-16 0)
(3 8.79637e-16 0)
(3 8.92762e-16 0)
(3 7.49868e-16 0)
(3 -2.51409e-15 0)
(3 -2.80858e-09 0)
(3 1.51863e-08 0)
(3.00417 0.00300791 0)
(2.68258 0.46406 0)
(1.55334 0.931609 0)
(1.42741 0.907902 0)
(1.46291 0.901003 0)
(1.49301 0.890721 0)
(1.52871 0.875092 0)
(3 -2.93822e-17 0)
(3 -1.99091e-16 0)
(3 -3.01302e-17 0)
(3 -5.71788e-17 0)
(3 -5.31929e-18 0)
(3 -3.488e-17 0)
(3 -2.08617e-17 0)
(3 2.824e-16 0)
(3 2.86748e-16 0)
(3 7.17575e-16 0)
(3 1.12473e-15 0)
(3 4.03358e-16 0)
(3 -7.76971e-19 0)
(3 -1.61793e-16 0)
(3 -3.66004e-16 0)
(3 -1.12525e-10 0)
(3 -1.11058e-10 0)
(3.00001 2.28843e-05 0)
(3.02868 0.0381317 0)
(2.09243 0.778666 0)
(1.49052 0.920632 0)
(1.4979 0.912317 0)
(1.52744 0.898599 0)
(1.55932 0.883836 0)
(3 -4.35502e-18 0)
(3 7.99259e-18 0)
(3 1.64207e-16 0)
(3 1.37561e-16 0)
(3 -1.12356e-16 0)
(3 -3.98244e-16 0)
(3 2.88771e-16 0)
(3 8.39017e-16 0)
(3 8.69429e-16 0)
(3 7.04554e-16 0)
(3 1.18491e-15 0)
(3 5.52629e-16 0)
(3 5.49894e-18 0)
(3 -1.18618e-16 0)
(3 2.50867e-16 0)
(3 -9.94234e-13 0)
(3 -3.52459e-11 0)
(3 1.31575e-08 0)
(3.00093 0.00155864 0)
(2.89116 0.258048 0)
(1.78211 0.887129 0)
(1.52058 0.932398 0)
(1.55459 0.920752 0)
(1.58823 0.904867 0)
(3 -1.06508e-17 0)
(3 1.65873e-16 0)
(3 3.75201e-16 0)
(3 2.76334e-16 0)
(3 1.54108e-16 0)
(3 6.73266e-18 0)
(3 6.79712e-17 0)
(3 5.86871e-16 0)
(3 9.2114e-16 0)
(3 5.57666e-16 0)
(3 3.41755e-16 0)
(3 4.61725e-16 0)
(3 2.80049e-16 0)
(3 1.22954e-17 0)
(3 2.31968e-16 0)
(3 -2.70359e-15 0)
(3 -4.70024e-12 0)
(3 -2.70232e-12 0)
(3 6.20124e-06 0)
(3.00771 0.0160972 0)
(2.49368 0.586151 0)
(1.64418 0.954721 0)
(1.56315 0.939556 0)
(1.60016 0.92658 0)
(3 5.53558e-17 0)
(3 -3.3793e-17 0)
(3 -2.22991e-16 0)
(3 -4.88479e-16 0)
(3 2.5253e-16 0)
(3 4.03202e-16 0)
(3 3.26975e-16 0)
(3 3.8679e-16 0)
(3 5.5496e-16 0)
(3 4.80584e-16 0)
(3 -2.4379e-16 0)
(3 -2.36119e-17 0)
(3 3.34056e-17 0)
(3 -8.54135e-17 0)
(3 -5.29712e-16 0)
(3 -8.78443e-18 0)
(3 -1.53395e-13 0)
(3 -8.68713e-13 0)
(3 2.96186e-09 0)
(3.00002 0.000378471 0)
(2.99596 0.0837218 0)
(2.11998 0.789309 0)
(1.62361 0.946176 0)
(1.61885 0.942615 0)
(3 -2.7142e-17 0)
(3 6.27843e-17 0)
(3 -9.95568e-17 0)
(3 -9.90358e-17 0)
(3 -4.73393e-17 0)
(3 -2.94294e-16 0)
(3 -3.10007e-16 0)
(3 -7.94717e-16 0)
(3 -5.6439e-16 0)
(3 5.34821e-17 0)
(3 3.84929e-16 0)
(3 8.31658e-16 0)
(3 5.0561e-16 0)
(3 1.64081e-16 0)
(3 1.07517e-16 0)
(3 8.6761e-16 0)
(3 -1.4295e-16 0)
(3 -1.75092e-13 0)
(3 5.71118e-13 0)
(3 6.89137e-07 0)
(3.0008 0.0042614 0)
(2.84449 0.283158 0)
(1.90967 0.879935 0)
(1.65503 0.95588 0)
(3 -2.30631e-16 0)
(3 -2.30092e-16 0)
(3 -5.07968e-16 0)
(3 -3.86178e-16 0)
(3 -5.63316e-16 0)
(3 -4.16083e-16 0)
(3 -5.52826e-16 0)
(3 -4.20521e-16 0)
(3 -2.84448e-16 0)
(3 3.58143e-16 0)
(3 9.03315e-16 0)
(3 8.81736e-16 0)
(3 7.17467e-16 0)
(3 7.83737e-16 0)
(3 1.45442e-15 0)
(3 1.71546e-15 0)
(3 8.77001e-16 0)
(3 -1.39488e-14 0)
(3 -1.348e-14 0)
(3 3.83434e-10 0)
(3 2.99262e-05 0)
(3.00097 0.0208702 0)
(2.56881 0.514508 0)
(1.82372 0.934895 0)
(3 8.06126e-18 0)
(3 -9.29649e-17 0)
(3 7.10087e-18 0)
(3 -4.0565e-17 0)
(3 -3.97455e-16 0)
(3 -2.55029e-16 0)
(3 2.82035e-17 0)
(3 6.7267e-17 0)
(3 -1.25026e-16 0)
(3 -3.72502e-17 0)
(3 2.45105e-16 0)
(3 -1.45269e-16 0)
(3 3.73765e-16 0)
(3 1.27592e-15 0)
(3 2.01182e-15 0)
(3 1.6957e-15 0)
(3 1.14396e-15 0)
(3 -3.81092e-16 0)
(3 -5.26637e-15 0)
(3 6.09029e-14 0)
(3 2.72908e-08 0)
(2.99994 0.000494616 0)
(2.98115 0.0660741 0)
(2.33979 0.685542 0)
(3 8.41008e-17 0)
(3 4.22311e-16 0)
(3 5.4433e-16 0)
(3 4.98425e-16 0)
(3 1.3389e-16 0)
(3 9.27164e-17 0)
(3 -1.49232e-16 0)
(3 -2.4806e-16 0)
(3 -3.39443e-16 0)
(3 -2.21212e-16 0)
(3 -2.72653e-18 0)
(3 4.66787e-16 0)
(3 -5.73255e-17 0)
(3 5.02149e-17 0)
(3 3.74633e-16 0)
(3 7.91808e-16 0)
(3 3.53487e-16 0)
(3 4.65455e-16 0)
(3 -1.46741e-16 0)
(3 -5.85307e-16 0)
(3 1.24679e-11 0)
(3 1.04624e-06 0)
(2.99971 0.00295367 0)
(2.91273 0.168346 0)
(3 4.75584e-17 0)
(3 7.62605e-17 0)
(3 1.90312e-17 0)
(3 -1.10485e-16 0)
(3 1.70627e-16 0)
(3 4.58202e-16 0)
(3 -1.93399e-16 0)
(3 -8.34967e-16 0)
(3 -8.37936e-16 0)
(3 -8.76749e-16 0)
(3 -8.49731e-16 0)
(3 2.11973e-16 0)
(3 4.74603e-16 0)
(3 -7.71825e-18 0)
(3 -4.368e-16 0)
(3 -5.98248e-16 0)
(3 -5.93129e-17 0)
(3 7.50715e-16 0)
(3 1.14883e-15 0)
(3 2.09395e-16 0)
(3 1.32714e-15 0)
(3 9.73889e-10 0)
(3 1.29165e-05 0)
(2.99705 0.0124826 0)
(3 1.48803e-18 0)
(3 -5.522e-16 0)
(3 -4.5243e-16 0)
(3 -3.51433e-16 0)
(3 1.43541e-16 0)
(3 2.6067e-16 0)
(3 1.79672e-17 0)
(3 -6.29598e-16 0)
(3 -1.50651e-15 0)
(3 -1.95141e-15 0)
(3 -1.82714e-15 0)
(3 -9.53315e-16 0)
(3 4.99539e-16 0)
(3 5.41217e-16 0)
(3 -3.70392e-16 0)
(3 -6.51828e-16 0)
(3 1.63805e-16 0)
(3 7.99624e-16 0)
(3 1.18607e-15 0)
(3 5.41177e-16 0)
(3 1.82258e-16 0)
(3 1.5782e-13 0)
(3 1.48077e-08 0)
(2.99995 0.000155188 0)
(3 -1.41218e-17 0)
(3 -1.44239e-16 0)
(3 -2.93752e-16 0)
(3 -1.05051e-16 0)
(3 -2.79444e-16 0)
(3 -3.76605e-16 0)
(3 -8.91607e-18 0)
(3 4.57626e-16 0)
(3 3.09862e-16 0)
(3 1.73415e-16 0)
(3 -3.5375e-16 0)
(3 -1.13642e-15 0)
(3 -2.28067e-16 0)
(3 5.03069e-16 0)
(3 6.49239e-16 0)
(3 5.63057e-16 0)
(3 9.87345e-16 0)
(3 1.48184e-15 0)
(3 1.00693e-15 0)
(3 2.95299e-16 0)
(3 -6.4913e-17 0)
(3 -4.8008e-16 0)
(3 6.78807e-12 0)
(3 1.35168e-07 0)
(3 -5.30353e-17 0)
(3 -5.74571e-17 0)
(3 -1.03522e-16 0)
(3 2.71728e-16 0)
(3 -8.4564e-17 0)
(3 -6.43705e-16 0)
(3 -6.55362e-16 0)
(3 1.09328e-16 0)
(3 1.19652e-15 0)
(3 1.12128e-15 0)
(3 2.21589e-16 0)
(3 -9.43296e-16 0)
(3 -8.27675e-16 0)
(3 2.01757e-16 0)
(3 7.40636e-16 0)
(3 6.76742e-16 0)
(3 4.89808e-16 0)
(3 4.22323e-16 0)
(3 -9.40801e-17 0)
(3 -4.00461e-16 0)
(3 -2.22775e-16 0)
(3 6.7931e-16 0)
(3 2.00892e-15 0)
(3 9.42036e-11 0)
(3 -6.26731e-17 0)
(3 -4.72998e-16 0)
(3 -6.27202e-16 0)
(3 -4.40024e-16 0)
(3 -5.28315e-16 0)
(3 -7.3406e-16 0)
(3 -9.44905e-16 0)
(3 -4.84444e-16 0)
(3 6.94746e-17 0)
(3 -1.27966e-16 0)
(3 -4.41177e-17 0)
(3 -8.02364e-17 0)
(3 -7.05991e-16 0)
(3 -9.73242e-16 0)
(3 -5.96362e-16 0)
(3 -1.97768e-16 0)
(3 4.38478e-17 0)
(3 -1.08095e-16 0)
(3 -2.4067e-16 0)
(3 -5.24211e-17 0)
(3 3.6763e-17 0)
(3 3.15176e-16 0)
(3 1.65997e-16 0)
(3 6.32531e-15 0)
(3 -4.29386e-17 0)
(3 3.84074e-16 0)
(3 1.44248e-17 0)
(3 -6.75055e-16 0)
(3 -7.26222e-16 0)
(3 -4.78961e-16 0)
(3 -5.11624e-16 0)
(3 -2.62285e-16 0)
(3 -8.73506e-17 0)
(3 6.31691e-17 0)
(3 6.45775e-16 0)
(3 6.1594e-16 0)
(3 -9.79824e-18 0)
(3 -1.15646e-15 0)
(3 -1.16448e-15 0)
(3 -8.29582e-16 0)
(3 -5.86382e-16 0)
(3 -5.15717e-16 0)
(3 -3.96328e-16 0)
(3 2.94206e-16 0)
(3 2.42435e-16 0)
(3 -5.49573e-16 0)
(3 -1.03219e-15 0)
(3 -9.89895e-16 0)
(3 9.75015e-17 0)
(3 1.13453e-15 0)
(3 8.89432e-16 0)
(3 3.77742e-16 0)
(3 2.69708e-16 0)
(3 -3.77825e-16 0)
(3 -9.61718e-16 0)
(3 -1.23006e-15 0)
(3 -4.86037e-16 0)
(3 -1.01659e-17 0)
(3 5.43325e-16 0)
(3 8.85407e-16 0)
(3 8.13983e-17 0)
(3 -5.57212e-16 0)
(3 -1.33202e-15 0)
(3 -1.16592e-15 0)
(3 -8.89867e-16 0)
(3 -1.17938e-15 0)
(3 -1.97658e-15 0)
(3 -1.84894e-15 0)
(3 -1.25194e-15 0)
(3 -9.57862e-16 0)
(3 -8.83762e-16 0)
(3 -1.16631e-15 0)
(3 -5.84341e-17 0)
(3 3.62873e-16 0)
(3 6.66202e-16 0)
(3 3.21855e-16 0)
(3 1.30563e-16 0)
(3 -4.81742e-16 0)
(3 -7.82864e-16 0)
(3 -8.41728e-16 0)
(3 -1.44887e-16 0)
(3 1.43952e-16 0)
(3 1.93699e-16 0)
(3 3.00862e-16 0)
(3 3.18845e-16 0)
(3 -3.44839e-17 0)
(3 -2.82334e-16 0)
(3 -9.5851e-17 0)
(3 2.91927e-17 0)
(3 -9.45227e-16 0)
(3 -1.70648e-15 0)
(3 -1.7382e-15 0)
(3 -1.45936e-15 0)
(3 -5.8347e-16 0)
(3 -2.48603e-16 0)
(3 -3.25537e-16 0)
(1.4858 1.27135 0)
(1.88507 1.3011 0)
(2.3629 1.1325 0)
(2.60218 0.858549 0)
(2.54774 0.337425 0)
(2.55914 0.00459759 0)
(2.47481 -0.232207 0)
(2.39734 -0.410804 0)
(2.43012 -0.392392 0)
(2.49272 -0.243735 0)
(2.49141 -0.23353 0)
(2.46833 -0.220515 0)
(2.42379 -0.178252 0)
(2.37455 -0.135052 0)
(2.33268 -0.113265 0)
(2.35748 -0.0857662 0)
(2.39581 -0.0522811 0)
(2.40945 -0.0376057 0)
(2.39857 -0.0263826 0)
(2.38626 -0.0223023 0)
(2.37483 -0.0210697 0)
(2.36822 -0.0147928 0)
(2.3744 -0.00542134 0)
(2.39198 -0.00283683 0)
(2.39961 -0.00824972 0)
(2.39595 -0.0108811 0)
(2.38775 -0.0111275 0)
(2.38637 -0.011019 0)
(1.25117 0.0266157 0)
(0.773628 0.0310666 0)
(0.70961 0.0229536 0)
(0.701708 0.00412266 0)
(0.713563 -0.0140311 0)
(0.738735 -0.0258998 0)
(0.772979 -0.034579 0)
(0.815231 -0.0388315 0)
(0.858478 -0.0381885 0)
(0.899418 -0.0337834 0)
(0.939512 -0.0293586 0)
(0.981115 -0.0265268 0)
(1.02449 -0.0249305 0)
(1.06602 -0.0238678 0)
(1.1014 -0.0225048 0)
(1.13111 -0.020004 0)
(1.15861 -0.0174631 0)
(1.18841 -0.0165502 0)
(1.22406 -0.0173518 0)
(1.26405 -0.0193204 0)
(1.30187 -0.0209739 0)
(1.33281 -0.0194314 0)
(1.35781 -0.0157729 0)
(1.38135 -0.0119434 0)
(1.40642 -0.00896209 0)
(1.43712 -0.00785438 0)
(1.47179 -0.00968201 0)
(1.49944 -0.0123923 0)
(1.52192 -0.0126127 0)
(1.54289 -0.00966268 0)
(1.56267 -0.00428663 0)
(1.58344 -0.000997882 0)
(1.60783 0.000494551 0)
(1.63795 -0.000425712 0)
(1.66383 -0.00421888 0)
(1.68424 -0.00673666 0)
(1.70434 -0.00682173 0)
(1.71898 -0.00395118 0)
(1.73017 0.00196375 0)
(1.74622 0.00625639 0)
(1.76471 0.0075128 0)
(1.78665 0.00742748 0)
(1.81272 0.00608702 0)
(1.83449 0.00368317 0)
(1.85286 0.00304584 0)
(1.87069 0.00344851 0)
(1.88522 0.00403731 0)
(1.89953 0.0043624 0)
(1.91658 0.00429409 0)
(1.93459 0.00415806 0)
(1.95358 0.00296802 0)
(1.97154 0.00163668 0)
(1.9893 0.00163597 0)
(2.00337 0.00264371 0)
(2.00873 0.0049696 0)
(2.01217 0.00749009 0)
(2.02419 0.0083314 0)
(2.04073 0.00845391 0)
(2.05882 0.00814033 0)
(2.08041 0.00608067 0)
(2.09886 0.00403044 0)
(2.11702 0.00353104 0)
(2.1296 0.00404554 0)
(2.13311 0.00623671 0)
(2.13878 0.0086304 0)
(2.15309 0.00961009 0)
(2.16714 0.00997517 0)
(2.19126 0.00950318 0)
(1.76071 1.11514 0)
(2.25998 0.864479 0)
(2.55953 0.387826 0)
(2.65556 0.052411 0)
(2.71239 -0.190884 0)
(2.74259 -0.430513 0)
(2.70359 -0.631839 0)
(2.68923 -0.658282 0)
(2.66396 -0.602373 0)
(2.60459 -0.449957 0)
(2.59027 -0.317205 0)
(2.58002 -0.274958 0)
(2.54219 -0.244407 0)
(2.48765 -0.169028 0)
(2.43893 -0.102553 0)
(2.42955 -0.0652512 0)
(2.43153 -0.00588593 0)
(2.43947 -0.00279854 0)
(2.44017 0.00471271 0)
(2.4343 -0.00499146 0)
(2.42758 -0.0308329 0)
(2.41526 -0.0217431 0)
(2.41147 0.00410718 0)
(2.41401 0.0214444 0)
(2.4163 0.0146148 0)
(2.4198 -0.0126538 0)
(2.41691 -0.0235246 0)
(2.41663 -0.0244035 0)
(1.37323 0.137022 0)
(0.803633 0.0935046 0)
(0.76548 0.0311002 0)
(0.788618 -0.0174142 0)
(0.819557 -0.040522 0)
(0.851181 -0.049513 0)
(0.883853 -0.0564583 0)
(0.922244 -0.0632938 0)
(0.964548 -0.0652272 0)
(1.00487 -0.0542494 0)
(1.03638 -0.0341188 0)
(1.06436 -0.0176792 0)
(1.09263 -0.0130344 0)
(1.12542 -0.0186985 0)
(1.1627 -0.026256 0)
(1.19886 -0.0271565 0)
(1.22769 -0.0190143 0)
(1.25247 -0.00782325 0)
(1.27735 -0.00220203 0)
(1.30463 -0.0056006 0)
(1.33808 -0.0158337 0)
(1.37479 -0.0244662 0)
(1.40465 -0.022929 0)
(1.42714 -0.0145109 0)
(1.44891 -0.00234288 0)
(1.47071 0.00451401 0)
(1.4923 0.00099615 0)
(1.51905 -0.0119327 0)
(1.54666 -0.0226726 0)
(1.57108 -0.0241329 0)
(1.59287 -0.0182231 0)
(1.61396 -0.00515385 0)
(1.63378 0.00762911 0)
(1.6524 0.0113794 0)
(1.67087 0.00696326 0)
(1.69233 -0.00452101 0)
(1.71247 -0.0153067 0)
(1.73067 -0.0198835 0)
(1.74954 -0.0158942 0)
(1.76746 -0.00223452 0)
(1.78445 0.0126162 0)
(1.80212 0.0225937 0)
(1.81978 0.0245405 0)
(1.83879 0.0202836 0)
(1.85995 0.0129075 0)
(1.87896 0.00893179 0)
(1.89713 0.00925474 0)
(1.91303 0.0139205 0)
(1.92575 0.0190691 0)
(1.93921 0.0195315 0)
(1.95594 0.0169797 0)
(1.97448 0.0118407 0)
(1.99142 0.00427184 0)
(2.00668 -0.00162586 0)
(2.01938 -0.000784753 0)
(2.02815 0.00910158 0)
(2.03423 0.0217267 0)
(2.0436 0.0274799 0)
(2.05937 0.0273516 0)
(2.07744 0.0233013 0)
(2.09702 0.0160594 0)
(2.11495 0.0075247 0)
(2.13098 0.00125306 0)
(2.14267 0.00277171 0)
(2.15139 0.0136068 0)
(2.15831 0.0251064 0)
(2.16663 0.0305786 0)
(2.18838 0.0281862 0)
(1.67844 1.03061 0)
(2.08802 0.826538 0)
(2.28557 0.683232 0)
(2.45278 0.449725 0)
(2.63221 0.114225 0)
(2.6969 -0.0877061 0)
(2.73606 -0.167469 0)
(2.725 -0.200196 0)
(2.72527 -0.339217 0)
(2.72607 -0.372363 0)
(2.73816 -0.429146 0)
(2.74606 -0.485626 0)
(2.74176 -0.474232 0)
(2.70577 -0.388584 0)
(2.67797 -0.306319 0)
(2.64841 -0.255516 0)
(2.57201 -0.163489 0)
(2.53622 -0.0994679 0)
(2.51923 -0.0777359 0)
(2.515 -0.0762609 0)
(2.51465 -0.057585 0)
(2.50211 -0.0152152 0)
(2.49038 0.0147611 0)
(2.47746 0.0234977 0)
(2.4721 0.0150731 0)
(2.47046 -0.00181325 0)
(2.47512 -0.0153307 0)
(2.47496 -0.0308761 0)
(1.78647 0.165902 0)
(0.974977 0.07935 0)
(0.936261 -0.0240785 0)
(1.02126 -0.0630015 0)
(1.06404 -0.0589397 0)
(1.09177 -0.0566081 0)
(1.1131 -0.0634735 0)
(1.13653 -0.0761856 0)
(1.16651 -0.0914864 0)
(1.20354 -0.0995431 0)
(1.23438 -0.093306 0)
(1.25188 -0.0797522 0)
(1.2653 -0.0612052 0)
(1.28208 -0.0503177 0)
(1.30383 -0.0504213 0)
(1.33348 -0.0573641 0)
(1.36546 -0.0633111 0)
(1.38909 -0.061423 0)
(1.40712 -0.0537463 0)
(1.42525 -0.0419896 0)
(1.44565 -0.0350677 0)
(1.4678 -0.0364513 0)
(1.49496 -0.0424653 0)
(1.52108 -0.0428724 0)
(1.54274 -0.0364039 0)
(1.5609 -0.0239566 0)
(1.57437 -0.00973841 0)
(1.58933 -0.00277916 0)
(1.60608 -0.00500938 0)
(1.62806 -0.0142687 0)
(1.65401 -0.0201537 0)
(1.67536 -0.0190322 0)
(1.69459 -0.0139064 0)
(1.70991 -0.00214845 0)
(1.71835 0.00989297 0)
(1.72768 0.0129718 0)
(1.74355 0.008979 0)
(1.7641 0.00135161 0)
(1.79045 -0.00356198 0)
(1.81175 -0.00125409 0)
(1.83026 0.00489393 0)
(1.84625 0.0148132 0)
(1.85585 0.0242437 0)
(1.86713 0.0268301 0)
(1.88406 0.0240011 0)
(1.90291 0.0170341 0)
(1.92183 0.0124132 0)
(1.93878 0.0122394 0)
(1.95501 0.0169867 0)
(1.9667 0.0269222 0)
(1.97338 0.0340195 0)
(1.98292 0.0314435 0)
(1.9977 0.0250949 0)
(2.01486 0.0183601 0)
(2.03265 0.0127369 0)
(2.04821 0.0127063 0)
(2.06186 0.0203242 0)
(2.06966 0.0339419 0)
(2.07425 0.0422905 0)
(2.08523 0.0401006 0)
(2.10025 0.0335301 0)
(2.11573 0.0261013 0)
(2.13286 0.0206626 0)
(2.15024 0.0176725 0)
(2.16636 0.0197455 0)
(2.1797 0.0293828 0)
(2.18515 0.0443272 0)
(2.19534 0.0459891 0)
(1.60796 0.981689 0)
(1.90127 0.873996 0)
(2.14322 0.698789 0)
(2.32274 0.520935 0)
(2.42677 0.377676 0)
(2.56439 0.154983 0)
(2.64329 -0.0303306 0)
(2.69125 -0.117882 0)
(2.71906 -0.226075 0)
(2.73237 -0.3525 0)
(2.751 -0.4182 0)
(2.76475 -0.473645 0)
(2.78552 -0.508008 0)
(2.79489 -0.505202 0)
(2.77548 -0.473229 0)
(2.73883 -0.418213 0)
(2.67131 -0.342307 0)
(2.62582 -0.266329 0)
(2.61707 -0.233266 0)
(2.61522 -0.208019 0)
(2.61042 -0.153368 0)
(2.58181 -0.0870919 0)
(2.55995 -0.0426098 0)
(2.54938 -0.0167908 0)
(2.53053 -0.0199548 0)
(2.51708 -0.0141064 0)
(2.51899 0.000324218 0)
(2.48792 -0.0482452 0)
(2.32157 -0.182582 0)
(1.28948 0.0254516 0)
(1.18789 0.0197768 0)
(1.27481 -0.0429356 0)
(1.33011 -0.0947422 0)
(1.34739 -0.101445 0)
(1.35583 -0.0912065 0)
(1.36372 -0.0783933 0)
(1.37769 -0.073868 0)
(1.40407 -0.0750058 0)
(1.4333 -0.0765674 0)
(1.44871 -0.0723899 0)
(1.45842 -0.0587563 0)
(1.46203 -0.0374564 0)
(1.47247 -0.0250504 0)
(1.48977 -0.02276 0)
(1.51428 -0.0284974 0)
(1.54106 -0.0392422 0)
(1.55891 -0.0428503 0)
(1.57395 -0.0404377 0)
(1.5845 -0.0306221 0)
(1.59331 -0.0192412 0)
(1.60934 -0.0166349 0)
(1.62882 -0.0201503 0)
(1.6505 -0.0263023 0)
(1.66842 -0.0291813 0)
(1.68467 -0.0262115 0)
(1.69561 -0.0138341 0)
(1.70405 0.0016372 0)
(1.71831 0.0090718 0)
(1.73539 0.00774177 0)
(1.75447 -0.00156702 0)
(1.77041 -0.0113444 0)
(1.7838 -0.0186761 0)
(1.79476 -0.0193396 0)
(1.80386 -0.00965827 0)
(1.81534 0.00517025 0)
(1.83218 0.0153755 0)
(1.85163 0.0191947 0)
(1.87135 0.0173518 0)
(1.88858 0.0147872 0)
(1.90427 0.0126175 0)
(1.91547 0.0148988 0)
(1.92341 0.0232115 0)
(1.93219 0.0311826 0)
(1.9459 0.0338553 0)
(1.96218 0.0325808 0)
(1.97822 0.0279402 0)
(1.99288 0.023691 0)
(2.00534 0.0218939 0)
(2.01298 0.0246953 0)
(2.01674 0.0314087 0)
(2.02782 0.036159 0)
(2.04323 0.0375415 0)
(2.05892 0.0364414 0)
(2.07617 0.0325926 0)
(2.09198 0.0306116 0)
(2.10511 0.0317615 0)
(2.10926 0.0379847 0)
(2.10917 0.0429173 0)
(2.11792 0.0422708 0)
(2.13331 0.0412717 0)
(2.14898 0.0414412 0)
(2.16705 0.040726 0)
(2.18448 0.0403103 0)
(2.20154 0.0408186 0)
(2.21332 0.047887 0)
(2.21989 0.055033 0)
(1.56247 0.924456 0)
(1.794 0.853739 0)
(2.00437 0.734192 0)
(2.17343 0.595493 0)
(2.29228 0.482441 0)
(2.41178 0.335536 0)
(2.53348 0.154938 0)
(2.59093 0.0136638 0)
(2.63405 -0.0487436 0)
(2.64211 -0.068449 0)
(2.65276 -0.151377 0)
(2.68451 -0.249384 0)
(2.70048 -0.322969 0)
(2.7311 -0.392066 0)
(2.75576 -0.426018 0)
(2.75916 -0.417289 0)
(2.73066 -0.405454 0)
(2.70612 -0.39021 0)
(2.68637 -0.371222 0)
(2.67327 -0.330345 0)
(2.66094 -0.261482 0)
(2.64 -0.184395 0)
(2.62614 -0.137142 0)
(2.60726 -0.0948386 0)
(2.58807 -0.0942543 0)
(2.57346 -0.0622927 0)
(2.52781 -0.0676997 0)
(2.40581 -0.187085 0)
(2.20743 -0.556106 0)
(1.67953 -0.271282 0)
(1.37407 -0.0911905 0)
(1.40713 -0.0392781 0)
(1.47801 -0.0682889 0)
(1.50303 -0.0965392 0)
(1.51675 -0.101635 0)
(1.5132 -0.0909222 0)
(1.51632 -0.0833821 0)
(1.53078 -0.0787648 0)
(1.55467 -0.0792294 0)
(1.5745 -0.0786048 0)
(1.5861 -0.0737945 0)
(1.59342 -0.0615801 0)
(1.59551 -0.0461498 0)
(1.60609 -0.0403556 0)
(1.62277 -0.0410967 0)
(1.6444 -0.0458908 0)
(1.66685 -0.0508364 0)
(1.68112 -0.0508792 0)
(1.69346 -0.0466514 0)
(1.70007 -0.0357067 0)
(1.7047 -0.0248133 0)
(1.71885 -0.0215714 0)
(1.73562 -0.0213899 0)
(1.75405 -0.0206706 0)
(1.7716 -0.017217 0)
(1.78625 -0.0114126 0)
(1.79826 -0.000944854 0)
(1.80554 0.00977011 0)
(1.81436 0.0119474 0)
(1.82755 0.00674913 0)
(1.84041 -0.000751373 0)
(1.85261 -0.00681018 0)
(1.86617 -0.00793701 0)
(1.88041 -0.00265254 0)
(1.89325 0.0107696 0)
(1.90392 0.0251819 0)
(1.91581 0.0320965 0)
(1.93041 0.0316991 0)
(1.94513 0.0284077 0)
(1.9586 0.0241821 0)
(1.97061 0.0216983 0)
(1.98125 0.0234483 0)
(1.99038 0.0297793 0)
(1.99935 0.0371949 0)
(2.01047 0.0414404 0)
(2.02332 0.0423899 0)
(2.03647 0.0413877 0)
(2.04845 0.039492 0)
(2.05757 0.0388159 0)
(2.0641 0.0426959 0)
(2.07173 0.0490872 0)
(2.08303 0.0520612 0)
(2.09788 0.0519559 0)
(2.11369 0.0502169 0)
(2.12888 0.046478 0)
(2.14136 0.0413601 0)
(2.14766 0.0381955 0)
(2.14851 0.0416387 0)
(2.15322 0.0490542 0)
(2.16566 0.053958 0)
(2.18043 0.0564083 0)
(2.19579 0.0578535 0)
(2.2114 0.0577955 0)
(2.22724 0.0560956 0)
(2.2383 0.0530506 0)
(2.24666 0.0550783 0)
(1.5373 0.888993 0)
(1.71871 0.843427 0)
(1.89117 0.766465 0)
(2.06535 0.636073 0)
(2.19379 0.521871 0)
(2.28213 0.454266 0)
(2.36001 0.351935 0)
(2.47094 0.209121 0)
(2.54324 0.0750866 0)
(2.57915 -0.0322122 0)
(2.60844 -0.0725565 0)
(2.61273 -0.108537 0)
(2.64854 -0.190295 0)
(2.6874 -0.276217 0)
(2.69672 -0.353621 0)
(2.72876 -0.386948 0)
(2.73436 -0.433224 0)
(2.71058 -0.447901 0)
(2.71196 -0.41514 0)
(2.71062 -0.390895 0)
(2.70036 -0.371863 0)
(2.67955 -0.331011 0)
(2.6666 -0.283399 0)
(2.65281 -0.227087 0)
(2.62506 -0.197292 0)
(2.59845 -0.146505 0)
(2.39576 -0.314007 0)
(2.22133 -0.457264 0)
(2.09608 -0.644687 0)
(2.02282 -0.598184 0)
(1.70995 -0.310685 0)
(1.5185 -0.107205 0)
(1.52534 -0.0780425 0)
(1.56184 -0.0745234 0)
(1.58245 -0.0855842 0)
(1.58655 -0.0916408 0)
(1.58084 -0.0862701 0)
(1.59095 -0.0805861 0)
(1.60721 -0.0716435 0)
(1.63161 -0.0661016 0)
(1.64908 -0.0634147 0)
(1.66156 -0.0605185 0)
(1.66718 -0.0525001 0)
(1.66886 -0.0424079 0)
(1.68053 -0.0390097 0)
(1.69697 -0.0379742 0)
(1.72075 -0.0378657 0)
(1.73946 -0.0377285 0)
(1.75266 -0.0372425 0)
(1.76234 -0.0334879 0)
(1.76444 -0.0228767 0)
(1.77098 -0.01269 0)
(1.78639 -0.00825509 0)
(1.80521 -0.00214902 0)
(1.82547 0.00318689 0)
(1.84214 0.00537138 0)
(1.85695 0.00620872 0)
(1.86433 0.00748704 0)
(1.86563 0.00843911 0)
(1.87392 0.00740033 0)
(1.88763 0.00693482 0)
(1.90198 0.00813748 0)
(1.91826 0.0132738 0)
(1.93455 0.0195937 0)
(1.94949 0.0243901 0)
(1.9604 0.0309176 0)
(1.96532 0.0368879 0)
(1.97322 0.0380494 0)
(1.98572 0.0369711 0)
(1.99934 0.0367643 0)
(2.01311 0.0379085 0)
(2.02628 0.0401894 0)
(2.03707 0.0436428 0)
(2.04377 0.0475664 0)
(2.05011 0.0497323 0)
(2.06075 0.050236 0)
(2.0738 0.0512117 0)
(2.08692 0.0537655 0)
(2.09883 0.0582314 0)
(2.10847 0.0640819 0)
(2.11532 0.069142 0)
(2.1232 0.0702235 0)
(2.13532 0.0676534 0)
(2.14929 0.0638766 0)
(2.16286 0.0591029 0)
(2.1745 0.0539864 0)
(2.18399 0.051439 0)
(2.19227 0.0548058 0)
(2.19867 0.0640477 0)
(2.20399 0.0737064 0)
(2.21332 0.0780338 0)
(2.22601 0.0783395 0)
(2.23916 0.0770879 0)
(2.25136 0.0726066 0)
(2.25937 0.0680904 0)
(2.27024 0.0696877 0)
(1.52195 0.857043 0)
(1.6773 0.820963 0)
(1.81806 0.770256 0)
(1.96325 0.686165 0)
(2.10048 0.588563 0)
(2.20833 0.488054 0)
(2.28754 0.396751 0)
(2.33954 0.350103 0)
(2.41186 0.254132 0)
(2.50315 0.11806 0)
(2.53773 0.00698009 0)
(2.56734 -0.0403099 0)
(2.57677 -0.0402507 0)
(2.59535 -0.0935722 0)
(2.63229 -0.188963 0)
(2.65242 -0.225938 0)
(2.6781 -0.258825 0)
(2.69409 -0.335474 0)
(2.69989 -0.352375 0)
(2.70132 -0.346909 0)
(2.68841 -0.355818 0)
(2.68788 -0.367796 0)
(2.6917 -0.377931 0)
(2.68798 -0.364093 0)
(2.65988 -0.363014 0)
(2.50488 -0.474652 0)
(2.24087 -0.691651 0)
(2.12383 -0.731189 0)
(2.05632 -0.760245 0)
(2.04728 -0.726002 0)
(1.99031 -0.626929 0)
(1.76521 -0.355404 0)
(1.60475 -0.146921 0)
(1.59618 -0.103131 0)
(1.60075 -0.0842363 0)
(1.61325 -0.0872043 0)
(1.60913 -0.082707 0)
(1.61711 -0.0712366 0)
(1.63071 -0.0635263 0)
(1.64905 -0.059382 0)
(1.66993 -0.0609782 0)
(1.6864 -0.0621355 0)
(1.69954 -0.060602 0)
(1.70485 -0.0508281 0)
(1.71042 -0.035617 0)
(1.72312 -0.0279591 0)
(1.74032 -0.0252654 0)
(1.75966 -0.0276051 0)
(1.77552 -0.0296625 0)
(1.7886 -0.0286605 0)
(1.79588 -0.0206282 0)
(1.79985 -0.0032626 0)
(1.81216 0.00938815 0)
(1.82892 0.0135076 0)
(1.84725 0.0128855 0)
(1.865 0.0102867 0)
(1.88051 0.00620841 0)
(1.89024 0.00492513 0)
(1.89483 0.0114166 0)
(1.90122 0.0221684 0)
(1.91527 0.0287699 0)
(1.93128 0.0317325 0)
(1.94905 0.0334972 0)
(1.9653 0.0339854 0)
(1.98113 0.0345393 0)
(1.99221 0.0364229 0)
(1.99645 0.0421109 0)
(2.00093 0.0479443 0)
(2.01298 0.0502561 0)
(2.02788 0.0512825 0)
(2.04298 0.0522714 0)
(2.05689 0.053356 0)
(2.06777 0.0553429 0)
(2.07346 0.0590523 0)
(2.07648 0.0629939 0)
(2.08591 0.0654404 0)
(2.10025 0.0673765 0)
(2.11536 0.0697237 0)
(2.13037 0.0730232 0)
(2.14344 0.077509 0)
(2.1506 0.082414 0)
(2.15363 0.0838662 0)
(2.16201 0.080247 0)
(2.1745 0.0747243 0)
(2.18755 0.0695649 0)
(2.20095 0.0663654 0)
(2.21478 0.0659769 0)
(2.22788 0.06797 0)
(2.23843 0.0731312 0)
(2.2432 0.0821569 0)
(2.24412 0.0904043 0)
(2.25014 0.0917847 0)
(2.25984 0.0885924 0)
(2.26884 0.082877 0)
(2.27679 0.0809909 0)
(2.29333 0.0838242 0)
(1.51595 0.8453 0)
(1.64181 0.820403 0)
(1.77036 0.771906 0)
(1.90562 0.69778 0)
(2.00383 0.646898 0)
(2.1008 0.575085 0)
(2.21222 0.460414 0)
(2.28903 0.37125 0)
(2.34119 0.335918 0)
(2.38001 0.269663 0)
(2.45405 0.158588 0)
(2.50487 0.0628767 0)
(2.54016 0.00854606 0)
(2.56326 -0.00977616 0)
(2.58451 -0.0716486 0)
(2.61151 -0.142953 0)
(2.6306 -0.175704 0)
(2.66851 -0.238338 0)
(2.68396 -0.303767 0)
(2.68611 -0.329122 0)
(2.68816 -0.334328 0)
(2.69888 -0.377542 0)
(2.69447 -0.390614 0)
(2.66933 -0.423186 0)
(2.5399 -0.568549 0)
(2.28034 -0.831601 0)
(2.15907 -0.923296 0)
(2.12297 -0.896771 0)
(2.08636 -0.857519 0)
(2.06899 -0.82018 0)
(2.06251 -0.783492 0)
(2.01336 -0.697481 0)
(1.83007 -0.41962 0)
(1.67443 -0.18484 0)
(1.6364 -0.112061 0)
(1.62636 -0.0980806 0)
(1.63548 -0.0812558 0)
(1.63845 -0.0698041 0)
(1.6479 -0.0549369 0)
(1.66061 -0.0484053 0)
(1.67421 -0.0498231 0)
(1.69443 -0.0567082 0)
(1.71533 -0.0572687 0)
(1.72824 -0.0495214 0)
(1.73661 -0.0341238 0)
(1.7411 -0.0193164 0)
(1.75048 -0.0150831 0)
(1.76445 -0.0163047 0)
(1.78136 -0.0176587 0)
(1.7987 -0.0170546 0)
(1.8129 -0.0109697 0)
(1.82368 0.00184646 0)
(1.82882 0.0160155 0)
(1.83706 0.021495 0)
(1.85255 0.0208525 0)
(1.86896 0.018875 0)
(1.88615 0.018265 0)
(1.90248 0.0189109 0)
(1.91671 0.0239516 0)
(1.92669 0.0351372 0)
(1.93327 0.0462795 0)
(1.94597 0.0503085 0)
(1.96279 0.0505185 0)
(1.97878 0.0482769 0)
(1.99404 0.0449339 0)
(2.00742 0.0438867 0)
(2.01707 0.046884 0)
(2.02273 0.0551445 0)
(2.03082 0.0633947 0)
(2.04468 0.0674727 0)
(2.05948 0.0691599 0)
(2.07366 0.0700096 0)
(2.08474 0.0706631 0)
(2.09124 0.0722433 0)
(2.09512 0.0757856 0)
(2.10454 0.0801288 0)
(2.11951 0.0831593 0)
(2.13452 0.0847414 0)
(2.14959 0.0861791 0)
(2.1632 0.0881922 0)
(2.17094 0.09187 0)
(2.1705 0.0967284 0)
(2.17323 0.0974828 0)
(2.18503 0.0947808 0)
(2.19941 0.0923534 0)
(2.21454 0.0917593 0)
(2.23154 0.092658 0)
(2.24659 0.0944099 0)
(2.25984 0.0964221 0)
(2.26796 0.100341 0)
(2.26555 0.105063 0)
(2.26019 0.106405 0)
(2.26476 0.103402 0)
(2.27515 0.10096 0)
(2.28795 0.10224 0)
(2.30876 0.106033 0)
(1.5167 0.831225 0)
(1.62309 0.81191 0)
(1.7426 0.768244 0)
(1.8604 0.712412 0)
(1.94887 0.671033 0)
(2.03643 0.614829 0)
(2.14176 0.524232 0)
(2.2345 0.438467 0)
(2.29449 0.376338 0)
(2.33657 0.316003 0)
(2.37331 0.268759 0)
(2.43613 0.191602 0)
(2.49597 0.0989621 0)
(2.52185 0.0400705 0)
(2.53808 0.0306771 0)
(2.55651 -0.0173573 0)
(2.58937 -0.0861117 0)
(2.61133 -0.119061 0)
(2.63085 -0.141269 0)
(2.65782 -0.208065 0)
(2.66312 -0.232606 0)
(2.66799 -0.291737 0)
(2.64577 -0.345411 0)
(2.52135 -0.5119 0)
(2.25846 -0.793019 0)
(2.14714 -0.904993 0)
(2.11512 -0.948282 0)
(2.12179 -0.952945 0)
(2.12167 -0.954091 0)
(2.1062 -0.937239 0)
(2.09871 -0.918182 0)
(2.09944 -0.895016 0)
(2.07363 -0.825485 0)
(1.93231 -0.566951 0)
(1.74185 -0.257068 0)
(1.67427 -0.137115 0)
(1.66286 -0.0957941 0)
(1.66917 -0.0744767 0)
(1.67416 -0.0615992 0)
(1.67414 -0.0486139 0)
(1.68645 -0.0462392 0)
(1.69989 -0.0482462 0)
(1.72223 -0.049835 0)
(1.74665 -0.0446314 0)
(1.75975 -0.0360182 0)
(1.76648 -0.023185 0)
(1.76617 -0.0109254 0)
(1.7746 -0.00714539 0)
(1.78753 -0.00665243 0)
(1.80517 -0.00571072 0)
(1.82415 -0.00330863 0)
(1.8391 0.00173847 0)
(1.84826 0.0126757 0)
(1.85049 0.0242804 0)
(1.86134 0.028852 0)
(1.87725 0.0294858 0)
(1.89558 0.0298943 0)
(1.91556 0.0318898 0)
(1.93188 0.0345858 0)
(1.94652 0.0395747 0)
(1.95474 0.0475337 0)
(1.95919 0.0562483 0)
(1.96899 0.0590697 0)
(1.9834 0.0591214 0)
(1.99869 0.0589007 0)
(2.01435 0.05876 0)
(2.02908 0.0599331 0)
(2.03952 0.0656576 0)
(2.04453 0.0746721 0)
(2.05053 0.0807277 0)
(2.06182 0.0829405 0)
(2.07579 0.0843857 0)
(2.09004 0.0855444 0)
(2.10161 0.0872562 0)
(2.10935 0.0925672 0)
(2.11775 0.0996386 0)
(2.12914 0.102431 0)
(2.14358 0.101741 0)
(2.15897 0.0999507 0)
(2.17316 0.0968076 0)
(2.18278 0.0936799 0)
(2.18699 0.0967407 0)
(2.18957 0.106357 0)
(2.19892 0.115053 0)
(2.21256 0.118587 0)
(2.22528 0.119355 0)
(2.24033 0.118454 0)
(2.25536 0.11769 0)
(2.26974 0.115437 0)
(2.27839 0.111857 0)
(2.27808 0.108318 0)
(2.27311 0.109192 0)
(2.27769 0.112615 0)
(2.289 0.118098 0)
(2.30113 0.124252 0)
(2.32061 0.131366 0)
(1.51622 0.831883 0)
(1.61158 0.811549 0)
(1.71985 0.771143 0)
(1.80915 0.739582 0)
(1.89246 0.703926 0)
(2.00243 0.626253 0)
(2.09485 0.54842 0)
(2.14081 0.524147 0)
(2.19829 0.472228 0)
(2.28724 0.368218 0)
(2.3453 0.293243 0)
(2.37247 0.282996 0)
(2.40155 0.231577 0)
(2.45952 0.139983 0)
(2.49759 0.0878959 0)
(2.52035 0.0715386 0)
(2.55419 0.00458522 0)
(2.57639 -0.0523841 0)
(2.6053 -0.0811497 0)
(2.62976 -0.0989994 0)
(2.62732 -0.171299 0)
(2.59621 -0.282515 0)
(2.50699 -0.449819 0)
(2.23385 -0.729414 0)
(2.12249 -0.830324 0)
(2.10065 -0.897002 0)
(2.11667 -0.905622 0)
(2.13856 -0.923774 0)
(2.14758 -0.940801 0)
(2.14634 -0.942226 0)
(2.14282 -0.935993 0)
(2.13728 -0.923406 0)
(2.13754 -0.913512 0)
(2.12909 -0.879424 0)
(2.04705 -0.727398 0)
(1.84576 -0.387715 0)
(1.74595 -0.17426 0)
(1.71513 -0.104741 0)
(1.70465 -0.0810486 0)
(1.70039 -0.0524733 0)
(1.69919 -0.04263 0)
(1.71208 -0.0419854 0)
(1.73256 -0.0399859 0)
(1.76253 -0.0362675 0)
(1.78041 -0.0307849 0)
(1.78989 -0.0239133 0)
(1.78806 -0.010123 0)
(1.78728 7.01345e-05 0)
(1.79939 0.00253142 0)
(1.81466 0.00438058 0)
(1.83464 0.0065068 0)
(1.8513 0.00863734 0)
(1.86549 0.0132846 0)
(1.87083 0.0261113 0)
(1.87331 0.0393904 0)
(1.88648 0.0441033 0)
(1.90226 0.0460846 0)
(1.92171 0.0467602 0)
(1.94097 0.0460867 0)
(1.95751 0.0459448 0)
(1.97019 0.0496224 0)
(1.97529 0.0584724 0)
(1.97898 0.0670898 0)
(1.98962 0.0713116 0)
(2.00351 0.0736238 0)
(2.01805 0.0751585 0)
(2.03377 0.0765578 0)
(2.04892 0.0779348 0)
(2.05926 0.082071 0)
(2.06324 0.0891407 0)
(2.06997 0.0947369 0)
(2.08259 0.0979166 0)
(2.09676 0.100791 0)
(2.11014 0.105194 0)
(2.12091 0.111624 0)
(2.12722 0.117742 0)
(2.13379 0.119372 0)
(2.14586 0.116724 0)
(2.15941 0.112388 0)
(2.17387 0.108764 0)
(2.18824 0.10703 0)
(2.20111 0.108711 0)
(2.21033 0.118482 0)
(2.21475 0.134236 0)
(2.22023 0.144702 0)
(2.232 0.14649 0)
(2.24537 0.142913 0)
(2.25812 0.137261 0)
(2.26898 0.130369 0)
(2.27603 0.123653 0)
(2.2801 0.121311 0)
(2.28361 0.125142 0)
(2.28924 0.135047 0)
(2.29959 0.144822 0)
(2.31099 0.151876 0)
(2.33243 0.155877 0)
(1.52014 0.825022 0)
(1.60933 0.805266 0)
(1.70291 0.77576 0)
(1.78039 0.753485 0)
(1.86805 0.71145 0)
(1.96995 0.642817 0)
(2.0433 0.596673 0)
(2.09025 0.569898 0)
(2.16023 0.509362 0)
(2.2435 0.421416 0)
(2.30406 0.361936 0)
(2.33585 0.335561 0)
(2.36481 0.290071 0)
(2.41977 0.213742 0)
(2.46718 0.147994 0)
(2.49415 0.120547 0)
(2.51139 0.0927713 0)
(2.54229 0.0324892 0)
(2.56452 0.00484818 0)
(2.58019 -0.0474877 0)
(2.54425 -0.153771 0)
(2.445 -0.355682 0)
(2.21585 -0.644555 0)
(2.11729 -0.743908 0)
(2.08605 -0.806698 0)
(2.09449 -0.808443 0)
(2.10643 -0.830249 0)
(2.12156 -0.852079 0)
(2.13627 -0.88168 0)
(2.14366 -0.903335 0)
(2.15579 -0.911621 0)
(2.15493 -0.906369 0)
(2.15769 -0.896728 0)
(2.15985 -0.896288 0)
(2.16233 -0.88857 0)
(2.13011 -0.811474 0)
(1.99967 -0.563344 0)
(1.84125 -0.267465 0)
(1.77947 -0.13806 0)
(1.74352 -0.0788393 0)
(1.71885 -0.0418078 0)
(1.73384 -0.0355663 0)
(1.75326 -0.03268 0)
(1.78109 -0.0261428 0)
(1.79945 -0.0208142 0)
(1.8104 -0.0176185 0)
(1.81381 -0.00894007 0)
(1.8077 0.0046417 0)
(1.8144 0.0109955 0)
(1.82817 0.013275 0)
(1.84705 0.0160613 0)
(1.86657 0.01909 0)
(1.8818 0.0211928 0)
(1.89437 0.0277034 0)
(1.89892 0.0424245 0)
(1.90312 0.053788 0)
(1.91749 0.0565805 0)
(1.93352 0.0576407 0)
(1.94975 0.0573003 0)
(1.96573 0.0567969 0)
(1.98152 0.0569551 0)
(1.99325 0.0613983 0)
(1.99866 0.0724121 0)
(2.00322 0.0825902 0)
(2.01391 0.0868927 0)
(2.02808 0.0895529 0)
(2.0426 0.0915744 0)
(2.05692 0.0927884 0)
(2.06998 0.0940146 0)
(2.07802 0.0988211 0)
(2.08361 0.106672 0)
(2.09459 0.111963 0)
(2.10891 0.115092 0)
(2.12333 0.117986 0)
(2.1359 0.12175 0)
(2.14178 0.126537 0)
(2.14312 0.130975 0)
(2.15228 0.132169 0)
(2.16733 0.13153 0)
(2.18143 0.129692 0)
(2.19723 0.129991 0)
(2.21231 0.132177 0)
(2.22704 0.136268 0)
(2.23418 0.14387 0)
(2.23316 0.151937 0)
(2.23518 0.153642 0)
(2.24444 0.150293 0)
(2.25562 0.14602 0)
(2.26652 0.141703 0)
(2.2779 0.139476 0)
(2.28996 0.140567 0)
(2.30017 0.146022 0)
(2.30838 0.155694 0)
(2.31513 0.166784 0)
(2.32153 0.169494 0)
(2.33539 0.169091 0)
(1.52177 0.829307 0)
(1.60313 0.810146 0)
(1.68167 0.790455 0)
(1.75595 0.768339 0)
(1.84534 0.722823 0)
(1.92783 0.670683 0)
(1.98347 0.64885 0)
(2.04557 0.610319 0)
(2.1354 0.530052 0)
(2.2013 0.460858 0)
(2.23014 0.449836 0)
(2.26675 0.41507 0)
(2.33844 0.32784 0)
(2.38691 0.260387 0)
(2.4083 0.245226 0)
(2.43519 0.213715 0)
(2.48226 0.15117 0)
(2.50226 0.119971 0)
(2.51461 0.0555968 0)
(2.48289 -0.0538896 0)
(2.35676 -0.268005 0)
(2.17646 -0.536134 0)
(2.09705 -0.674468 0)
(2.08255 -0.721489 0)
(2.09057 -0.720319 0)
(2.08485 -0.739948 0)
(2.09023 -0.768122 0)
(2.10563 -0.794068 0)
(2.11836 -0.81281 0)
(2.13558 -0.827295 0)
(2.15151 -0.840233 0)
(2.16025 -0.857942 0)
(2.15982 -0.871669 0)
(2.16266 -0.868281 0)
(2.18665 -0.867709 0)
(2.19113 -0.869023 0)
(2.18773 -0.846441 0)
(2.12397 -0.710033 0)
(1.97826 -0.435269 0)
(1.86389 -0.212022 0)
(1.78247 -0.0812121 0)
(1.77066 -0.0474497 0)
(1.77993 -0.0284519 0)
(1.80692 -0.0140076 0)
(1.82415 -0.0127773 0)
(1.83561 -0.0125287 0)
(1.84165 -0.00818327 0)
(1.83785 0.00463301 0)
(1.8393 0.0186284 0)
(1.85176 0.0233179 0)
(1.86812 0.0270233 0)
(1.88751 0.0306905 0)
(1.90261 0.0337148 0)
(1.91694 0.0371246 0)
(1.92717 0.0456021 0)
(1.92927 0.0595792 0)
(1.93437 0.0678449 0)
(1.94806 0.0695341 0)
(1.96313 0.0703196 0)
(1.97856 0.0711748 0)
(1.9941 0.0720326 0)
(2.00924 0.073259 0)
(2.0207 0.0785353 0)
(2.02577 0.0897252 0)
(2.02908 0.100044 0)
(2.03843 0.104393 0)
(2.05157 0.106234 0)
(2.06565 0.107884 0)
(2.07951 0.109937 0)
(2.09223 0.113238 0)
(2.10214 0.120057 0)
(2.11014 0.128217 0)
(2.12074 0.132558 0)
(2.13368 0.133607 0)
(2.14573 0.133156 0)
(2.15295 0.134767 0)
(2.15495 0.142284 0)
(2.15825 0.15091 0)
(2.16781 0.154768 0)
(2.18212 0.156274 0)
(2.19644 0.155917 0)
(2.21323 0.154747 0)
(2.22919 0.154261 0)
(2.24303 0.155126 0)
(2.24556 0.15875 0)
(2.24017 0.162749 0)
(2.24435 0.163403 0)
(2.25498 0.162357 0)
(2.26747 0.162317 0)
(2.28148 0.163758 0)
(2.29601 0.168931 0)
(2.30984 0.176049 0)
(2.32147 0.181077 0)
(2.32862 0.186268 0)
(2.3289 0.182721 0)
(2.33589 0.179974 0)
(1.53237 0.823765 0)
(1.60528 0.808416 0)
(1.67492 0.793834 0)
(1.74569 0.770413 0)
(1.82903 0.728494 0)
(1.89839 0.694968 0)
(1.95135 0.674704 0)
(2.02378 0.626635 0)
(2.10546 0.55356 0)
(2.15908 0.512838 0)
(2.18703 0.499641 0)
(2.23836 0.449044 0)
(2.30749 0.367404 0)
(2.35277 0.313588 0)
(2.37235 0.306555 0)
(2.41777 0.265717 0)
(2.44674 0.219947 0)
(2.45354 0.134252 0)
(2.42495 0.0132021 0)
(2.29313 -0.191201 0)
(2.10335 -0.422096 0)
(2.04722 -0.568086 0)
(2.05477 -0.6333 0)
(2.07593 -0.639558 0)
(2.09075 -0.654152 0)
(2.08081 -0.679654 0)
(2.07402 -0.705358 0)
(2.08828 -0.726816 0)
(2.10381 -0.748326 0)
(2.12216 -0.767802 0)
(2.14078 -0.783425 0)
(2.15866 -0.795415 0)
(2.16717 -0.802768 0)
(2.16723 -0.815515 0)
(2.18026 -0.826636 0)
(2.19687 -0.829072 0)
(2.22297 -0.833905 0)
(2.22773 -0.832755 0)
(2.21307 -0.777361 0)
(2.12057 -0.593325 0)
(1.96703 -0.315321 0)
(1.88956 -0.153777 0)
(1.82933 -0.0350536 0)
(1.83121 -0.0158834 0)
(1.85041 -0.0048633 0)
(1.86514 -0.000108058 0)
(1.87316 -4.77643e-05 0)
(1.87452 0.00533864 0)
(1.87661 0.0205653 0)
(1.88666 0.0312809 0)
(1.90098 0.0385105 0)
(1.91612 0.0444509 0)
(1.92926 0.0469989 0)
(1.94313 0.0495213 0)
(1.95518 0.0539339 0)
(1.96011 0.0627295 0)
(1.96045 0.0730466 0)
(1.97009 0.0781504 0)
(1.98404 0.0808173 0)
(1.99877 0.0839979 0)
(2.0135 0.088386 0)
(2.02742 0.0933623 0)
(2.0401 0.0982685 0)
(2.04861 0.104399 0)
(2.05136 0.11188 0)
(2.05536 0.117341 0)
(2.06596 0.120101 0)
(2.08007 0.122454 0)
(2.09502 0.125899 0)
(2.10905 0.130806 0)
(2.12105 0.136902 0)
(2.12912 0.144288 0)
(2.13341 0.150324 0)
(2.13891 0.151077 0)
(2.14854 0.149529 0)
(2.16064 0.149098 0)
(2.17172 0.152371 0)
(2.17946 0.161637 0)
(2.18353 0.172776 0)
(2.19264 0.177061 0)
(2.20769 0.177848 0)
(2.22072 0.175972 0)
(2.23366 0.171319 0)
(2.24599 0.166443 0)
(2.25384 0.165411 0)
(2.25299 0.171648 0)
(2.25397 0.178645 0)
(2.26589 0.181847 0)
(2.27901 0.183758 0)
(2.29255 0.187712 0)
(2.3069 0.1934 0)
(2.32095 0.196805 0)
(2.33352 0.20018 0)
(2.33391 0.200317 0)
(2.3297 0.193351 0)
(2.33944 0.191968 0)
(1.53702 0.837878 0)
(1.60016 0.822353 0)
(1.66175 0.807735 0)
(1.7297 0.782397 0)
(1.80274 0.746192 0)
(1.86172 0.72475 0)
(1.9201 0.698565 0)
(1.99909 0.643542 0)
(2.0651 0.585631 0)
(2.10255 0.57138 0)
(2.14074 0.545696 0)
(2.21483 0.478259 0)
(2.27354 0.405713 0)
(2.29944 0.389979 0)
(2.33657 0.36915 0)
(2.37786 0.335736 0)
(2.36372 0.228578 0)
(2.33826 0.0627085 0)
(2.23141 -0.179901 0)
(2.05054 -0.371181 0)
(1.99634 -0.445241 0)
(2.02374 -0.517834 0)
(2.03241 -0.545065 0)
(2.05671 -0.576033 0)
(2.07301 -0.605682 0)
(2.07574 -0.631011 0)
(2.06739 -0.650162 0)
(2.07249 -0.66731 0)
(2.09212 -0.686696 0)
(2.11172 -0.706936 0)
(2.13245 -0.724659 0)
(2.15207 -0.74212 0)
(2.16699 -0.755112 0)
(2.17627 -0.757525 0)
(2.18086 -0.76425 0)
(2.19672 -0.774242 0)
(2.21956 -0.785483 0)
(2.24063 -0.793306 0)
(2.25879 -0.801042 0)
(2.25343 -0.782246 0)
(2.21839 -0.685332 0)
(2.1242 -0.484729 0)
(1.97611 -0.223189 0)
(1.92412 -0.0961746 0)
(1.90258 -0.0184933 0)
(1.89678 0.00247782 0)
(1.90302 0.0149213 0)
(1.91437 0.0178996 0)
(1.91862 0.0283682 0)
(1.92268 0.0457589 0)
(1.93601 0.05504 0)
(1.94916 0.0590755 0)
(1.96102 0.060861 0)
(1.97379 0.0628797 0)
(1.98582 0.0663553 0)
(1.99308 0.0730035 0)
(1.99236 0.0839291 0)
(1.99746 0.092342 0)
(2.01026 0.0957689 0)
(2.02446 0.0985033 0)
(2.03926 0.102239 0)
(2.05355 0.107363 0)
(2.06605 0.113848 0)
(2.07405 0.120901 0)
(2.07465 0.126853 0)
(2.0753 0.130219 0)
(2.08581 0.132847 0)
(2.10025 0.136388 0)
(2.11514 0.141342 0)
(2.12939 0.14762 0)
(2.14173 0.15448 0)
(2.14967 0.16142 0)
(2.15064 0.166363 0)
(2.15167 0.16673 0)
(2.16155 0.165124 0)
(2.17499 0.165178 0)
(2.18921 0.166855 0)
(2.20182 0.171925 0)
(2.20861 0.182494 0)
(2.2091 0.193739 0)
(2.21408 0.196123 0)
(2.2255 0.192727 0)
(2.23781 0.187087 0)
(2.24951 0.180636 0)
(2.26027 0.175683 0)
(2.26932 0.176722 0)
(2.27467 0.188862 0)
(2.27588 0.204583 0)
(2.28226 0.213706 0)
(2.29616 0.216479 0)
(2.3103 0.216746 0)
(2.32442 0.214428 0)
(2.33409 0.211228 0)
(2.33626 0.208065 0)
(2.33386 0.20558 0)
(2.34796 0.210339 0)
(1.55591 0.837524 0)
(1.60914 0.823193 0)
(1.66256 0.808052 0)
(1.72667 0.78189 0)
(1.79165 0.753998 0)
(1.84432 0.738044 0)
(1.90494 0.706487 0)
(1.97831 0.653823 0)
(2.03209 0.619737 0)
(2.06497 0.608459 0)
(2.12146 0.564453 0)
(2.19639 0.492174 0)
(2.23743 0.45849 0)
(2.26726 0.443954 0)
(2.30519 0.416856 0)
(2.29265 0.314383 0)
(2.21723 0.103758 0)
(2.11855 -0.152354 0)
(2.0315 -0.327922 0)
(1.97958 -0.383786 0)
(1.97769 -0.422477 0)
(1.98432 -0.446295 0)
(2.00535 -0.480385 0)
(2.03068 -0.526135 0)
(2.04778 -0.562779 0)
(2.0624 -0.586033 0)
(2.06737 -0.600318 0)
(2.06763 -0.614279 0)
(2.08343 -0.632384 0)
(2.10353 -0.649722 0)
(2.12418 -0.664451 0)
(2.14567 -0.678479 0)
(2.1652 -0.697395 0)
(2.17981 -0.710546 0)
(2.18891 -0.714117 0)
(2.20126 -0.719918 0)
(2.22024 -0.733137 0)
(2.24288 -0.739974 0)
(2.26579 -0.750765 0)
(2.28631 -0.758863 0)
(2.29275 -0.758327 0)
(2.28044 -0.718137 0)
(2.23195 -0.603463 0)
(2.13122 -0.395801 0)
(2.01581 -0.165292 0)
(1.98572 -0.0526857 0)
(1.95898 0.00258319 0)
(1.95559 0.026691 0)
(1.9582 0.0435177 0)
(1.96071 0.0573844 0)
(1.96818 0.0668274 0)
(1.98274 0.0720486 0)
(1.99515 0.0732419 0)
(2.00704 0.0753742 0)
(2.01898 0.0789834 0)
(2.0284 0.0838646 0)
(2.03126 0.0944892 0)
(2.03112 0.108058 0)
(2.03956 0.114093 0)
(2.05268 0.117222 0)
(2.06689 0.121092 0)
(2.08082 0.126242 0)
(2.09317 0.132385 0)
(2.10072 0.139367 0)
(2.0987 0.145241 0)
(2.09666 0.148029 0)
(2.10773 0.15027 0)
(2.12242 0.15294 0)
(2.13765 0.156931 0)
(2.15224 0.16265 0)
(2.16484 0.169272 0)
(2.17254 0.17644 0)
(2.1701 0.183258 0)
(2.16559 0.185711 0)
(2.17541 0.185542 0)
(2.18926 0.185816 0)
(2.20398 0.186692 0)
(2.21912 0.188605 0)
(2.23143 0.193702 0)
(2.23436 0.203506 0)
(2.22946 0.211112 0)
(2.23315 0.210032 0)
(2.24321 0.205788 0)
(2.25409 0.202244 0)
(2.26607 0.201615 0)
(2.27905 0.203537 0)
(2.29228 0.207726 0)
(2.30057 0.217012 0)
(2.30197 0.229987 0)
(2.30521 0.23493 0)
(2.31428 0.232094 0)
(2.32418 0.226911 0)
(2.33245 0.221213 0)
(2.33701 0.217054 0)
(2.34126 0.223359 0)
(2.3546 0.238055 0)
(1.56986 0.858629 0)
(1.61356 0.844022 0)
(1.6629 0.824189 0)
(1.72126 0.796399 0)
(1.77427 0.775725 0)
(1.82179 0.759368 0)
(1.88502 0.72431 0)
(1.94985 0.676898 0)
(1.99251 0.659396 0)
(2.03198 0.637945 0)
(2.10472 0.582025 0)
(2.15754 0.53527 0)
(2.18801 0.517058 0)
(2.2236 0.484997 0)
(2.21137 0.373077 0)
(2.1161 0.154765 0)
(1.9891 -0.0954473 0)
(1.94813 -0.257965 0)
(1.9494 -0.341267 0)
(1.95967 -0.354298 0)
(1.9655 -0.36452 0)
(1.96118 -0.397815 0)
(1.97548 -0.434349 0)
(2.00188 -0.473447 0)
(2.02601 -0.509362 0)
(2.04717 -0.531845 0)
(2.06433 -0.551183 0)
(2.07148 -0.564609 0)
(2.07915 -0.58147 0)
(2.09911 -0.599939 0)
(2.12187 -0.617758 0)
(2.14441 -0.633019 0)
(2.16576 -0.645852 0)
(2.18418 -0.655499 0)
(2.19711 -0.666272 0)
(2.20867 -0.669178 0)
(2.22503 -0.67724 0)
(2.24609 -0.68881 0)
(2.26864 -0.699187 0)
(2.29354 -0.707649 0)
(2.30962 -0.723492 0)
(2.33238 -0.720005 0)
(2.32646 -0.700013 0)
(2.3152 -0.655034 0)
(2.25635 -0.527821 0)
(2.16144 -0.309453 0)
(2.07882 -0.123813 0)
(2.04754 -0.0198026 0)
(2.01016 0.0321364 0)
(2.00429 0.0598808 0)
(2.00814 0.0688116 0)
(2.01435 0.0850667 0)
(2.02673 0.0891932 0)
(2.04024 0.0913484 0)
(2.05346 0.0928321 0)
(2.0646 0.0954174 0)
(2.07249 0.103362 0)
(2.0725 0.118448 0)
(2.07298 0.130856 0)
(2.08332 0.13552 0)
(2.09699 0.138026 0)
(2.11111 0.140617 0)
(2.1238 0.144165 0)
(2.1316 0.14941 0)
(2.12911 0.157032 0)
(2.12391 0.16539 0)
(2.132 0.170252 0)
(2.14574 0.173009 0)
(2.1607 0.175756 0)
(2.17567 0.178988 0)
(2.18919 0.1832 0)
(2.19807 0.188794 0)
(2.19657 0.196113 0)
(2.18799 0.203123 0)
(2.19428 0.204791 0)
(2.20821 0.20455 0)
(2.22254 0.204301 0)
(2.23683 0.204593 0)
(2.2501 0.206298 0)
(2.25812 0.211745 0)
(2.25353 0.221778 0)
(2.24671 0.227856 0)
(2.25658 0.226758 0)
(2.26964 0.226373 0)
(2.28339 0.226402 0)
(2.29759 0.228905 0)
(2.31098 0.231616 0)
(2.32296 0.236301 0)
(2.32541 0.243355 0)
(2.32009 0.249819 0)
(2.32111 0.249015 0)
(2.32699 0.243954 0)
(2.33533 0.239152 0)
(2.34686 0.237295 0)
(2.35934 0.241967 0)
(2.37654 0.252806 0)
(1.5954 0.868418 0)
(1.63274 0.852894 0)
(1.6781 0.830435 0)
(1.7291 0.805632 0)
(1.77081 0.791643 0)
(1.81578 0.769867 0)
(1.88062 0.727539 0)
(1.93374 0.695949 0)
(1.96549 0.688566 0)
(2.01887 0.655014 0)
(2.08817 0.603359 0)
(2.11952 0.57805 0)
(2.14193 0.526311 0)
(2.1147 0.390452 0)
(2.03207 0.171961 0)
(1.89008 -0.0480584 0)
(1.85344 -0.170046 0)
(1.89411 -0.238194 0)
(1.91583 -0.267591 0)
(1.94578 -0.297656 0)
(1.96038 -0.33464 0)
(1.95178 -0.368909 0)
(1.9556 -0.398002 0)
(1.98156 -0.423331 0)
(2.01154 -0.458422 0)
(2.03708 -0.486374 0)
(2.05903 -0.508644 0)
(2.07473 -0.526207 0)
(2.08475 -0.541688 0)
(2.09987 -0.554978 0)
(2.12161 -0.568415 0)
(2.14534 -0.583181 0)
(2.16789 -0.600628 0)
(2.1894 -0.611494 0)
(2.20821 -0.617548 0)
(2.22179 -0.62178 0)
(2.23449 -0.627787 0)
(2.25195 -0.633515 0)
(2.27302 -0.645149 0)
(2.29528 -0.652096 0)
(2.31728 -0.660838 0)
(2.33987 -0.67904 0)
(2.35349 -0.684814 0)
(2.36972 -0.671275 0)
(2.36299 -0.645555 0)
(2.35168 -0.592108 0)
(2.29184 -0.453608 0)
(2.19898 -0.237539 0)
(2.127 -0.0764348 0)
(2.0964 0.00845437 0)
(2.06498 0.054655 0)
(2.04402 0.0918473 0)
(2.05503 0.105211 0)
(2.07338 0.109456 0)
(2.08785 0.109593 0)
(2.0994 0.109364 0)
(2.11015 0.113946 0)
(2.11376 0.128623 0)
(2.11065 0.145411 0)
(2.11516 0.153097 0)
(2.12682 0.15576 0)
(2.13923 0.158682 0)
(2.15104 0.162992 0)
(2.1598 0.168055 0)
(2.16031 0.174265 0)
(2.15487 0.1826 0)
(2.16024 0.188379 0)
(2.17318 0.19104 0)
(2.18681 0.193234 0)
(2.20024 0.196103 0)
(2.21284 0.200286 0)
(2.22272 0.205901 0)
(2.22406 0.213889 0)
(2.21375 0.223514 0)
(2.2117 0.228307 0)
(2.22286 0.228587 0)
(2.23676 0.227785 0)
(2.25162 0.22595 0)
(2.26569 0.223016 0)
(2.27679 0.220639 0)
(2.27958 0.224476 0)
(2.2722 0.238588 0)
(2.268 0.252351 0)
(2.27859 0.257084 0)
(2.29151 0.258667 0)
(2.30744 0.25721 0)
(2.32391 0.254877 0)
(2.3365 0.255301 0)
(2.34551 0.25639 0)
(2.34038 0.261331 0)
(2.33353 0.2644 0)
(2.34065 0.26328 0)
(2.35345 0.2635 0)
(2.36656 0.265952 0)
(2.37843 0.271065 0)
(2.39715 0.275841 0)
(1.61938 0.891195 0)
(1.65235 0.874704 0)
(1.69595 0.848929 0)
(1.73669 0.829114 0)
(1.76932 0.815843 0)
(1.81944 0.784089 0)
(1.87419 0.742662 0)
(1.9103 0.731338 0)
(1.94541 0.71756 0)
(2.01459 0.66986 0)
(2.05817 0.64165 0)
(2.05085 0.556967 0)
(2.00517 0.393493 0)
(1.91851 0.149848 0)
(1.83225 -0.0349952 0)
(1.79124 -0.134249 0)
(1.8212 -0.165085 0)
(1.85468 -0.190665 0)
(1.89324 -0.224727 0)
(1.92625 -0.268038 0)
(1.94492 -0.304829 0)
(1.94759 -0.333224 0)
(1.94648 -0.358598 0)
(1.97027 -0.382877 0)
(2.00023 -0.410334 0)
(2.02882 -0.43833 0)
(2.05471 -0.461066 0)
(2.07738 -0.479964 0)
(2.0939 -0.497425 0)
(2.10766 -0.513167 0)
(2.12756 -0.528527 0)
(2.15099 -0.54103 0)
(2.17479 -0.555447 0)
(2.19782 -0.567712 0)
(2.21974 -0.577434 0)
(2.23897 -0.581325 0)
(2.25251 -0.585504 0)
(2.26515 -0.591151 0)
(2.28249 -0.596282 0)
(2.30329 -0.60329 0)
(2.32495 -0.610833 0)
(2.34493 -0.619091 0)
(2.36538 -0.629607 0)
(2.38453 -0.638047 0)
(2.39538 -0.626516 0)
(2.40188 -0.616696 0)
(2.40003 -0.599526 0)
(2.38461 -0.536018 0)
(2.31815 -0.381632 0)
(2.25279 -0.204557 0)
(2.15899 -0.0317283 0)
(2.11945 0.0557359 0)
(2.09708 0.103974 0)
(2.10654 0.122188 0)
(2.11497 0.129414 0)
(2.12839 0.133013 0)
(2.1392 0.134389 0)
(2.14868 0.142836 0)
(2.14975 0.157512 0)
(2.14828 0.168151 0)
(2.1567 0.170918 0)
(2.16744 0.172696 0)
(2.17898 0.174912 0)
(2.18977 0.178133 0)
(2.19548 0.184527 0)
(2.19178 0.196702 0)
(2.18954 0.209335 0)
(2.20035 0.214686 0)
(2.21343 0.215982 0)
(2.2259 0.216609 0)
(2.23786 0.217315 0)
(2.24839 0.219777 0)
(2.25345 0.227554 0)
(2.24613 0.240609 0)
(2.23724 0.24859 0)
(2.24601 0.247972 0)
(2.25879 0.246732 0)
(2.27125 0.245836 0)
(2.28237 0.245191 0)
(2.29173 0.245541 0)
(2.29882 0.248546 0)
(2.30055 0.256634 0)
(2.29643 0.270852 0)
(2.29812 0.280023 0)
(2.30892 0.28141 0)
(2.32028 0.280814 0)
(2.33172 0.278237 0)
(2.34399 0.273435 0)
(2.35414 0.269492 0)
(2.3579 0.268701 0)
(2.35297 0.279743 0)
(2.3499 0.293221 0)
(2.36143 0.299368 0)
(2.37523 0.30107 0)
(2.38929 0.302495 0)
(2.4067 0.299989 0)
(1.634 0.913472 0)
(1.67035 0.892983 0)
(1.71341 0.86537 0)
(1.74314 0.851839 0)
(1.77721 0.833637 0)
(1.82872 0.796352 0)
(1.8721 0.766898 0)
(1.90061 0.760609 0)
(1.9506 0.726403 0)
(1.99007 0.685964 0)
(1.98107 0.584002 0)
(1.89483 0.388663 0)
(1.79368 0.159607 0)
(1.77918 0.0125605 0)
(1.78342 -0.0396147 0)
(1.79569 -0.0812755 0)
(1.80646 -0.117354 0)
(1.83366 -0.150137 0)
(1.86995 -0.189261 0)
(1.90778 -0.243347 0)
(1.93153 -0.282114 0)
(1.94568 -0.31041 0)
(1.94986 -0.335092 0)
(1.96912 -0.35798 0)
(2.00005 -0.379191 0)
(2.03099 -0.405104 0)
(2.05896 -0.426923 0)
(2.08477 -0.442318 0)
(2.10619 -0.457117 0)
(2.12094 -0.470398 0)
(2.13698 -0.484882 0)
(2.15946 -0.498509 0)
(2.18424 -0.513238 0)
(2.20851 -0.52393 0)
(2.23171 -0.533164 0)
(2.25332 -0.538978 0)
(2.27059 -0.541736 0)
(2.28184 -0.5448 0)
(2.2935 -0.550209 0)
(2.31078 -0.552581 0)
(2.33101 -0.556051 0)
(2.35135 -0.566046 0)
(2.37125 -0.57224 0)
(2.391 -0.57517 0)
(2.40985 -0.585446 0)
(2.42129 -0.586308 0)
(2.42514 -0.574413 0)
(2.43682 -0.573766 0)
(2.43797 -0.556395 0)
(2.42039 -0.48604 0)
(2.34407 -0.317664 0)
(2.27639 -0.13981 0)
(2.21327 0.00369431 0)
(2.14744 0.114353 0)
(2.13939 0.153071 0)
(2.15221 0.151243 0)
(2.16261 0.152125 0)
(2.17405 0.158288 0)
(2.17923 0.171522 0)
(2.17536 0.187417 0)
(2.17996 0.191787 0)
(2.1909 0.192555 0)
(2.20243 0.193644 0)
(2.21493 0.196499 0)
(2.22624 0.201524 0)
(2.22998 0.211 0)
(2.22455 0.225226 0)
(2.22939 0.234178 0)
(2.2419 0.237667 0)
(2.25334 0.23962 0)
(2.26373 0.240977 0)
(2.27286 0.241946 0)
(2.27982 0.244911 0)
(2.28071 0.253201 0)
(2.27307 0.265951 0)
(2.27169 0.272729 0)
(2.28006 0.272982 0)
(2.2901 0.272543 0)
(2.3006 0.272986 0)
(2.3114 0.275039 0)
(2.3226 0.278207 0)
(2.33191 0.282406 0)
(2.3331 0.289374 0)
(2.32876 0.297142 0)
(2.3326 0.300763 0)
(2.34136 0.300785 0)
(2.34986 0.299191 0)
(2.35728 0.296732 0)
(2.36464 0.294559 0)
(2.37319 0.293066 0)
(2.38093 0.297092 0)
(2.38376 0.308295 0)
(2.38176 0.324118 0)
(2.38444 0.327852 0)
(2.39242 0.325782 0)
(2.40413 0.307574 0)
(1.65289 0.925443 0)
(1.69258 0.901087 0)
(1.72495 0.884677 0)
(1.74851 0.874365 0)
(1.79723 0.843678 0)
(1.84184 0.808805 0)
(1.87594 0.795593 0)
(1.89941 0.781809 0)
(1.9252 0.724293 0)
(1.89868 0.576458 0)
(1.80695 0.356093 0)
(1.69374 0.153465 0)
(1.69196 0.0361298 0)
(1.73875 -0.0202854 0)
(1.77024 -0.0458603 0)
(1.79702 -0.0649858 0)
(1.80779 -0.0955279 0)
(1.82677 -0.131589 0)
(1.86007 -0.167481 0)
(1.89674 -0.213766 0)
(1.92346 -0.244489 0)
(1.94477 -0.268851 0)
(1.95655 -0.296744 0)
(1.97509 -0.322444 0)
(2.00481 -0.342102 0)
(2.03632 -0.362089 0)
(2.06637 -0.382863 0)
(2.09457 -0.401299 0)
(2.11913 -0.418992 0)
(2.13712 -0.433841 0)
(2.15198 -0.446532 0)
(2.1711 -0.455894 0)
(2.1952 -0.468813 0)
(2.21995 -0.479789 0)
(2.24384 -0.490083 0)
(2.26618 -0.497817 0)
(2.28577 -0.503631 0)
(2.30067 -0.507098 0)
(2.31144 -0.509187 0)
(2.32381 -0.510815 0)
(2.34104 -0.510762 0)
(2.36031 -0.515525 0)
(2.38007 -0.52422 0)
(2.39899 -0.531368 0)
(2.41653 -0.532713 0)
(2.42981 -0.539233 0)
(2.44248 -0.545403 0)
(2.45291 -0.546476 0)
(2.45899 -0.540335 0)
(2.47432 -0.539233 0)
(2.47327 -0.510631 0)
(2.44644 -0.419646 0)
(2.39015 -0.270785 0)
(2.27702 -0.0564299 0)
(2.23376 0.0603702 0)
(2.20666 0.127509 0)
(2.19601 0.167889 0)
(2.18992 0.177167 0)
(2.19312 0.187457 0)
(2.19728 0.203568 0)
(2.197 0.213646 0)
(2.20678 0.214548 0)
(2.21919 0.21583 0)
(2.23342 0.218242 0)
(2.24894 0.222422 0)
(2.2601 0.229148 0)
(2.2594 0.241037 0)
(2.25103 0.256311 0)
(2.25205 0.265329 0)
(2.26258 0.269624 0)
(2.27573 0.270679 0)
(2.2901 0.269442 0)
(2.30278 0.266247 0)
(2.31111 0.266027 0)
(2.31083 0.273075 0)
(2.30676 0.2866 0)
(2.30626 0.297019 0)
(2.3131 0.29982 0)
(2.32584 0.300791 0)
(2.33829 0.300783 0)
(2.35154 0.301293 0)
(2.36305 0.302771 0)
(2.36637 0.306605 0)
(2.35944 0.312688 0)
(2.35761 0.317404 0)
(2.36509 0.319727 0)
(2.37451 0.319945 0)
(2.38319 0.31789 0)
(2.39277 0.31815 0)
(2.4031 0.320691 0)
(2.41198 0.326028 0)
(2.41701 0.335106 0)
(2.40758 0.343806 0)
(2.3998 0.345092 0)
(2.39535 0.323561 0)
(2.3727 0.255988 0)
(1.6723 0.944801 0)
(1.71125 0.921155 0)
(1.73026 0.912232 0)
(1.77115 0.886699 0)
(1.81233 0.859534 0)
(1.84615 0.833434 0)
(1.87089 0.829528 0)
(1.85913 0.742276 0)
(1.80382 0.555276 0)
(1.73178 0.323586 0)
(1.67263 0.188623 0)
(1.6601 0.123095 0)
(1.69731 0.0630648 0)
(1.73556 0.0248702 0)
(1.77341 -0.00824171 0)
(1.79835 -0.0444698 0)
(1.81103 -0.081577 0)
(1.82784 -0.114034 0)
(1.85917 -0.143463 0)
(1.89547 -0.183891 0)
(1.92604 -0.219028 0)
(1.95139 -0.243718 0)
(1.96855 -0.270439 0)
(1.98794 -0.296001 0)
(2.01601 -0.314938 0)
(2.04831 -0.33415 0)
(2.07837 -0.353394 0)
(2.10609 -0.368571 0)
(2.13107 -0.383172 0)
(2.15133 -0.395837 0)
(2.16785 -0.40737 0)
(2.18559 -0.415696 0)
(2.20733 -0.42613 0)
(2.23081 -0.434417 0)
(2.25408 -0.442895 0)
(2.27589 -0.450694 0)
(2.29578 -0.457935 0)
(2.3132 -0.464409 0)
(2.3271 -0.468762 0)
(2.33862 -0.470357 0)
(2.3523 -0.467936 0)
(2.36767 -0.468847 0)
(2.38318 -0.470974 0)
(2.39813 -0.475147 0)
(2.41435 -0.478117 0)
(2.42991 -0.482407 0)
(2.44517 -0.484368 0)
(2.45893 -0.488142 0)
(2.4722 -0.493391 0)
(2.48315 -0.498136 0)
(2.49094 -0.501248 0)
(2.50402 -0.491385 0)
(2.4999 -0.456798 0)
(2.46103 -0.353329 0)
(2.4112 -0.208465 0)
(2.29421 0.0215939 0)
(2.2555 0.128409 0)
(2.23121 0.176923 0)
(2.22571 0.187175 0)
(2.21795 0.20626 0)
(2.21548 0.226279 0)
(2.22357 0.232332 0)
(2.23685 0.235675 0)
(2.251 0.238414 0)
(2.26589 0.242226 0)
(2.27884 0.248661 0)
(2.2842 0.256456 0)
(2.27566 0.266783 0)
(2.26997 0.281208 0)
(2.27801 0.290765 0)
(2.29274 0.291512 0)
(2.30918 0.290602 0)
(2.32429 0.289327 0)
(2.33151 0.290399 0)
(2.33361 0.296194 0)
(2.33015 0.308272 0)
(2.32412 0.320281 0)
(2.3335 0.326601 0)
(2.34416 0.330255 0)
(2.35589 0.329883 0)
(2.36855 0.328239 0)
(2.37937 0.326697 0)
(2.38467 0.324981 0)
(2.38072 0.328325 0)
(2.37443 0.338603 0)
(2.37206 0.346424 0)
(2.37798 0.352206 0)
(2.39134 0.355351 0)
(2.40376 0.356752 0)
(2.41806 0.356892 0)
(2.42948 0.356528 0)
(2.43396 0.359235 0)
(2.42455 0.354265 0)
(2.40045 0.311741 0)
(2.37531 0.26072 0)
(2.29482 0.0999013 0)
(1.68546 0.959636 0)
(1.7124 0.947893 0)
(1.74823 0.924687 0)
(1.7915 0.902597 0)
(1.81403 0.883312 0)
(1.83083 0.843233 0)
(1.80703 0.731378 0)
(1.71114 0.515048 0)
(1.6272 0.283734 0)
(1.6323 0.161776 0)
(1.64529 0.11637 0)
(1.66827 0.100616 0)
(1.70099 0.0840311 0)
(1.7445 0.0511251 0)
(1.7821 0.0091887 0)
(1.80696 -0.033062 0)
(1.82287 -0.0713458 0)
(1.8381 -0.101209 0)
(1.86585 -0.126082 0)
(1.89959 -0.155535 0)
(1.93056 -0.185471 0)
(1.95864 -0.208209 0)
(1.97919 -0.231334 0)
(1.9984 -0.257255 0)
(2.02453 -0.276793 0)
(2.05425 -0.29285 0)
(2.08436 -0.310419 0)
(2.11292 -0.327386 0)
(2.13913 -0.344098 0)
(2.16136 -0.3587 0)
(2.17985 -0.370828 0)
(2.19767 -0.377435 0)
(2.21769 -0.385124 0)
(2.23969 -0.391712 0)
(2.26213 -0.398001 0)
(2.283 -0.403823 0)
(2.30165 -0.410162 0)
(2.3189 -0.416055 0)
(2.33463 -0.420576 0)
(2.34817 -0.425208 0)
(2.36199 -0.426105 0)
(2.37668 -0.429205 0)
(2.392 -0.433309 0)
(2.40646 -0.436771 0)
(2.4206 -0.435445 0)
(2.4344 -0.43931 0)
(2.45014 -0.439672 0)
(2.46485 -0.439385 0)
(2.47782 -0.443394 0)
(2.49145 -0.453539 0)
(2.50432 -0.461754 0)
(2.51934 -0.457921 0)
(2.5199 -0.457513 0)
(2.5341 -0.438346 0)
(2.5266 -0.395671 0)
(2.48263 -0.287539 0)
(2.40694 -0.115067 0)
(2.33982 0.0510419 0)
(2.26716 0.174979 0)
(2.24354 0.21881 0)
(2.23652 0.242284 0)
(2.23103 0.266777 0)
(2.24383 0.27066 0)
(2.25889 0.265819 0)
(2.2748 0.265232 0)
(2.28883 0.268844 0)
(2.29986 0.274259 0)
(2.30084 0.283959 0)
(2.2922 0.300526 0)
(2.28521 0.311335 0)
(2.29272 0.316755 0)
(2.30768 0.318658 0)
(2.31967 0.320539 0)
(2.33219 0.32252 0)
(2.34425 0.32379 0)
(2.35458 0.325992 0)
(2.3521 0.337366 0)
(2.34578 0.351027 0)
(2.34781 0.355218 0)
(2.35691 0.355576 0)
(2.36649 0.350645 0)
(2.375 0.345874 0)
(2.38389 0.343879 0)
(2.39313 0.342808 0)
(2.39823 0.346585 0)
(2.39803 0.357231 0)
(2.39954 0.374299 0)
(2.41259 0.381161 0)
(2.42195 0.3816 0)
(2.42934 0.379011 0)
(2.43437 0.373966 0)
(2.42461 0.351103 0)
(2.3945 0.278437 0)
(2.34741 0.169917 0)
(2.28079 0.0323433 0)
(2.23636 -0.0583861 0)
(1.77481 0.966878 0)
(1.72022 0.957456 0)
(1.75544 0.942035 0)
(1.79146 0.93645 0)
(1.77699 0.85138 0)
(1.71838 0.67411 0)
(1.63874 0.4557 0)
(1.57765 0.309863 0)
(1.59257 0.229824 0)
(1.63252 0.178478 0)
(1.67066 0.147974 0)
(1.69285 0.126039 0)
(1.71022 0.0977716 0)
(1.74686 0.064962 0)
(1.77877 0.0325991 0)
(1.80713 -0.00515592 0)
(1.83063 -0.0508995 0)
(1.84843 -0.0812366 0)
(1.87171 -0.104836 0)
(1.90445 -0.131659 0)
(1.93624 -0.164751 0)
(1.96443 -0.191428 0)
(1.98837 -0.212076 0)
(2.00734 -0.22879 0)
(2.03063 -0.246519 0)
(2.05968 -0.265069 0)
(2.08819 -0.281951 0)
(2.1155 -0.295146 0)
(2.14142 -0.306843 0)
(2.16418 -0.317666 0)
(2.1836 -0.32916 0)
(2.20186 -0.337455 0)
(2.22155 -0.34549 0)
(2.24293 -0.352082 0)
(2.265 -0.357624 0)
(2.28619 -0.361707 0)
(2.30473 -0.366191 0)
(2.32074 -0.371393 0)
(2.33507 -0.375503 0)
(2.34847 -0.379216 0)
(2.36247 -0.380074 0)
(2.37708 -0.384693 0)
(2.39221 -0.389582 0)
(2.40686 -0.392508 0)
(2.42079 -0.389123 0)
(2.43139 -0.388486 0)
(2.44028 -0.387429 0)
(2.44998 -0.386826 0)
(2.46069 -0.389474 0)
(2.47323 -0.396089 0)
(2.4892 -0.402304 0)
(2.50933 -0.405702 0)
(2.52454 -0.41424 0)
(2.54451 -0.406435 0)
(2.5458 -0.407954 0)
(2.55178 -0.379603 0)
(2.54012 -0.336941 0)
(2.48909 -0.220534 0)
(2.40004 -0.036699 0)
(2.36866 0.0902384 0)
(2.29271 0.216352 0)
(2.25086 0.290801 0)
(2.25424 0.316227 0)
(2.26761 0.316768 0)
(2.27516 0.30966 0)
(2.2841 0.30157 0)
(2.29594 0.302304 0)
(2.30859 0.306809 0)
(2.31649 0.312978 0)
(2.3103 0.32583 0)
(2.30446 0.34267 0)
(2.30958 0.353197 0)
(2.31981 0.357017 0)
(2.33176 0.355211 0)
(2.34456 0.351897 0)
(2.35387 0.353289 0)
(2.3628 0.355689 0)
(2.36373 0.360855 0)
(2.35832 0.368344 0)
(2.35849 0.373608 0)
(2.36655 0.376578 0)
(2.37866 0.376343 0)
(2.38911 0.375386 0)
(2.40108 0.376469 0)
(2.41453 0.377196 0)
(2.42455 0.382216 0)
(2.41749 0.396669 0)
(2.41729 0.399786 0)
(2.42477 0.395937 0)
(2.42188 0.37586 0)
(2.39958 0.320489 0)
(2.36062 0.206894 0)
(2.29531 0.0574431 0)
(2.25841 -0.0245886 0)
(2.24981 -0.0433191 0)
(2.23521 -0.0853276 0)
(2.18364 0.801864 0)
(1.76625 0.968251 0)
(1.76489 0.960801 0)
(1.72493 0.859924 0)
(1.60231 0.617969 0)
(1.53433 0.390995 0)
(1.5324 0.280336 0)
(1.54671 0.226138 0)
(1.5859 0.218204 0)
(1.63249 0.202058 0)
(1.6811 0.171126 0)
(1.70866 0.140476 0)
(1.71901 0.105283 0)
(1.74819 0.0700249 0)
(1.77767 0.0420751 0)
(1.80296 0.0152741 0)
(1.82741 -0.0248362 0)
(1.84958 -0.0607929 0)
(1.87382 -0.0837042 0)
(1.90315 -0.106642 0)
(1.93343 -0.134084 0)
(1.96056 -0.161326 0)
(1.98492 -0.183976 0)
(2.00761 -0.201347 0)
(2.02921 -0.212095 0)
(2.05341 -0.22445 0)
(2.08078 -0.240134 0)
(2.10744 -0.254403 0)
(2.13348 -0.26776 0)
(2.15826 -0.279317 0)
(2.17882 -0.290123 0)
(2.1966 -0.297328 0)
(2.21486 -0.303839 0)
(2.23478 -0.307813 0)
(2.25476 -0.311186 0)
(2.27656 -0.314179 0)
(2.29687 -0.31729 0)
(2.31283 -0.321871 0)
(2.32427 -0.325853 0)
(2.33325 -0.328702 0)
(2.34352 -0.327587 0)
(2.35673 -0.330076 0)
(2.37304 -0.334584 0)
(2.39121 -0.339102 0)
(2.41008 -0.33945 0)
(2.42658 -0.34263 0)
(2.43864 -0.345249 0)
(2.44741 -0.344886 0)
(2.45563 -0.347433 0)
(2.46672 -0.353444 0)
(2.48193 -0.357431 0)
(2.49912 -0.356459 0)
(2.51659 -0.363922 0)
(2.53265 -0.36215 0)
(2.54547 -0.363917 0)
(2.55324 -0.362012 0)
(2.56796 -0.355366 0)
(2.57038 -0.339626 0)
(2.55907 -0.278544 0)
(2.51932 -0.147645 0)
(2.41187 0.0531387 0)
(2.38353 0.152749 0)
(2.32865 0.249351 0)
(2.29502 0.337823 0)
(2.28521 0.353761 0)
(2.29104 0.34723 0)
(2.30056 0.334397 0)
(2.31139 0.330987 0)
(2.31932 0.336733 0)
(2.32224 0.346909 0)
(2.32169 0.36051 0)
(2.32259 0.375784 0)
(2.32873 0.385398 0)
(2.3388 0.389867 0)
(2.34642 0.38784 0)
(2.3536 0.380841 0)
(2.36211 0.375504 0)
(2.36904 0.37396 0)
(2.37126 0.378308 0)
(2.36973 0.387958 0)
(2.37135 0.3965 0)
(2.37622 0.402147 0)
(2.38388 0.407308 0)
(2.3994 0.409 0)
(2.41072 0.409243 0)
(2.41778 0.409452 0)
(2.42175 0.404395 0)
(2.41296 0.380454 0)
(2.39239 0.329078 0)
(2.35281 0.230451 0)
(2.29032 0.108168 0)
(2.28594 0.0457836 0)
(2.24152 -0.0347244 0)
(2.21741 -0.0916439 0)
(2.2183 -0.098364 0)
(2.22954 -0.100709 0)
(2.91422 0.310065 0)
(1.96228 0.986486 0)
(1.75164 0.867623 0)
(1.44474 0.535277 0)
(1.42298 0.369151 0)
(1.47375 0.309017 0)
(1.51619 0.28006 0)
(1.54781 0.254829 0)
(1.58469 0.235647 0)
(1.62689 0.215131 0)
(1.6695 0.182477 0)
(1.69842 0.150131 0)
(1.71258 0.115034 0)
(1.73883 0.0790568 0)
(1.77011 0.0492573 0)
(1.79436 0.0291968 0)
(1.81501 -0.00322563 0)
(1.83827 -0.0429069 0)
(1.86517 -0.0686015 0)
(1.8941 -0.084925 0)
(1.92183 -0.103987 0)
(1.94988 -0.127642 0)
(1.97406 -0.152261 0)
(1.99599 -0.172577 0)
(2.02043 -0.1862 0)
(2.04592 -0.194658 0)
(2.07124 -0.204217 0)
(2.09853 -0.216479 0)
(2.12298 -0.228459 0)
(2.14423 -0.235832 0)
(2.16381 -0.243893 0)
(2.1808 -0.252269 0)
(2.19798 -0.262541 0)
(2.21968 -0.270735 0)
(2.24518 -0.27017 0)
(2.26835 -0.271337 0)
(2.29137 -0.272177 0)
(2.3088 -0.275221 0)
(2.32104 -0.279552 0)
(2.33084 -0.283993 0)
(2.34207 -0.283614 0)
(2.35625 -0.284848 0)
(2.37312 -0.287239 0)
(2.39147 -0.290414 0)
(2.41016 -0.291226 0)
(2.42755 -0.294968 0)
(2.4417 -0.298939 0)
(2.45208 -0.299564 0)
(2.46018 -0.302997 0)
(2.47103 -0.309853 0)
(2.48633 -0.313941 0)
(2.50485 -0.313137 0)
(2.52305 -0.318341 0)
(2.53954 -0.317187 0)
(2.55486 -0.322176 0)
(2.57119 -0.318642 0)
(2.58064 -0.31887 0)
(2.59033 -0.302739 0)
(2.60841 -0.292605 0)
(2.6075 -0.278899 0)
(2.57074 -0.200726 0)
(2.51401 -0.0524028 0)
(2.4314 0.119555 0)
(2.33583 0.289718 0)
(2.33123 0.32083 0)
(2.31407 0.341074 0)
(2.3143 0.367021 0)
(2.3169 0.371819 0)
(2.32409 0.368791 0)
(2.32902 0.364121 0)
(2.33492 0.371641 0)
(2.34465 0.385352 0)
(2.34882 0.399988 0)
(2.34663 0.413348 0)
(2.34702 0.421734 0)
(2.3547 0.418638 0)
(2.36163 0.409653 0)
(2.36736 0.40228 0)
(2.37515 0.40182 0)
(2.38602 0.405803 0)
(2.39211 0.412398 0)
(2.39141 0.429568 0)
(2.39003 0.438185 0)
(2.40024 0.4374 0)
(2.40548 0.426702 0)
(2.4022 0.406092 0)
(2.38283 0.34842 0)
(2.33415 0.237001 0)
(2.28443 0.11873 0)
(2.26724 0.046421 0)
(2.21277 -0.0394802 0)
(2.1923 -0.0795839 0)
(2.19847 -0.0930166 0)
(2.21219 -0.0843568 0)
(2.21951 -0.0781367 0)
(2.23277 -0.0743502 0)
(3.00831 0.027898 0)
(2.55574 0.455322 0)
(1.50931 0.429431 0)
(1.24923 0.306483 0)
(1.35141 0.271456 0)
(1.44301 0.266672 0)
(1.50378 0.26075 0)
(1.54645 0.255401 0)
(1.57698 0.242748 0)
(1.61155 0.226487 0)
(1.64825 0.195262 0)
(1.67605 0.16511 0)
(1.69326 0.135815 0)
(1.71842 0.106253 0)
(1.75037 0.0735015 0)
(1.77655 0.0502235 0)
(1.79153 0.0267815 0)
(1.81811 -0.00487784 0)
(1.8487 -0.0375169 0)
(1.87819 -0.0633177 0)
(1.90558 -0.0789097 0)
(1.92898 -0.0933054 0)
(1.95237 -0.113921 0)
(1.98035 -0.134047 0)
(2.00849 -0.149777 0)
(2.03798 -0.164253 0)
(2.06518 -0.172698 0)
(2.0832 -0.175628 0)
(2.10506 -0.18619 0)
(2.13168 -0.196888 0)
(2.15682 -0.203904 0)
(2.17802 -0.211988 0)
(2.19671 -0.221145 0)
(2.21313 -0.225608 0)
(2.22815 -0.229931 0)
(2.24942 -0.235167 0)
(2.27237 -0.235576 0)
(2.29295 -0.237627 0)
(2.30918 -0.240562 0)
(2.32098 -0.243383 0)
(2.33251 -0.241938 0)
(2.34747 -0.240591 0)
(2.36558 -0.240579 0)
(2.38414 -0.243083 0)
(2.40185 -0.246197 0)
(2.41907 -0.253086 0)
(2.43533 -0.259685 0)
(2.44972 -0.259617 0)
(2.46009 -0.261045 0)
(2.47073 -0.267424 0)
(2.48517 -0.273097 0)
(2.50311 -0.273696 0)
(2.52107 -0.278471 0)
(2.5383 -0.27724 0)
(2.55253 -0.27866 0)
(2.56211 -0.276585 0)
(2.57343 -0.274243 0)
(2.5849 -0.266737 0)
(2.59216 -0.272937 0)
(2.6044 -0.26517 0)
(2.60995 -0.254635 0)
(2.61246 -0.22765 0)
(2.5651 -0.117257 0)
(2.50573 0.0224606 0)
(2.42682 0.194883 0)
(2.32853 0.369131 0)
(2.31457 0.402855 0)
(2.31942 0.395854 0)
(2.32101 0.399121 0)
(2.33304 0.394017 0)
(2.34678 0.390719 0)
(2.35977 0.396277 0)
(2.36861 0.410075 0)
(2.36605 0.423089 0)
(2.3567 0.429864 0)
(2.35389 0.433275 0)
(2.36002 0.43507 0)
(2.36963 0.435215 0)
(2.38016 0.434847 0)
(2.39014 0.436246 0)
(2.39949 0.443508 0)
(2.40128 0.450293 0)
(2.39738 0.447938 0)
(2.38764 0.423357 0)
(2.36953 0.375777 0)
(2.31509 0.269104 0)
(2.27363 0.157066 0)
(2.23561 0.0459149 0)
(2.1937 -0.0520737 0)
(2.18447 -0.0526345 0)
(2.19414 -0.0603318 0)
(2.19443 -0.0639603 0)
(2.203 -0.0635773 0)
(2.21552 -0.0569342 0)
(2.22852 -0.0531843 0)
(2.24628 -0.0517187 0)
(3.00019 0.00146028 0)
(2.38263 -0.138909 0)
(1.05975 0.0187975 0)
(1.00735 0.193167 0)
(1.20854 0.260798 0)
(1.32747 0.295355 0)
(1.4094 0.290977 0)
(1.47047 0.269543 0)
(1.5178 0.247454 0)
(1.56171 0.220262 0)
(1.60805 0.186123 0)
(1.64237 0.160535 0)
(1.66704 0.141226 0)
(1.69352 0.119174 0)
(1.72171 0.0945022 0)
(1.74879 0.0676836 0)
(1.77631 0.0480223 0)
(1.79916 0.0239963 0)
(1.8256 -0.00634855 0)
(1.85747 -0.0336359 0)
(1.89077 -0.0594146 0)
(1.92329 -0.0796837 0)
(1.95226 -0.0908234 0)
(1.97275 -0.101609 0)
(1.98943 -0.114381 0)
(2.01517 -0.126178 0)
(2.04541 -0.137025 0)
(2.07673 -0.14682 0)
(2.10803 -0.151568 0)
(2.13015 -0.157179 0)
(2.14287 -0.168135 0)
(2.15465 -0.174862 0)
(2.17408 -0.178059 0)
(2.20185 -0.180616 0)
(2.23294 -0.186429 0)
(2.25982 -0.189937 0)
(2.28125 -0.190752 0)
(2.30178 -0.194428 0)
(2.32119 -0.197683 0)
(2.33686 -0.199127 0)
(2.34929 -0.196936 0)
(2.36145 -0.196266 0)
(2.3771 -0.196967 0)
(2.3968 -0.197131 0)
(2.41684 -0.197987 0)
(2.43532 -0.20534 0)
(2.45056 -0.217038 0)
(2.46514 -0.222579 0)
(2.48202 -0.222394 0)
(2.49855 -0.22408 0)
(2.51428 -0.226095 0)
(2.53036 -0.224032 0)
(2.54581 -0.229051 0)
(2.56043 -0.231734 0)
(2.57409 -0.231985 0)
(2.5859 -0.22821 0)
(2.59066 -0.227068 0)
(2.58878 -0.225345 0)
(2.58683 -0.228093 0)
(2.59542 -0.219985 0)
(2.61566 -0.204487 0)
(2.62877 -0.202147 0)
(2.62819 -0.192292 0)
(2.61867 -0.149448 0)
(2.55502 -0.0242767 0)
(2.49876 0.109681 0)
(2.42552 0.259139 0)
(2.33032 0.421503 0)
(2.31285 0.460607 0)
(2.32981 0.454072 0)
(2.35271 0.438344 0)
(2.35869 0.437128 0)
(2.36879 0.439894 0)
(2.3798 0.445167 0)
(2.38276 0.455519 0)
(2.3766 0.465907 0)
(2.37432 0.470006 0)
(2.37856 0.468919 0)
(2.39085 0.469982 0)
(2.39484 0.466908 0)
(2.39993 0.464806 0)
(2.39255 0.446924 0)
(2.37013 0.392641 0)
(2.31727 0.285543 0)
(2.27007 0.175667 0)
(2.19917 0.0401395 0)
(2.18055 -0.0192879 0)
(2.19255 -0.0269282 0)
(2.18465 -0.041183 0)
(2.18856 -0.0505397 0)
(2.19351 -0.0516464 0)
(2.20374 -0.0508345 0)
(2.21741 -0.0453882 0)
(2.22956 -0.0366668 0)
(2.23907 -0.0339784 0)
(2.24882 -0.038072 0)
(3 1.39643e-05 0)
(1.97573 -0.14519 0)
(0.767931 -0.0111983 0)
(0.75125 0.12558 0)
(0.920886 0.18158 0)
(1.06066 0.208847 0)
(1.18124 0.211478 0)
(1.28244 0.201106 0)
(1.36543 0.188075 0)
(1.43554 0.181985 0)
(1.50087 0.178072 0)
(1.55098 0.160962 0)
(1.58816 0.141945 0)
(1.62049 0.121592 0)
(1.65869 0.0988371 0)
(1.69928 0.0729544 0)
(1.73035 0.0529323 0)
(1.7532 0.0319134 0)
(1.78338 0.0128695 0)
(1.82117 -0.00583843 0)
(1.85617 -0.0291984 0)
(1.887 -0.0510302 0)
(1.91438 -0.0652143 0)
(1.93688 -0.0730523 0)
(1.95825 -0.0766328 0)
(1.98305 -0.0798005 0)
(2.01207 -0.0866677 0)
(2.04232 -0.0969556 0)
(2.06872 -0.108004 0)
(2.09224 -0.11888 0)
(2.11482 -0.127324 0)
(2.13837 -0.13 0)
(2.16277 -0.129362 0)
(2.18687 -0.128981 0)
(2.21074 -0.130759 0)
(2.23341 -0.132793 0)
(2.25483 -0.136476 0)
(2.2746 -0.143658 0)
(2.29151 -0.14996 0)
(2.30685 -0.153469 0)
(2.32331 -0.152658 0)
(2.34209 -0.152283 0)
(2.36187 -0.154196 0)
(2.38122 -0.156837 0)
(2.3998 -0.15945 0)
(2.41744 -0.165155 0)
(2.4331 -0.174368 0)
(2.44799 -0.179249 0)
(2.46365 -0.1818 0)
(2.4798 -0.185088 0)
(2.49613 -0.18644 0)
(2.51141 -0.183004 0)
(2.52405 -0.186852 0)
(2.53451 -0.192594 0)
(2.54351 -0.195958 0)
(2.55222 -0.192781 0)
(2.56348 -0.181347 0)
(2.57732 -0.178591 0)
(2.5896 -0.179936 0)
(2.59879 -0.168551 0)
(2.60116 -0.157319 0)
(2.60936 -0.171437 0)
(2.61321 -0.181285 0)
(2.63076 -0.173112 0)
(2.62849 -0.159584 0)
(2.59764 -0.0741229 0)
(2.5441 0.0634405 0)
(2.42952 0.262887 0)
(2.40325 0.33663 0)
(2.35798 0.421487 0)
(2.3461 0.489688 0)
(2.35774 0.49447 0)
(2.36978 0.489937 0)
(2.38065 0.476216 0)
(2.38495 0.477148 0)
(2.385 0.488645 0)
(2.3858 0.496733 0)
(2.38822 0.495432 0)
(2.38998 0.49101 0)
(2.38875 0.477271 0)
(2.37396 0.433278 0)
(2.33244 0.331885 0)
(2.2792 0.197418 0)
(2.19659 0.0428847 0)
(2.18668 0.0174296 0)
(2.17697 -0.0187308 0)
(2.17743 -0.0470232 0)
(2.17999 -0.0464447 0)
(2.18694 -0.0419218 0)
(2.19723 -0.0379607 0)
(2.20528 -0.0321839 0)
(2.21407 -0.0285791 0)
(2.22422 -0.0281151 0)
(2.23485 -0.0320784 0)
(2.24102 -0.0376384 0)
(2.24682 -0.04205 0)
(3 5.00092e-08 0)
(1.83301 -0.0407654 0)
(0.750429 -0.0174409 0)
(0.70211 0.0270231 0)
(0.754099 0.0757832 0)
(0.840583 0.104035 0)
(0.941507 0.1264 0)
(1.04399 0.141269 0)
(1.141 0.152229 0)
(1.23055 0.157783 0)
(1.3115 0.154302 0)
(1.37858 0.143058 0)
(1.43442 0.128517 0)
(1.48526 0.114624 0)
(1.54004 0.0997135 0)
(1.59042 0.0822759 0)
(1.62718 0.0699794 0)
(1.66036 0.0445103 0)
(1.69915 0.0142145 0)
(1.73628 -0.00525061 0)
(1.77097 -0.0204024 0)
(1.80364 -0.0348228 0)
(1.83426 -0.0456404 0)
(1.86263 -0.0545348 0)
(1.88849 -0.0629133 0)
(1.91364 -0.0710457 0)
(1.93964 -0.0786857 0)
(1.96715 -0.0851378 0)
(1.99622 -0.0912095 0)
(2.02609 -0.0961411 0)
(2.05578 -0.0995528 0)
(2.08445 -0.101904 0)
(2.11117 -0.105498 0)
(2.13505 -0.109079 0)
(2.15689 -0.11179 0)
(2.17832 -0.113585 0)
(2.20048 -0.114163 0)
(2.2228 -0.113229 0)
(2.24472 -0.110999 0)
(2.26652 -0.110516 0)
(2.28834 -0.111013 0)
(2.31011 -0.113297 0)
(2.33111 -0.117757 0)
(2.3507 -0.122993 0)
(2.36889 -0.128371 0)
(2.38659 -0.134668 0)
(2.40405 -0.141035 0)
(2.4216 -0.141506 0)
(2.43902 -0.140992 0)
(2.45553 -0.144795 0)
(2.46971 -0.14983 0)
(2.48073 -0.149472 0)
(2.4887 -0.151465 0)
(2.49832 -0.149426 0)
(2.51327 -0.142561 0)
(2.52926 -0.136128 0)
(2.5431 -0.131135 0)
(2.55482 -0.134727 0)
(2.56338 -0.143123 0)
(2.56634 -0.142506 0)
(2.56911 -0.136112 0)
(2.57916 -0.137793 0)
(2.59212 -0.142938 0)
(2.61069 -0.138162 0)
(2.62352 -0.1339 0)
(2.62698 -0.126373 0)
(2.6181 -0.0848518 0)
(2.55952 0.034121 0)
(2.50528 0.177521 0)
(2.38057 0.377813 0)
(2.34864 0.455636 0)
(2.36583 0.462828 0)
(2.37277 0.49251 0)
(2.37053 0.513399 0)
(2.37453 0.516894 0)
(2.37786 0.513695 0)
(2.38386 0.504909 0)
(2.38165 0.496572 0)
(2.3694 0.458707 0)
(2.34625 0.378684 0)
(2.28255 0.231896 0)
(2.21965 0.0972097 0)
(2.19435 0.0243812 0)
(2.15943 -0.017886 0)
(2.15394 -0.0401436 0)
(2.16666 -0.0472307 0)
(2.17608 -0.045154 0)
(2.18658 -0.0353176 0)
(2.19714 -0.0248297 0)
(2.20668 -0.0144169 0)
(2.21097 -0.00808287 0)
(2.21712 -0.0086719 0)
(2.22397 -0.0128986 0)
(2.23053 -0.0199461 0)
(2.23516 -0.0279891 0)
(2.24401 -0.0321427 0)
(3 4.74721e-11 0)
(1.8833 0.0191253 0)
(0.777664 0.00320721 0)
(0.722077 0.0106841 0)
(0.747098 0.0167138 0)
(0.771311 0.0397448 0)
(0.824484 0.0566131 0)
(0.89037 0.0716097 0)
(0.965201 0.0837609 0)
(1.0428 0.0908061 0)
(1.11789 0.0937527 0)
(1.18794 0.0942239 0)
(1.25401 0.0937515 0)
(1.31933 0.0943373 0)
(1.3866 0.0910601 0)
(1.44769 0.0774992 0)
(1.49405 0.0611111 0)
(1.53664 0.0446782 0)
(1.58332 0.0317539 0)
(1.6286 0.0222867 0)
(1.66978 0.016345 0)
(1.70831 0.0067577 0)
(1.74238 -0.00724355 0)
(1.77258 -0.0233732 0)
(1.80113 -0.0374336 0)
(1.83048 -0.0452443 0)
(1.86221 -0.0466006 0)
(1.89574 -0.0457714 0)
(1.92937 -0.0468497 0)
(1.96133 -0.0512297 0)
(1.99122 -0.0587357 0)
(2.01968 -0.0668874 0)
(2.04725 -0.0737744 0)
(2.07413 -0.0760999 0)
(2.10101 -0.0735499 0)
(2.12752 -0.0686359 0)
(2.15264 -0.0646354 0)
(2.17625 -0.0645496 0)
(2.19948 -0.0681179 0)
(2.22359 -0.0743987 0)
(2.24821 -0.0802027 0)
(2.27252 -0.0849669 0)
(2.29622 -0.0886801 0)
(2.31919 -0.0899801 0)
(2.34144 -0.0894879 0)
(2.36259 -0.0903267 0)
(2.38146 -0.0944879 0)
(2.39816 -0.0975195 0)
(2.41458 -0.100622 0)
(2.43016 -0.106587 0)
(2.44304 -0.11062 0)
(2.45576 -0.105738 0)
(2.46827 -0.100048 0)
(2.48095 -0.0947966 0)
(2.4927 -0.091646 0)
(2.50366 -0.0929141 0)
(2.51507 -0.0956513 0)
(2.52685 -0.101793 0)
(2.53603 -0.107744 0)
(2.54494 -0.104385 0)
(2.55698 -0.0950315 0)
(2.56834 -0.0925475 0)
(2.57885 -0.0933522 0)
(2.59521 -0.0886287 0)
(2.61415 -0.0837369 0)
(2.62576 -0.0893812 0)
(2.62788 -0.0950259 0)
(2.61957 -0.071703 0)
(2.60521 -0.0101532 0)
(2.52544 0.138305 0)
(2.47073 0.264135 0)
(2.38301 0.429822 0)
(2.34268 0.54398 0)
(2.35033 0.545681 0)
(2.36183 0.529462 0)
(2.36167 0.506797 0)
(2.35423 0.472121 0)
(2.33599 0.40816 0)
(2.29318 0.271918 0)
(2.26581 0.161069 0)
(2.21477 0.0534646 0)
(2.15979 -0.0112615 0)
(2.14285 -0.0294937 0)
(2.13952 -0.0355696 0)
(2.14516 -0.034744 0)
(2.15421 -0.0324047 0)
(2.166 -0.0282576 0)
(2.17726 -0.0229239 0)
(2.18524 -0.0167343 0)
(2.19143 -0.0140915 0)
(2.19694 -0.0144645 0)
(2.20121 -0.0164392 0)
(2.20639 -0.0204489 0)
(2.21187 -0.0233144 0)
(2.21881 -0.023566 0)
(2.23349 -0.0220009 0)
(3 1.80923e-14 0)
(1.96503 0.0296472 0)
(0.810098 0.0102253 0)
(0.743447 0.00932897 0)
(0.762013 0.00897867 0)
(0.778976 0.0154323 0)
(0.806257 0.0216055 0)
(0.8397 0.0327326 0)
(0.884703 0.0419677 0)
(0.936963 0.0489073 0)
(0.994901 0.0536412 0)
(1.05671 0.0578015 0)
(1.12176 0.0620195 0)
(1.19012 0.0645275 0)
(1.25885 0.0593251 0)
(1.32053 0.0447635 0)
(1.37558 0.0300436 0)
(1.43126 0.0205532 0)
(1.49002 0.0150131 0)
(1.54546 0.0104795 0)
(1.59022 0.00414703 0)
(1.63003 -0.00915806 0)
(1.66474 -0.0231129 0)
(1.69895 -0.029078 0)
(1.7353 -0.0289077 0)
(1.77294 -0.026034 0)
(1.80998 -0.0229662 0)
(1.84434 -0.0231075 0)
(1.87487 -0.0290497 0)
(1.90282 -0.0388222 0)
(1.93069 -0.0474304 0)
(1.96053 -0.0509258 0)
(1.99276 -0.0502391 0)
(2.02586 -0.0468092 0)
(2.05794 -0.042657 0)
(2.08681 -0.0396889 0)
(2.11103 -0.0395725 0)
(2.13292 -0.0436272 0)
(2.15631 -0.0492165 0)
(2.18281 -0.0532721 0)
(2.21197 -0.0538834 0)
(2.24264 -0.0523536 0)
(2.2731 -0.0503851 0)
(2.30107 -0.0483052 0)
(2.32438 -0.0475397 0)
(2.3424 -0.0502811 0)
(2.35703 -0.0564987 0)
(2.37147 -0.0612836 0)
(2.38824 -0.0642046 0)
(2.40665 -0.0662497 0)
(2.42535 -0.0647631 0)
(2.44478 -0.0591055 0)
(2.46321 -0.0531764 0)
(2.47532 -0.0482779 0)
(2.48079 -0.0473314 0)
(2.48732 -0.0520747 0)
(2.49805 -0.0588071 0)
(2.50947 -0.0664387 0)
(2.52295 -0.0696174 0)
(2.54487 -0.0655254 0)
(2.56263 -0.0591648 0)
(2.57773 -0.0532354 0)
(2.58819 -0.0490624 0)
(2.59498 -0.044605 0)
(2.60146 -0.0455617 0)
(2.61235 -0.0521796 0)
(2.6246 -0.0579238 0)
(2.6304 -0.0523423 0)
(2.6369 -0.0355064 0)
(2.63163 -0.0033135 0)
(2.59572 0.0827998 0)
(2.50199 0.251922 0)
(2.4835 0.368205 0)
(2.39357 0.499687 0)
(2.33707 0.489164 0)
(2.26237 0.408902 0)
(2.20351 0.282647 0)
(2.17554 0.139109 0)
(2.11164 0.00566761 0)
(2.09135 -0.0474035 0)
(2.09001 -0.063003 0)
(2.1022 -0.0571301 0)
(2.11315 -0.0461292 0)
(2.12427 -0.0310819 0)
(2.12803 -0.0156571 0)
(2.13586 -0.00452028 0)
(2.14679 -0.000336002 0)
(2.15824 0.00296485 0)
(2.16813 0.00426112 0)
(2.17433 0.00387357 0)
(2.181 0.00209522 0)
(2.18458 -0.00337819 0)
(2.18588 -0.0134524 0)
(2.19275 -0.0176546 0)
(2.20098 -0.0176606 0)
(2.21821 -0.0156443 0)
(3 -1.89636e-16 0)
(2.00562 0.00655266 0)
(0.82252 0.00365836 0)
(0.755723 0.00368288 0)
(0.773971 0.00383768 0)
(0.789444 0.00535387 0)
(0.810775 0.00518219 0)
(0.835982 0.00683752 0)
(0.868697 0.00901391 0)
(0.907259 0.0122417 0)
(0.953043 0.0163143 0)
(1.00552 0.021018 0)
(1.06386 0.0257133 0)
(1.12629 0.0295124 0)
(1.18976 0.0302237 0)
(1.25242 0.0295698 0)
(1.31694 0.0294565 0)
(1.38508 0.028467 0)
(1.45632 0.0220608 0)
(1.51294 0.013532 0)
(1.55711 0.00826347 0)
(1.59552 0.000405571 0)
(1.63549 -0.00307463 0)
(1.67682 -0.00445448 0)
(1.71705 -0.0050003 0)
(1.75594 -0.0061867 0)
(1.79118 -0.00864075 0)
(1.82066 -0.0113779 0)
(1.84514 -0.0136301 0)
(1.87094 -0.014894 0)
(1.90171 -0.0152184 0)
(1.9355 -0.0150839 0)
(1.97025 -0.0150741 0)
(2.0044 -0.0152754 0)
(2.03644 -0.0156515 0)
(2.06409 -0.0159747 0)
(2.08667 -0.015964 0)
(2.10853 -0.01596 0)
(2.13485 -0.0158917 0)
(2.16538 -0.0157611 0)
(2.19752 -0.0155395 0)
(2.22976 -0.0156269 0)
(2.25979 -0.0161579 0)
(2.28556 -0.0167935 0)
(2.30678 -0.0174854 0)
(2.32432 -0.0183271 0)
(2.3404 -0.0194228 0)
(2.35798 -0.0197708 0)
(2.3788 -0.0196428 0)
(2.40137 -0.0201316 0)
(2.42249 -0.019947 0)
(2.4397 -0.0185276 0)
(2.45309 -0.0184923 0)
(2.46128 -0.0195753 0)
(2.46579 -0.0208221 0)
(2.4734 -0.0216522 0)
(2.48921 -0.0228209 0)
(2.50931 -0.024735 0)
(2.5273 -0.0251248 0)
(2.54082 -0.0253136 0)
(2.55127 -0.0256859 0)
(2.56034 -0.0242602 0)
(2.56762 -0.0232749 0)
(2.57301 -0.0213479 0)
(2.58282 -0.0182145 0)
(2.59715 -0.0213314 0)
(2.6082 -0.030591 0)
(2.61088 -0.0321166 0)
(2.62252 -0.0237517 0)
(2.64357 -0.0181745 0)
(2.64384 -0.00961247 0)
(2.61121 0.0278048 0)
(2.51982 0.12895 0)
(2.39374 0.195615 0)
(2.27701 0.268657 0)
(2.19336 0.242142 0)
(2.12654 0.21544 0)
(2.09338 0.181116 0)
(2.03576 0.110892 0)
(2.05117 0.0434578 0)
(2.06754 0.00496808 0)
(2.09992 -0.0123026 0)
(2.11674 -0.0146563 0)
(2.11629 -0.0148063 0)
(2.11774 -0.0121933 0)
(2.12495 -0.0102738 0)
(2.13285 -0.00727059 0)
(2.14516 -0.0026769 0)
(2.15805 0.00183764 0)
(2.16421 0.00242161 0)
(2.17009 0.00128031 0)
(2.1726 -0.00182862 0)
(2.1736 -0.0038824 0)
(2.18225 -0.00418523 0)
(2.19241 -0.0040574 0)
(2.21225 -0.00377208 0)
)
;

boundaryField
{
    inlet
    {
        type            fixedValue;
        value           uniform (3 0 0);
    }
    outlet
    {
        type            inletOutlet;
        inletValue      uniform (3 0 0);
        value           nonuniform List<vector> 
32
(
(2.19126 0.00950318 0)
(2.18838 0.0281862 0)
(2.19534 0.0459891 0)
(2.21989 0.055033 0)
(2.24666 0.0550783 0)
(2.27024 0.0696877 0)
(2.29333 0.0838242 0)
(2.30876 0.106033 0)
(2.32061 0.131366 0)
(2.33243 0.155877 0)
(2.33539 0.169091 0)
(2.33589 0.179974 0)
(2.33944 0.191968 0)
(2.34796 0.210339 0)
(2.3546 0.238055 0)
(2.37654 0.252806 0)
(2.39715 0.275841 0)
(2.4067 0.299989 0)
(2.40413 0.307574 0)
(2.3727 0.255988 0)
(2.29482 0.0999013 0)
(2.23636 -0.0583861 0)
(2.23521 -0.0853276 0)
(2.22954 -0.100709 0)
(2.23277 -0.0743502 0)
(2.24628 -0.0517187 0)
(2.24882 -0.038072 0)
(2.24682 -0.04205 0)
(2.24401 -0.0321427 0)
(2.23349 -0.0220009 0)
(2.21821 -0.0156443 0)
(2.21225 -0.00377208 0)
)
;
    }
    bottom
    {
        type            symmetryPlane;
    }
    top
    {
        type            symmetryPlane;
    }
    obstacle
    {
        type            slip;
    }
    defaultFaces
    {
        type            empty;
    }
}


// ************************************************************************* //
