/*--------------------------------*- C++ -*----------------------------------*\
  =========                 |
  \\      /  F ield         | OpenFOAM: The Open Source CFD Toolbox
   \\    /   O peration     | Website:  https://openfoam.org
    \\  /    A nd           | Version:  7
     \\/     M anipulation  |
\*---------------------------------------------------------------------------*/
FoamFile
{
    version     2.0;
    format      ascii;
    class       volVectorField;
    location    "2.2";
    object      U;
}
// * * * * * * * * * * * * * * * * * * * * * * * * * * * * * * * * * * * * * //

dimensions      [0 1 -1 0 0 0 0];

internalField   nonuniform List<vector> 
4032
(
(3 8.24787e-17 0)
(3 1.46167e-17 0)
(3 8.8527e-17 0)
(3 -2.35699e-16 0)
(3 -1.9071e-16 0)
(3 -1.72576e-16 0)
(3 -1.62577e-16 0)
(3 -5.86066e-17 0)
(3 5.87837e-17 0)
(3 -1.94638e-16 0)
(3 -2.85715e-16 0)
(3 -4.16754e-16 0)
(1.27003 0.0157568 0)
(0.72967 0.0158695 0)
(0.671042 0.0220608 0)
(0.616199 0.0243212 0)
(0.557852 0.0260093 0)
(0.497923 0.0276594 0)
(0.435594 0.0293871 0)
(0.370095 0.0316274 0)
(0.299993 0.0345996 0)
(0.22288 0.0385937 0)
(0.138324 0.0413594 0)
(0.0507963 0.0456213 0)
(3 -7.89323e-17 0)
(3 1.2176e-16 0)
(3 1.78849e-16 0)
(3 -6.32016e-16 0)
(3 -4.58788e-16 0)
(3 -4.24642e-16 0)
(3 -1.55778e-16 0)
(3 -9.73029e-17 0)
(3 7.78266e-17 0)
(3 -1.19955e-16 0)
(3 -2.90015e-17 0)
(3 -7.37196e-16 0)
(1.29759 0.0727708 0)
(0.723623 0.0638881 0)
(0.65785 0.0689553 0)
(0.60141 0.0734212 0)
(0.542065 0.0775292 0)
(0.481797 0.0824297 0)
(0.419661 0.0878709 0)
(0.355234 0.0951967 0)
(0.287335 0.104876 0)
(0.213712 0.117934 0)
(0.132515 0.12738 0)
(0.0490695 0.140442 0)
(3 5.85701e-17 0)
(3 -5.69967e-17 0)
(3 -1.02368e-16 0)
(3 -3.6762e-16 0)
(3 -3.2508e-16 0)
(3 -3.74487e-16 0)
(3 -3.252e-16 0)
(3 -5.09785e-16 0)
(3 -4.16808e-16 0)
(3 3.97862e-16 0)
(3 6.39725e-16 0)
(3 -9.78403e-16 0)
(1.38291 0.128239 0)
(0.735559 0.112768 0)
(0.662108 0.119268 0)
(0.603073 0.125915 0)
(0.541206 0.132379 0)
(0.478722 0.140076 0)
(0.414379 0.148228 0)
(0.348131 0.158995 0)
(0.279246 0.173078 0)
(0.206693 0.193439 0)
(0.126753 0.208689 0)
(0.0472222 0.229568 0)
(3 1.42185e-17 0)
(3 -1.06997e-18 0)
(3 -2.9163e-17 0)
(3 -2.29349e-16 0)
(3 -2.49689e-16 0)
(3 -1.21676e-17 0)
(3 -1.91125e-16 0)
(3 -2.78271e-16 0)
(3 -3.07386e-16 0)
(3 1.70844e-16 0)
(3 -1.02437e-16 0)
(3 -5.71898e-16 0)
(1.52017 0.18024 0)
(0.753066 0.164816 0)
(0.670184 0.171236 0)
(0.611308 0.179361 0)
(0.549569 0.188309 0)
(0.487185 0.199617 0)
(0.42204 0.211659 0)
(0.354137 0.226955 0)
(0.283002 0.24524 0)
(0.209675 0.272053 0)
(0.127848 0.292612 0)
(0.0464601 0.318043 0)
(3 -4.48312e-16 0)
(3 -1.70743e-16 0)
(3 -1.18681e-16 0)
(3 1.27919e-16 0)
(3 -2.46271e-16 0)
(3 -1.33258e-16 0)
(3 -4.84106e-16 0)
(3 -6.71307e-16 0)
(3 -9.03707e-16 0)
(3 -8.59824e-16 0)
(3 -5.70318e-16 0)
(3 -1.18334e-16 0)
(1.72236 0.226903 0)
(0.779375 0.221075 0)
(0.678716 0.222828 0)
(0.621238 0.231332 0)
(0.562974 0.242107 0)
(0.505509 0.256855 0)
(0.445013 0.273234 0)
(0.380965 0.293933 0)
(0.311423 0.316726 0)
(0.238531 0.350854 0)
(0.15031 0.381628 0)
(0.0570949 0.415666 0)
(3 8.05404e-17 0)
(3 2.85095e-16 0)
(3 5.79418e-17 0)
(3 1.97327e-16 0)
(3 -1.84198e-16 0)
(3 -6.24698e-16 0)
(3 -1.1947e-15 0)
(3 -1.74172e-15 0)
(3 -2.15042e-15 0)
(3 -1.50865e-15 0)
(3 -8.45285e-16 0)
(3 -2.47107e-15 0)
(1.99468 0.272613 0)
(0.812826 0.289479 0)
(0.681536 0.282834 0)
(0.623913 0.285074 0)
(0.567715 0.295495 0)
(0.514509 0.312797 0)
(0.459268 0.333941 0)
(0.400096 0.362246 0)
(0.330571 0.394271 0)
(0.252943 0.44166 0)
(0.160981 0.49127 0)
(0.0549123 0.534921 0)
(3 1.62934e-16 0)
(3 3.86016e-16 0)
(3 2.59741e-16 0)
(3 5.19527e-17 0)
(3 -4.50506e-17 0)
(3 -3.24228e-16 0)
(3 -8.07633e-16 0)
(3 -1.18141e-15 0)
(3 -9.99216e-16 0)
(3 -9.74325e-16 0)
(3 -1.0283e-15 0)
(3 -1.99369e-15 0)
(2.38027 0.301662 0)
(0.888184 0.371023 0)
(0.721701 0.33909 0)
(0.666122 0.342706 0)
(0.606265 0.351546 0)
(0.550531 0.36849 0)
(0.495039 0.392655 0)
(0.439803 0.429094 0)
(0.375093 0.473132 0)
(0.309215 0.531841 0)
(0.22429 0.599336 0)
(0.098415 0.673187 0)
(3 -4.44875e-16 0)
(3 -8.32017e-16 0)
(3 -3.83239e-16 0)
(3 -2.57475e-16 0)
(3 -1.84341e-16 0)
(3 2.74493e-16 0)
(3 8.80739e-17 0)
(3 8.43215e-17 0)
(3 1.85448e-16 0)
(3 2.25985e-16 0)
(3 5.13758e-18 0)
(3 -6.52051e-17 0)
(2.88963 0.17334 0)
(1.04796 0.426986 0)
(0.807831 0.368023 0)
(0.754714 0.385316 0)
(0.686158 0.402631 0)
(0.621417 0.424126 0)
(0.561021 0.451779 0)
(0.505569 0.493131 0)
(0.447723 0.544008 0)
(0.383324 0.625564 0)
(0.271576 0.756595 0)
(0.149688 0.93234 0)
(3 3.64259e-18 0)
(3 -7.33461e-17 0)
(3 -6.97606e-17 0)
(3 2.33458e-16 0)
(3 2.86809e-16 0)
(3 7.19395e-17 0)
(3 -2.31586e-16 0)
(3 2.1233e-16 0)
(3 2.94843e-16 0)
(3 -2.495e-16 0)
(3 -3.43147e-16 0)
(3 2.78929e-16 0)
(3.0445 0.0135142 0)
(1.23776 0.414547 0)
(0.848709 0.415639 0)
(0.813417 0.454747 0)
(0.75704 0.468092 0)
(0.700255 0.486873 0)
(0.643573 0.513169 0)
(0.590899 0.555187 0)
(0.539145 0.617423 0)
(0.495205 0.734138 0)
(0.4645 0.914756 0)
(0.58142 1.20534 0)
(3 3.66886e-18 0)
(3 -1.1617e-16 0)
(3 -2.28237e-16 0)
(3 -4.59967e-17 0)
(3 7.66518e-16 0)
(3 7.35851e-16 0)
(3 8.46162e-16 0)
(3 9.38018e-16 0)
(3 7.99073e-16 0)
(3 2.06567e-17 0)
(3 -3.10449e-16 0)
(3 2.70039e-16 0)
(3.00187 5.84873e-06 0)
(1.48008 0.427152 0)
(0.845738 0.462889 0)
(0.804898 0.495846 0)
(0.77001 0.51954 0)
(0.737859 0.546903 0)
(0.704179 0.577644 0)
(0.668903 0.621272 0)
(0.642575 0.690348 0)
(0.632317 0.809887 0)
(0.690661 0.954859 0)
(0.971423 1.12663 0)
(3 2.38216e-17 0)
(3 -1.95085e-16 0)
(3 -3.94329e-16 0)
(3 -3.94322e-16 0)
(3 -3.64686e-16 0)
(3 4.59211e-16 0)
(3 9.31665e-16 0)
(3 7.29478e-16 0)
(3 5.93114e-16 0)
(3 8.58631e-16 0)
(3 1.08359e-15 0)
(3 1.24994e-15 0)
(3.00001 -2.82618e-07 0)
(1.98815 0.469139 0)
(0.896906 0.527242 0)
(0.812851 0.524581 0)
(0.793096 0.551984 0)
(0.777351 0.582507 0)
(0.762435 0.618677 0)
(0.747159 0.665013 0)
(0.749146 0.735619 0)
(0.770886 0.840586 0)
(0.885142 0.957968 0)
(1.18499 1.06573 0)
(3 3.68173e-16 0)
(3 3.64668e-16 0)
(3 1.34062e-16 0)
(3 -2.70897e-16 0)
(3 -1.0401e-15 0)
(3 -7.14728e-16 0)
(3 -4.16037e-16 0)
(3 -6.63228e-16 0)
(3 -4.49743e-16 0)
(3 2.38373e-16 0)
(3 9.84704e-16 0)
(3 7.26129e-16 0)
(3 -2.59607e-07 0)
(2.74966 0.305812 0)
(1.07215 0.597381 0)
(0.878352 0.546351 0)
(0.846213 0.571645 0)
(0.828254 0.605844 0)
(0.820088 0.647127 0)
(0.820216 0.696914 0)
(0.840515 0.764122 0)
(0.891207 0.849858 0)
(1.02755 0.940215 0)
(1.27845 1.00147 0)
(3 -2.12145e-16 0)
(3 6.60075e-17 0)
(3 -2.72626e-17 0)
(3 -2.94079e-16 0)
(3 -1.30453e-16 0)
(3 -3.17308e-18 0)
(3 -1.30032e-16 0)
(3 -4.93105e-16 0)
(3 -7.91826e-16 0)
(3 -7.3417e-16 0)
(3 -2.59005e-16 0)
(3 -4.18426e-16 0)
(3 -5.00788e-08 0)
(3.07272 0.0267556 0)
(1.39449 0.60027 0)
(0.966762 0.616056 0)
(0.908313 0.621525 0)
(0.878926 0.64102 0)
(0.873003 0.67588 0)
(0.885285 0.719504 0)
(0.916642 0.777155 0)
(0.98701 0.849532 0)
(1.12821 0.918844 0)
(1.3367 0.958315 0)
(3 -7.22222e-17 0)
(3 1.98968e-16 0)
(3 1.14657e-16 0)
(3 8.68084e-17 0)
(3 3.4042e-16 0)
(3 1.36529e-16 0)
(3 6.76478e-17 0)
(3 1.62109e-16 0)
(3 3.64488e-16 0)
(3 1.71072e-16 0)
(3 -2.19483e-16 0)
(3 -3.46162e-16 0)
(3 -4.50414e-09 0)
(3.00418 6.21821e-05 0)
(1.86874 0.578675 0)
(1.01549 0.688887 0)
(0.961451 0.673684 0)
(0.94027 0.679937 0)
(0.937027 0.700594 0)
(0.951488 0.73529 0)
(0.988364 0.780603 0)
(1.06226 0.834737 0)
(1.18906 0.884677 0)
(1.35653 0.909849 0)
(3 1.17971e-16 0)
(3 3.20962e-16 0)
(3 5.50972e-16 0)
(3 8.53379e-16 0)
(3 7.89952e-16 0)
(3 1.10747e-16 0)
(3 5.63747e-18 0)
(3 4.35813e-16 0)
(3 4.05069e-16 0)
(3 2.86956e-16 0)
(3 -2.95892e-16 0)
(3 -4.27582e-16 0)
(3 -1.18425e-10 0)
(3.00001 -4.89652e-07 0)
(2.76999 0.306826 0)
(1.18911 0.693284 0)
(1.03532 0.691452 0)
(1.02742 0.700866 0)
(1.02087 0.724779 0)
(1.02598 0.752432 0)
(1.05948 0.792075 0)
(1.12987 0.832558 0)
(1.23833 0.866148 0)
(1.37627 0.882276 0)
(3 2.92354e-17 0)
(3 -9.07116e-17 0)
(3 4.37208e-17 0)
(3 5.00605e-16 0)
(3 8.69858e-16 0)
(3 8.55236e-16 0)
(3 5.79149e-16 0)
(3 1.35624e-16 0)
(3 -6.96289e-17 0)
(3 -2.73721e-18 0)
(3 -5.09598e-17 0)
(3 2.52534e-17 0)
(3 -2.2183e-13 0)
(3 -6.9802e-07 0)
(3.0599 0.0192215 0)
(1.48698 0.659933 0)
(1.06486 0.738444 0)
(1.07671 0.749385 0)
(1.07292 0.770474 0)
(1.08784 0.781997 0)
(1.12056 0.79944 0)
(1.18527 0.823233 0)
(1.27624 0.844563 0)
(1.39173 0.854414 0)
(3 -5.89759e-17 0)
(3 4.8785e-17 0)
(3 5.56231e-17 0)
(3 -1.1617e-16 0)
(3 -1.91877e-16 0)
(3 -1.48362e-16 0)
(3 -4.19771e-16 0)
(3 -1.09179e-15 0)
(3 -1.11486e-15 0)
(3 -1.00449e-15 0)
(3 -7.52712e-16 0)
(3 -7.0608e-16 0)
(3 -1.07413e-15 0)
(3 -1.37695e-07 0)
(3.00228 0.000112892 0)
(2.16738 0.58389 0)
(1.15226 0.791045 0)
(1.10746 0.785556 0)
(1.11501 0.788054 0)
(1.13646 0.797915 0)
(1.1728 0.812477 0)
(1.23172 0.829146 0)
(1.31191 0.842721 0)
(1.40886 0.847039 0)
(3 -9.11124e-17 0)
(3 -2.23235e-16 0)
(3 -2.2329e-16 0)
(3 -4.76608e-16 0)
(3 -1.04909e-15 0)
(3 -1.64013e-15 0)
(3 -1.52533e-15 0)
(3 -1.12269e-15 0)
(3 -9.47901e-16 0)
(3 -1.63524e-15 0)
(3 -1.84734e-15 0)
(3 -1.68354e-15 0)
(3 -7.33687e-16 0)
(3 -1.06398e-08 0)
(3 1.36544e-08 0)
(3.0286 0.131321 0)
(1.47203 0.781007 0)
(1.16785 0.781115 0)
(1.17684 0.78643 0)
(1.19329 0.801034 0)
(1.2262 0.814442 0)
(1.27694 0.826095 0)
(1.34603 0.834206 0)
(1.4281 0.836512 0)
(3 3.06637e-17 0)
(3 9.72002e-17 0)
(3 -9.08636e-17 0)
(3 -1.76453e-16 0)
(3 -8.46925e-16 0)
(3 -1.02293e-15 0)
(3 -7.94068e-16 0)
(3 -3.43196e-16 0)
(3 -4.50269e-16 0)
(3 -6.44625e-16 0)
(3 -7.54632e-16 0)
(3 -5.05544e-16 0)
(3 6.10612e-16 0)
(3 -4.01838e-11 0)
(3 -2.09004e-07 0)
(3.01699 0.002418 0)
(2.03109 0.693437 0)
(1.21466 0.839362 0)
(1.19943 0.83269 0)
(1.2319 0.832419 0)
(1.26537 0.83873 0)
(1.31244 0.844607 0)
(1.37315 0.84712 0)
(1.44231 0.846097 0)
(3 3.74001e-17 0)
(3 -1.71938e-17 0)
(3 2.78162e-16 0)
(3 1.20188e-16 0)
(3 5.66734e-17 0)
(3 -3.90991e-16 0)
(3 -8.49109e-16 0)
(3 -8.64283e-16 0)
(3 -1.12803e-15 0)
(3 -7.5306e-16 0)
(3 -5.59766e-16 0)
(3 -1.96973e-16 0)
(3 3.67929e-16 0)
(3 -6.62135e-14 0)
(3 -3.6569e-08 0)
(3.00012 2.85884e-05 0)
(2.96594 0.215434 0)
(1.50467 0.842496 0)
(1.24368 0.823784 0)
(1.28243 0.830591 0)
(1.31128 0.839799 0)
(1.35467 0.84423 0)
(1.40711 0.845426 0)
(1.46546 0.842582 0)
(3 3.72976e-17 0)
(3 -3.04616e-16 0)
(3 -3.47422e-16 0)
(3 -3.2663e-16 0)
(3 -8.95086e-17 0)
(3 7.7078e-17 0)
(3 -6.0753e-17 0)
(3 -2.42767e-16 0)
(3 -2.40485e-16 0)
(3 -6.52682e-17 0)
(3 -2.31531e-16 0)
(3 -1.08652e-16 0)
(3 1.79054e-16 0)
(3 8.43911e-17 0)
(3 -1.06471e-09 0)
(3 -3.91402e-07 0)
(3.0233 0.00659187 0)
(2.0746 0.721053 0)
(1.30387 0.877056 0)
(1.30049 0.872294 0)
(1.33637 0.87106 0)
(1.37608 0.871206 0)
(1.42359 0.868314 0)
(1.47779 0.859915 0)
(3 -1.00103e-16 0)
(3 1.04505e-16 0)
(3 3.93875e-17 0)
(3 -7.86053e-17 0)
(3 -2.3256e-16 0)
(3 1.9235e-16 0)
(3 1.29722e-15 0)
(3 1.81045e-15 0)
(3 1.76333e-15 0)
(3 1.46338e-15 0)
(3 1.09136e-15 0)
(3 1.0241e-15 0)
(3 1.07715e-15 0)
(3 4.38808e-16 0)
(3 -3.39776e-12 0)
(3 -9.93355e-08 0)
(3.00023 0.000133192 0)
(2.9536 0.214612 0)
(1.6265 0.879654 0)
(1.33622 0.871682 0)
(1.3776 0.869265 0)
(1.40837 0.868414 0)
(1.44983 0.863215 0)
(1.50004 0.853714 0)
(3 -3.89909e-17 0)
(3 3.27425e-16 0)
(3 7.2229e-16 0)
(3 4.28869e-16 0)
(3 3.93405e-16 0)
(3 5.54207e-16 0)
(3 7.18962e-16 0)
(3 1.50582e-15 0)
(3 1.60797e-15 0)
(3 1.46075e-15 0)
(3 2.0673e-15 0)
(3 1.9825e-15 0)
(3 1.09379e-15 0)
(3 3.06908e-16 0)
(3 -5.08327e-16 0)
(3 -9.6744e-09 0)
(3 1.24099e-07 0)
(3.01532 0.00925661 0)
(2.35638 0.674875 0)
(1.42642 0.917398 0)
(1.40479 0.907305 0)
(1.43738 0.893021 0)
(1.47162 0.882848 0)
(1.51447 0.873178 0)
(3 5.09628e-17 0)
(3 -1.55478e-16 0)
(3 -2.51167e-16 0)
(3 8.586e-18 0)
(3 2.68291e-16 0)
(3 1.78027e-16 0)
(3 1.81614e-16 0)
(3 -7.29712e-17 0)
(3 1.40061e-16 0)
(3 7.50633e-16 0)
(3 1.10341e-15 0)
(3 7.75231e-16 0)
(3 -1.06952e-16 0)
(3 -5.072e-16 0)
(3 6.56085e-16 0)
(3 -3.91437e-10 0)
(3 -3.77605e-10 0)
(3.00011 0.000191944 0)
(3.01439 0.122096 0)
(1.84094 0.84433 0)
(1.44093 0.917417 0)
(1.48217 0.903694 0)
(1.50996 0.892652 0)
(1.54523 0.881317 0)
(3 1.16163e-16 0)
(3 -2.86609e-16 0)
(3 -3.23927e-16 0)
(3 -8.99965e-17 0)
(3 8.93013e-17 0)
(3 9.54967e-17 0)
(3 -1.85613e-16 0)
(3 -3.8986e-16 0)
(3 -9.3782e-17 0)
(3 8.64555e-16 0)
(3 3.77295e-16 0)
(3 -1.16454e-15 0)
(3 -6.53668e-16 0)
(3 -2.03991e-17 0)
(3 1.63934e-16 0)
(3 -3.36823e-12 0)
(3 -1.16278e-10 0)
(3 2.55502e-07 0)
(3.00482 0.0058723 0)
(2.66532 0.470242 0)
(1.63109 0.945508 0)
(1.49133 0.929311 0)
(1.53463 0.920329 0)
(1.56778 0.908963 0)
(3 -4.41234e-18 0)
(3 1.88696e-16 0)
(3 2.24352e-16 0)
(3 -1.52579e-16 0)
(3 -2.46269e-16 0)
(3 -3.86747e-17 0)
(3 -1.91181e-16 0)
(3 -1.69202e-16 0)
(3 -1.59326e-16 0)
(3 -3.14466e-17 0)
(3 -1.61168e-16 0)
(3 -3.38886e-16 0)
(3 -4.34463e-17 0)
(3 6.3479e-16 0)
(3 1.17329e-15 0)
(3 -5.12125e-15 0)
(3 -1.44775e-11 0)
(3 4.66316e-11 0)
(3.00001 6.16324e-05 0)
(3.01561 0.0436876 0)
(2.19831 0.758718 0)
(1.56304 0.947253 0)
(1.55943 0.941938 0)
(1.59403 0.924236 0)
(3 1.30418e-16 0)
(3 1.29369e-17 0)
(3 -2.15636e-16 0)
(3 -2.46322e-17 0)
(3 -1.56233e-16 0)
(3 -1.57618e-16 0)
(3 -2.66227e-18 0)
(3 -1.15638e-16 0)
(3 -3.25448e-16 0)
(3 -8.34191e-16 0)
(3 -8.16041e-16 0)
(3 5.46498e-16 0)
(3 1.20195e-15 0)
(3 1.45323e-15 0)
(3 2.0701e-15 0)
(3 7.44524e-16 0)
(3 -8.66081e-13 0)
(3 -8.66693e-13 0)
(3 5.22319e-08 0)
(3.00051 0.00176293 0)
(2.91858 0.217754 0)
(1.90733 0.869618 0)
(1.59954 0.953007 0)
(1.62161 0.942107 0)
(3 2.15279e-18 0)
(3 5.08927e-17 0)
(3 -2.19713e-16 0)
(3 3.08576e-17 0)
(3 -6.54909e-17 0)
(3 -1.81658e-16 0)
(3 -1.74352e-16 0)
(3 -3.03478e-16 0)
(3 -3.45588e-16 0)
(3 -2.5234e-16 0)
(3 3.00625e-16 0)
(3 6.38769e-16 0)
(3 1.51536e-15 0)
(3 2.06496e-15 0)
(3 1.61885e-15 0)
(3 1.03365e-15 0)
(3 -1.01544e-14 0)
(3 -2.86719e-13 0)
(3 1.61155e-11 0)
(3 6.85484e-06 0)
(3.00312 0.0138105 0)
(2.62396 0.479572 0)
(1.78949 0.936178 0)
(1.63687 0.96336 0)
(3 -2.09593e-16 0)
(3 -9.49875e-17 0)
(3 -1.22538e-16 0)
(3 8.5354e-17 0)
(3 -9.23525e-17 0)
(3 -1.98187e-16 0)
(3 -2.41754e-16 0)
(3 7.86457e-18 0)
(3 1.2286e-16 0)
(3 4.01715e-16 0)
(3 8.085e-16 0)
(3 7.20298e-16 0)
(3 6.46058e-16 0)
(3 7.81024e-16 0)
(3 2.01318e-16 0)
(3 7.14848e-16 0)
(3 8.40671e-16 0)
(3 -3.90287e-14 0)
(3 -3.66927e-14 0)
(3 4.16785e-09 0)
(2.99998 0.000233719 0)
(2.9924 0.0532237 0)
(2.34639 0.683567 0)
(1.73324 0.974637 0)
(3 2.02331e-17 0)
(3 -1.10944e-16 0)
(3 -1.37591e-16 0)
(3 -1.15477e-16 0)
(3 -2.19281e-16 0)
(3 -1.71379e-16 0)
(3 -3.83105e-16 0)
(3 9.14109e-17 0)
(3 7.62206e-17 0)
(3 -1.73562e-16 0)
(3 -3.24021e-16 0)
(3 -8.10997e-16 0)
(3 -9.6072e-16 0)
(3 -7.48952e-16 0)
(3 -1.25504e-16 0)
(3 -9.73606e-17 0)
(3 -6.39911e-16 0)
(3 -1.82556e-15 0)
(3 -1.32178e-14 0)
(3 1.10165e-12 0)
(3 3.50673e-07 0)
(2.99992 0.00214383 0)
(2.9317 0.155676 0)
(2.15066 0.805732 0)
(3 4.05883e-18 0)
(3 6.77079e-17 0)
(3 -7.00213e-18 0)
(3 -2.25426e-16 0)
(3 -1.20602e-16 0)
(3 -3.64686e-16 0)
(3 -4.90752e-16 0)
(3 -4.42501e-16 0)
(3 -2.76973e-16 0)
(3 -2.9465e-16 0)
(3 -9.91282e-17 0)
(3 -1.45077e-16 0)
(3 -3.95162e-17 0)
(3 1.54482e-16 0)
(3 2.69692e-16 0)
(3 2.49238e-17 0)
(3 -1.22494e-15 0)
(3 -8.77543e-16 0)
(3 -3.06149e-15 0)
(3 -3.68847e-15 0)
(3 2.11354e-10 0)
(3 8.70332e-06 0)
(2.99907 0.00935566 0)
(2.80126 0.315384 0)
(3 6.46712e-17 0)
(3 1.08152e-17 0)
(3 3.31681e-17 0)
(3 1.68207e-16 0)
(3 3.58136e-16 0)
(3 3.17018e-16 0)
(3 5.29727e-17 0)
(3 -6.58112e-16 0)
(3 -5.91321e-16 0)
(3 -6.27338e-17 0)
(3 2.76324e-16 0)
(3 2.30289e-16 0)
(3 3.47383e-16 0)
(3 1.2291e-17 0)
(3 -1.87136e-16 0)
(3 -5.18897e-16 0)
(3 -1.34299e-15 0)
(3 -1.23567e-15 0)
(3 -9.55941e-16 0)
(3 -2.24074e-15 0)
(3 2.101e-14 0)
(3 8.24534e-09 0)
(2.99998 9.85705e-05 0)
(2.99436 0.0264916 0)
(3 5.15356e-17 0)
(3 -4.20686e-17 0)
(3 -1.81267e-16 0)
(3 -1.76977e-16 0)
(3 -1.00221e-16 0)
(3 4.28623e-17 0)
(3 4.06199e-16 0)
(3 -3.44031e-16 0)
(3 -1.88424e-16 0)
(3 1.06193e-16 0)
(3 1.81391e-16 0)
(3 -2.11115e-16 0)
(3 -4.47905e-16 0)
(3 -5.01523e-16 0)
(3 -2.15529e-16 0)
(3 -2.85436e-16 0)
(3 -5.97224e-16 0)
(3 -7.8973e-16 0)
(3 -1.17648e-15 0)
(3 -1.40248e-15 0)
(3 -1.39915e-15 0)
(3 2.20615e-12 0)
(3 1.40172e-07 0)
(2.99986 0.000618184 0)
(3 -1.06609e-16 0)
(3 -1.37368e-17 0)
(3 -1.76206e-17 0)
(3 -1.8797e-16 0)
(3 -4.2239e-16 0)
(3 -3.34663e-16 0)
(3 9.54485e-17 0)
(3 5.74743e-16 0)
(3 2.87933e-16 0)
(3 2.41621e-16 0)
(3 -8.13531e-17 0)
(3 -2.81679e-16 0)
(3 -7.77369e-16 0)
(3 -7.44176e-16 0)
(3 -6.71851e-16 0)
(3 3.59331e-16 0)
(3 6.40788e-16 0)
(3 -3.25282e-17 0)
(3 -1.04704e-15 0)
(3 -1.01198e-15 0)
(3 -1.8365e-15 0)
(3 -1.62175e-15 0)
(3 7.87217e-11 0)
(3 1.43096e-06 0)
(3 -3.09575e-17 0)
(3 -7.63491e-17 0)
(3 7.71184e-17 0)
(3 1.43605e-16 0)
(3 -6.05904e-18 0)
(3 4.61056e-17 0)
(3 4.02812e-17 0)
(3 4.93383e-16 0)
(3 -6.57531e-16 0)
(3 -1.14522e-15 0)
(3 -2.2047e-15 0)
(3 -2.1913e-15 0)
(3 -2.0969e-15 0)
(3 -2.0662e-15 0)
(3 -2.39963e-15 0)
(3 -1.98503e-15 0)
(3 -7.87999e-16 0)
(3 -4.87603e-16 0)
(3 -8.42092e-16 0)
(3 -1.16559e-15 0)
(3 -1.61295e-15 0)
(3 -2.04013e-15 0)
(3 4.61901e-15 0)
(3 1.40274e-09 0)
(3 -9.13251e-17 0)
(3 -1.18287e-16 0)
(3 3.02908e-16 0)
(3 3.02001e-16 0)
(3 6.54463e-16 0)
(3 4.87758e-16 0)
(3 -3.17872e-16 0)
(3 -7.16152e-16 0)
(3 -1.16869e-15 0)
(3 -1.51255e-15 0)
(3 -1.9744e-15 0)
(3 -2.0319e-15 0)
(3 -1.74186e-15 0)
(3 -1.86803e-15 0)
(3 -1.93717e-15 0)
(3 -1.91301e-15 0)
(3 -1.74693e-15 0)
(3 -3.48705e-16 0)
(3 -1.77827e-16 0)
(3 -4.78711e-16 0)
(3 -4.22979e-16 0)
(3 -6.55318e-16 0)
(3 -1.15043e-15 0)
(3 1.69948e-13 0)
(3 4.00192e-17 0)
(3 -1.68143e-16 0)
(3 1.09276e-16 0)
(3 5.84106e-17 0)
(3 -2.1639e-16 0)
(3 -6.58016e-17 0)
(3 -7.39639e-17 0)
(3 -9.39017e-16 0)
(3 -8.44179e-16 0)
(3 -1.00389e-15 0)
(3 -9.24627e-16 0)
(3 -1.17665e-15 0)
(3 -1.48939e-15 0)
(3 -1.52084e-15 0)
(3 -1.3402e-15 0)
(3 -1.40994e-15 0)
(3 -1.48987e-15 0)
(3 -1.258e-15 0)
(3 -8.81884e-16 0)
(3 -3.32322e-16 0)
(3 5.70334e-16 0)
(3 1.28587e-15 0)
(3 9.1475e-16 0)
(3 1.8044e-15 0)
(3 1.19124e-16 0)
(3 5.39389e-16 0)
(3 7.97417e-17 0)
(3 -4.13419e-16 0)
(3 -7.30196e-16 0)
(3 -4.40519e-16 0)
(3 5.0916e-16 0)
(3 9.64011e-16 0)
(3 2.04022e-16 0)
(3 -4.61396e-16 0)
(3 -8.92909e-16 0)
(3 -1.37291e-15 0)
(3 -1.56105e-15 0)
(3 -1.53645e-15 0)
(3 -2.01107e-15 0)
(3 -1.97067e-15 0)
(3 -1.23799e-15 0)
(3 -7.1757e-16 0)
(3 -2.77319e-16 0)
(3 9.65054e-16 0)
(3 1.11337e-15 0)
(3 1.71875e-15 0)
(3 2.56967e-15 0)
(3 2.148e-15 0)
(3 2.2297e-16 0)
(3 4.77457e-16 0)
(3 1.40954e-16 0)
(3 -7.38918e-17 0)
(3 -3.58927e-17 0)
(3 -6.79331e-17 0)
(3 5.11554e-16 0)
(3 1.66946e-15 0)
(3 1.58363e-15 0)
(3 8.27147e-16 0)
(3 -1.85168e-18 0)
(3 -9.29205e-16 0)
(3 -1.59001e-15 0)
(3 -1.24557e-15 0)
(3 -9.71317e-16 0)
(3 -8.10036e-16 0)
(3 3.06535e-16 0)
(3 8.20836e-16 0)
(3 2.17882e-15 0)
(3 2.75051e-15 0)
(3 1.60501e-15 0)
(3 1.32244e-15 0)
(3 1.31349e-15 0)
(3 5.73015e-16 0)
(3 5.71276e-17 0)
(3 6.22035e-17 0)
(3 -9.64519e-17 0)
(3 -6.77858e-17 0)
(3 2.02654e-16 0)
(3 3.50333e-16 0)
(3 7.37263e-16 0)
(3 9.66365e-16 0)
(3 1.16999e-15 0)
(3 1.22596e-15 0)
(3 2.37592e-16 0)
(3 -5.76057e-16 0)
(3 -1.04407e-15 0)
(3 -9.41625e-16 0)
(3 -2.5044e-16 0)
(3 -3.04946e-17 0)
(3 5.04802e-16 0)
(3 7.01905e-16 0)
(3 7.00866e-16 0)
(3 5.61676e-16 0)
(3 6.04444e-16 0)
(3 6.73819e-16 0)
(3 7.10015e-16 0)
(3 2.90503e-16 0)
(1.53214 1.28668 0)
(1.85798 1.42011 0)
(2.23359 1.12499 0)
(2.63572 0.653376 0)
(2.66354 0.236505 0)
(2.68336 0.0855762 0)
(2.49361 -0.163796 0)
(2.3755 -0.296265 0)
(2.39271 -0.398663 0)
(2.52074 -0.366939 0)
(2.51088 -0.243947 0)
(2.48194 -0.211789 0)
(2.43335 -0.137099 0)
(2.40342 -0.0981083 0)
(2.3728 -0.0920101 0)
(2.3921 -0.0664867 0)
(2.41966 -0.0468411 0)
(2.43483 -0.0525748 0)
(2.43487 -0.0549146 0)
(2.42707 -0.0330765 0)
(2.40624 -0.00433034 0)
(2.39869 -0.00224758 0)
(2.40293 -0.00654167 0)
(2.42345 -0.0122288 0)
(2.42887 -0.0140594 0)
(2.42659 -0.0136086 0)
(2.42021 -0.00841053 0)
(2.41784 -0.00292036 0)
(2.41799 -0.00112224 0)
(2.42275 -0.0018914 0)
(2.42876 -0.00553116 0)
(2.42819 -0.00736075 0)
(2.42532 -0.00720226 0)
(2.42065 -0.0044494 0)
(2.42092 -0.00214883 0)
(2.42531 -0.000841644 0)
(2.43658 0.00359667 0)
(2.43907 -0.00205186 0)
(2.38367 -0.0424172 0)
(2.12531 -0.171392 0)
(1.69979 -0.2868 0)
(1.28916 -0.195974 0)
(1.28628 -0.128408 0)
(1.40412 -0.0642011 0)
(1.4862 -0.0191227 0)
(1.50622 -0.0163409 0)
(1.53074 -0.0143521 0)
(1.56788 -0.00763577 0)
(1.60884 -0.000741861 0)
(1.64538 0.000284762 0)
(1.67313 0.000136273 0)
(1.69583 -0.00030068 0)
(1.71798 -0.00110284 0)
(1.74358 -0.00150602 0)
(1.77307 -0.00129118 0)
(1.80159 -0.000371822 0)
(1.82794 0.000825143 0)
(1.8485 0.0031768 0)
(1.85855 0.00619463 0)
(1.86983 0.00789783 0)
(1.89188 0.00791525 0)
(1.91559 0.0074752 0)
(1.94358 0.00614327 0)
(1.97494 0.00441394 0)
(1.9991 0.0034376 0)
(2.02105 0.00347075 0)
(2.03795 0.00466582 0)
(2.04117 0.00755914 0)
(2.04077 0.0105174 0)
(2.05766 0.0110521 0)
(2.07814 0.0110116 0)
(2.10092 0.0105881 0)
(2.1303 0.00928133 0)
(2.15929 0.00706307 0)
(2.18059 0.0060148 0)
(2.20151 0.00589072 0)
(2.21395 0.00642343 0)
(2.20746 0.0087499 0)
(2.20921 0.010362 0)
(2.22757 0.010366 0)
(2.24688 0.010084 0)
(2.26994 0.0090748 0)
(2.29647 0.00718439 0)
(2.3172 0.00621298 0)
(2.33791 0.00627369 0)
(2.3549 0.00670767 0)
(2.35507 0.00793612 0)
(2.3406 0.0105125 0)
(2.34591 0.01144 0)
(2.36194 0.0115612 0)
(2.37901 0.0115411 0)
(2.39938 0.0111768 0)
(2.42394 0.00994594 0)
(2.44437 0.00836224 0)
(2.46209 0.0075051 0)
(2.4887 0.00777769 0)
(1.78353 1.05514 0)
(2.24595 0.891147 0)
(2.4915 0.450276 0)
(2.67566 -0.0500548 0)
(2.73741 -0.296216 0)
(2.74942 -0.437007 0)
(2.69848 -0.581434 0)
(2.68363 -0.599307 0)
(2.66001 -0.561039 0)
(2.63322 -0.476232 0)
(2.59691 -0.362669 0)
(2.54338 -0.262935 0)
(2.48055 -0.187564 0)
(2.44898 -0.132834 0)
(2.44351 -0.101846 0)
(2.45545 -0.0350137 0)
(2.47091 -0.00132206 0)
(2.47999 -0.0215748 0)
(2.47568 -0.034789 0)
(2.46157 -0.0286315 0)
(2.43719 -0.00463721 0)
(2.42669 0.00220589 0)
(2.42849 0.00800856 0)
(2.44441 0.000370732 0)
(2.4533 -0.0193114 0)
(2.45309 -0.0307608 0)
(2.45252 -0.0309809 0)
(2.453 -0.0187464 0)
(2.45456 -0.000209159 0)
(2.45252 0.00858836 0)
(2.44865 0.00752265 0)
(2.44803 -0.00100657 0)
(2.44868 -0.00921915 0)
(2.44842 -0.0099204 0)
(2.45089 -0.00453059 0)
(2.45609 0.0124753 0)
(2.45276 0.00545288 0)
(2.417 -0.0591096 0)
(2.27257 -0.265156 0)
(1.96707 -0.577943 0)
(1.91829 -0.637727 0)
(1.66677 -0.340867 0)
(1.4398 -0.0838354 0)
(1.4511 0.0131614 0)
(1.49652 0.013162 0)
(1.51546 -0.00709623 0)
(1.54566 -0.00399081 0)
(1.58193 0.00936736 0)
(1.61977 0.0169914 0)
(1.6544 0.0161016 0)
(1.68128 0.0131474 0)
(1.70318 0.00848747 0)
(1.72624 0.00438738 0)
(1.75286 0.00179897 0)
(1.78279 -0.000762927 0)
(1.81202 -0.00261481 0)
(1.83862 -0.00320239 0)
(1.86232 -0.00185987 0)
(1.87763 0.00568039 0)
(1.88537 0.0176786 0)
(1.90235 0.0224911 0)
(1.92512 0.0227176 0)
(1.94974 0.0204327 0)
(1.97866 0.012566 0)
(2.00398 0.00432555 0)
(2.02541 0.000174884 0)
(2.04544 -0.00324688 0)
(2.0577 0.000362769 0)
(2.05927 0.0160162 0)
(2.0666 0.0284948 0)
(2.08597 0.0311599 0)
(2.10607 0.0329989 0)
(2.13132 0.0330022 0)
(2.15724 0.0275027 0)
(2.17895 0.0208254 0)
(2.1993 0.0128648 0)
(2.21601 0.00421305 0)
(2.22169 0.00547662 0)
(2.22255 0.0183129 0)
(2.23529 0.0262576 0)
(2.25367 0.0285402 0)
(2.27353 0.0301935 0)
(2.29672 0.0276627 0)
(2.31918 0.0216176 0)
(2.33913 0.0157442 0)
(2.35626 0.00880662 0)
(2.36421 0.00416574 0)
(2.35818 0.0135175 0)
(2.35559 0.027046 0)
(2.36742 0.0326136 0)
(2.38383 0.0343482 0)
(2.40154 0.0355042 0)
(2.42186 0.03391 0)
(2.44333 0.0298762 0)
(2.46173 0.0225154 0)
(2.49045 0.0172038 0)
(1.67442 1.03467 0)
(2.05276 0.901827 0)
(2.3316 0.661031 0)
(2.5293 0.305277 0)
(2.60048 0.0922069 0)
(2.66044 0.0155915 0)
(2.74357 -0.0820684 0)
(2.74677 -0.197729 0)
(2.71895 -0.355195 0)
(2.72184 -0.398525 0)
(2.72823 -0.431257 0)
(2.71977 -0.441679 0)
(2.68307 -0.391409 0)
(2.65198 -0.326205 0)
(2.64266 -0.275753 0)
(2.63586 -0.208451 0)
(2.6219 -0.117019 0)
(2.59291 -0.107192 0)
(2.55962 -0.114103 0)
(2.52265 -0.0669825 0)
(2.51385 -0.0186596 0)
(2.51411 -0.00119559 0)
(2.51096 0.00157929 0)
(2.5067 0.00890662 0)
(2.50083 0.00594956 0)
(2.49769 -0.00833227 0)
(2.50625 -0.0291139 0)
(2.51642 -0.0322919 0)
(2.51837 -0.0279189 0)
(2.51477 -0.0197022 0)
(2.50092 -0.0151514 0)
(2.49465 -0.015981 0)
(2.49487 -0.017421 0)
(2.49954 -0.0153492 0)
(2.50593 -0.00159423 0)
(2.49805 -0.0159964 0)
(2.44442 -0.0952216 0)
(2.28811 -0.303856 0)
(2.07104 -0.531019 0)
(1.96237 -0.634608 0)
(2.00518 -0.703264 0)
(1.96245 -0.633757 0)
(1.79717 -0.387958 0)
(1.65322 -0.135611 0)
(1.56955 -0.0251106 0)
(1.58045 -0.0136678 0)
(1.61509 -0.00216822 0)
(1.63581 -0.00948834 0)
(1.66238 -0.0130344 0)
(1.69307 -0.00780275 0)
(1.71507 -0.0059625 0)
(1.73536 -0.000952702 0)
(1.75814 0.00397189 0)
(1.78428 0.00770068 0)
(1.81121 0.0087551 0)
(1.83701 0.00774348 0)
(1.86218 0.00590936 0)
(1.88585 0.00439803 0)
(1.90572 0.00590992 0)
(1.9177 0.0154445 0)
(1.9267 0.0280917 0)
(1.94532 0.0330335 0)
(1.9676 0.0340285 0)
(1.98956 0.0338078 0)
(2.01206 0.0286913 0)
(2.03367 0.0215664 0)
(2.0539 0.0160915 0)
(2.07234 0.013916 0)
(2.08541 0.0199134 0)
(2.08967 0.036056 0)
(2.10141 0.0459086 0)
(2.12187 0.04736 0)
(2.14402 0.0466165 0)
(2.16506 0.0436856 0)
(2.18444 0.0387893 0)
(2.20106 0.031067 0)
(2.21522 0.0229435 0)
(2.2303 0.0191024 0)
(2.24385 0.0242304 0)
(2.25355 0.0361047 0)
(2.26715 0.0431236 0)
(2.2861 0.0440592 0)
(2.30526 0.0432839 0)
(2.32299 0.0405391 0)
(2.33847 0.0344559 0)
(2.3511 0.0261374 0)
(2.36186 0.0200219 0)
(2.37172 0.0209833 0)
(2.37882 0.0327875 0)
(2.38431 0.0479098 0)
(2.39597 0.0546959 0)
(2.41268 0.0557603 0)
(2.43013 0.0553344 0)
(2.44738 0.052785 0)
(2.46238 0.0418783 0)
(2.4815 0.0340913 0)
(1.60401 0.982553 0)
(1.92544 0.846873 0)
(2.14984 0.706757 0)
(2.27712 0.577679 0)
(2.45413 0.340297 0)
(2.57123 0.0979408 0)
(2.648 -0.0163748 0)
(2.70673 -0.0801637 0)
(2.70666 -0.21279 0)
(2.72527 -0.346402 0)
(2.71994 -0.419455 0)
(2.75515 -0.461709 0)
(2.7952 -0.471488 0)
(2.79165 -0.460939 0)
(2.75787 -0.419226 0)
(2.73145 -0.366415 0)
(2.70012 -0.295928 0)
(2.67193 -0.253378 0)
(2.65093 -0.240273 0)
(2.62678 -0.179051 0)
(2.61954 -0.118134 0)
(2.62193 -0.0893539 0)
(2.5881 -0.062373 0)
(2.56395 -0.0310147 0)
(2.55151 -0.00749642 0)
(2.53911 -0.00625064 0)
(2.5481 -0.00463003 0)
(2.56761 0.00375224 0)
(2.57186 0.00782695 0)
(2.56994 0.0087998 0)
(2.55193 -0.00265671 0)
(2.53832 -0.0116892 0)
(2.54344 -0.010354 0)
(2.55097 -0.00113786 0)
(2.54943 -0.0132063 0)
(2.50754 -0.0880988 0)
(2.29526 -0.343219 0)
(2.05889 -0.598179 0)
(2.01149 -0.622065 0)
(2.02098 -0.656206 0)
(2.03902 -0.669566 0)
(2.04588 -0.670716 0)
(2.02262 -0.617564 0)
(1.91569 -0.436453 0)
(1.7521 -0.192734 0)
(1.71324 -0.0678687 0)
(1.68538 -0.017284 0)
(1.6939 0.0122469 0)
(1.71986 0.0211631 0)
(1.74564 0.0199536 0)
(1.76005 0.0155428 0)
(1.78058 0.00841548 0)
(1.80308 0.00774513 0)
(1.82701 0.0109363 0)
(1.84998 0.0141195 0)
(1.87163 0.0152407 0)
(1.89388 0.0146806 0)
(1.91692 0.014803 0)
(1.9387 0.0161937 0)
(1.95538 0.0211293 0)
(1.96427 0.0317366 0)
(1.9727 0.0404205 0)
(1.99058 0.0406871 0)
(2.01161 0.0385104 0)
(2.03292 0.0352044 0)
(2.05343 0.0325688 0)
(2.0737 0.0326792 0)
(2.09392 0.0346075 0)
(2.11246 0.0381721 0)
(2.12336 0.0477633 0)
(2.12528 0.059774 0)
(2.13795 0.0596863 0)
(2.15763 0.0544682 0)
(2.17639 0.0472015 0)
(2.19373 0.0396417 0)
(2.2098 0.0337277 0)
(2.22836 0.0333784 0)
(2.24772 0.0361891 0)
(2.26622 0.0401009 0)
(2.28078 0.0479889 0)
(2.2885 0.0582367 0)
(2.29785 0.0609737 0)
(2.31284 0.0578997 0)
(2.32844 0.0531982 0)
(2.34154 0.0471937 0)
(2.35338 0.0420282 0)
(2.3689 0.040727 0)
(2.38591 0.0415742 0)
(2.4018 0.0452687 0)
(2.41252 0.055972 0)
(2.41724 0.068303 0)
(2.4255 0.0727821 0)
(2.43896 0.072893 0)
(2.45334 0.0704227 0)
(2.46399 0.0627607 0)
(2.47876 0.0539722 0)
(1.57515 0.939687 0)
(1.80663 0.862921 0)
(2.02264 0.726002 0)
(2.17956 0.594092 0)
(2.27335 0.508522 0)
(2.39869 0.346781 0)
(2.52182 0.150398 0)
(2.58923 0.0214446 0)
(2.63066 -0.0133571 0)
(2.60963 -0.0633855 0)
(2.66038 -0.168832 0)
(2.70003 -0.269482 0)
(2.73401 -0.330828 0)
(2.7708 -0.370518 0)
(2.78543 -0.392178 0)
(2.75864 -0.387612 0)
(2.72342 -0.376455 0)
(2.71163 -0.373555 0)
(2.69933 -0.35611 0)
(2.69065 -0.303894 0)
(2.69467 -0.243262 0)
(2.69346 -0.203849 0)
(2.66789 -0.160878 0)
(2.62106 -0.111527 0)
(2.59714 -0.0637537 0)
(2.58489 -0.0405119 0)
(2.58532 -0.0331748 0)
(2.59813 -0.0284807 0)
(2.59981 -0.0221087 0)
(2.59132 -0.00667557 0)
(2.5754 0.00177749 0)
(2.56786 0.00529187 0)
(2.56995 0.00837634 0)
(2.57321 0.00295211 0)
(2.52999 -0.083429 0)
(2.36022 -0.31011 0)
(2.06347 -0.594263 0)
(1.9771 -0.701897 0)
(1.98269 -0.671195 0)
(2.03576 -0.644035 0)
(2.05891 -0.637967 0)
(2.07665 -0.648296 0)
(2.08209 -0.655722 0)
(2.06472 -0.615076 0)
(1.99986 -0.496417 0)
(1.90369 -0.298281 0)
(1.7961 -0.119997 0)
(1.77689 -0.0296109 0)
(1.78185 -0.000580427 0)
(1.78298 0.0226044 0)
(1.79425 0.0350237 0)
(1.81843 0.0235985 0)
(1.84219 0.0205776 0)
(1.86345 0.023236 0)
(1.8836 0.0232436 0)
(1.90392 0.0234001 0)
(1.92367 0.0223593 0)
(1.94474 0.02188 0)
(1.96647 0.0224526 0)
(1.9858 0.0264935 0)
(1.99966 0.0358394 0)
(2.00564 0.0494374 0)
(2.01376 0.0573292 0)
(2.03258 0.0562613 0)
(2.05275 0.053056 0)
(2.07345 0.0497324 0)
(2.09455 0.0492579 0)
(2.11593 0.0508094 0)
(2.13745 0.0539318 0)
(2.15446 0.0591489 0)
(2.15805 0.0685775 0)
(2.15522 0.074256 0)
(2.16678 0.0688534 0)
(2.18438 0.0610563 0)
(2.20298 0.0537793 0)
(2.22235 0.0501421 0)
(2.24494 0.0507305 0)
(2.2664 0.05425 0)
(2.2868 0.0571834 0)
(2.3051 0.0622855 0)
(2.31392 0.0722574 0)
(2.311 0.0800978 0)
(2.31459 0.0762031 0)
(2.32758 0.0674947 0)
(2.3438 0.060112 0)
(2.36242 0.0584739 0)
(2.38145 0.0604704 0)
(2.40064 0.0645532 0)
(2.4189 0.0677914 0)
(2.43455 0.0730302 0)
(2.44148 0.0827123 0)
(2.43971 0.091503 0)
(2.44503 0.0909837 0)
(2.45681 0.0851516 0)
(2.4655 0.0767334 0)
(2.48117 0.069602 0)
(1.54893 0.896823 0)
(1.73768 0.846425 0)
(1.91501 0.760828 0)
(2.07261 0.651742 0)
(2.19588 0.54281 0)
(2.29095 0.448552 0)
(2.39428 0.321146 0)
(2.48403 0.180144 0)
(2.54113 0.0792327 0)
(2.582 0.0252219 0)
(2.59829 -0.0365808 0)
(2.64468 -0.127262 0)
(2.68736 -0.212915 0)
(2.71286 -0.300071 0)
(2.73792 -0.363422 0)
(2.75554 -0.396889 0)
(2.73312 -0.42717 0)
(2.72261 -0.413768 0)
(2.72441 -0.392485 0)
(2.72856 -0.375223 0)
(2.72552 -0.354699 0)
(2.71827 -0.322986 0)
(2.70836 -0.284074 0)
(2.67788 -0.225906 0)
(2.64425 -0.152934 0)
(2.62573 -0.0926199 0)
(2.62246 -0.0754668 0)
(2.61802 -0.0593231 0)
(2.60784 -0.0463197 0)
(2.60189 -0.0333564 0)
(2.59471 -0.0182415 0)
(2.59182 -0.00718154 0)
(2.58302 -0.00983212 0)
(2.48991 -0.130061 0)
(2.3319 -0.343084 0)
(2.1105 -0.526898 0)
(1.99993 -0.682709 0)
(1.98576 -0.706824 0)
(2.00133 -0.693014 0)
(2.04429 -0.656749 0)
(2.07547 -0.633703 0)
(2.09324 -0.638435 0)
(2.09399 -0.646561 0)
(2.08984 -0.639953 0)
(2.09475 -0.613071 0)
(2.08148 -0.54453 0)
(1.99482 -0.373346 0)
(1.91329 -0.184126 0)
(1.86368 -0.0723389 0)
(1.82344 -0.00334921 0)
(1.83559 0.0257426 0)
(1.84434 0.0338322 0)
(1.8654 0.0434266 0)
(1.88129 0.0447899 0)
(1.89964 0.0440586 0)
(1.92329 0.0429126 0)
(1.94491 0.0373243 0)
(1.96521 0.0327265 0)
(1.98532 0.0331631 0)
(2.00569 0.0364913 0)
(2.02431 0.0429913 0)
(2.03628 0.054781 0)
(2.03977 0.0691111 0)
(2.05039 0.0745014 0)
(2.07012 0.0741639 0)
(2.09011 0.0717985 0)
(2.11212 0.0668123 0)
(2.13321 0.063819 0)
(2.15483 0.0624893 0)
(2.17419 0.0612054 0)
(2.18337 0.0628748 0)
(2.17818 0.0692105 0)
(2.18109 0.0728066 0)
(2.19757 0.0730836 0)
(2.2154 0.0735451 0)
(2.23489 0.0730707 0)
(2.26033 0.0707929 0)
(2.28284 0.0698107 0)
(2.30311 0.0712143 0)
(2.32242 0.0736784 0)
(2.33405 0.079318 0)
(2.32676 0.0856397 0)
(2.32012 0.0844985 0)
(2.33341 0.0803631 0)
(2.3517 0.0794919 0)
(2.37031 0.0795545 0)
(2.39197 0.0804648 0)
(2.41328 0.0842543 0)
(2.43223 0.087972 0)
(2.45014 0.0925215 0)
(2.46173 0.099594 0)
(2.45771 0.107828 0)
(2.44708 0.108416 0)
(2.45114 0.0989754 0)
(2.46381 0.0893222 0)
(2.48584 0.0859862 0)
(1.53146 0.872219 0)
(1.68707 0.836589 0)
(1.83729 0.778802 0)
(1.98695 0.693033 0)
(2.11614 0.587863 0)
(2.20904 0.508074 0)
(2.27907 0.440505 0)
(2.37916 0.330146 0)
(2.46837 0.202226 0)
(2.51843 0.0936875 0)
(2.55335 0.0512738 0)
(2.55482 0.0405322 0)
(2.5848 -0.0273382 0)
(2.64108 -0.123601 0)
(2.668 -0.198133 0)
(2.69084 -0.23204 0)
(2.70874 -0.297315 0)
(2.71158 -0.314875 0)
(2.70914 -0.322067 0)
(2.69976 -0.333731 0)
(2.70191 -0.335723 0)
(2.713 -0.359112 0)
(2.72658 -0.365102 0)
(2.72372 -0.337574 0)
(2.70888 -0.297731 0)
(2.68955 -0.245394 0)
(2.66701 -0.185174 0)
(2.6392 -0.117489 0)
(2.62472 -0.0975225 0)
(2.62676 -0.089863 0)
(2.62578 -0.0417768 0)
(2.61885 -0.0294487 0)
(2.5258 -0.138958 0)
(2.22957 -0.459891 0)
(2.07523 -0.600682 0)
(2.02979 -0.614603 0)
(2.02842 -0.671829 0)
(2.02713 -0.684449 0)
(2.03423 -0.681989 0)
(2.05557 -0.666231 0)
(2.08211 -0.649924 0)
(2.0976 -0.638724 0)
(2.10554 -0.636173 0)
(2.11247 -0.627316 0)
(2.11969 -0.612086 0)
(2.13596 -0.595072 0)
(2.13476 -0.560799 0)
(2.0965 -0.460976 0)
(2.00999 -0.283136 0)
(1.92345 -0.119142 0)
(1.90513 -0.034899 0)
(1.88431 0.0210835 0)
(1.88353 0.0540928 0)
(1.89373 0.0642372 0)
(1.91298 0.0655908 0)
(1.93469 0.0614793 0)
(1.95789 0.0560532 0)
(1.98146 0.0480771 0)
(2.00243 0.0441677 0)
(2.02244 0.0456468 0)
(2.04245 0.050377 0)
(2.05933 0.0596332 0)
(2.0672 0.0752233 0)
(2.06832 0.0894192 0)
(2.08183 0.0915108 0)
(2.1019 0.0901411 0)
(2.12328 0.0857547 0)
(2.14514 0.0793015 0)
(2.16582 0.0748979 0)
(2.1849 0.0706023 0)
(2.19809 0.068272 0)
(2.1995 0.0728317 0)
(2.1979 0.0831255 0)
(2.21141 0.089591 0)
(2.22956 0.0928922 0)
(2.24854 0.0961943 0)
(2.27092 0.0978045 0)
(2.2942 0.0958154 0)
(2.31264 0.0938863 0)
(2.3316 0.091511 0)
(2.34303 0.0872516 0)
(2.33558 0.0895991 0)
(2.3259 0.0978471 0)
(2.33925 0.103027 0)
(2.35679 0.105462 0)
(2.3749 0.107446 0)
(2.39661 0.109618 0)
(2.4209 0.112187 0)
(2.4405 0.114165 0)
(2.46023 0.115645 0)
(2.47598 0.118068 0)
(2.47266 0.120141 0)
(2.45188 0.11748 0)
(2.45563 0.11064 0)
(2.46907 0.109345 0)
(2.49063 0.109295 0)
(1.52102 0.848079 0)
(1.65494 0.821571 0)
(1.78993 0.775545 0)
(1.91228 0.721496 0)
(2.03491 0.644818 0)
(2.14287 0.548441 0)
(2.22458 0.473924 0)
(2.28792 0.426343 0)
(2.35367 0.340463 0)
(2.43693 0.228444 0)
(2.4909 0.136463 0)
(2.52454 0.0813243 0)
(2.55012 0.0429007 0)
(2.56658 0.00284897 0)
(2.59426 -0.0602046 0)
(2.63377 -0.123982 0)
(2.66577 -0.1955 0)
(2.68356 -0.262837 0)
(2.70137 -0.291669 0)
(2.69596 -0.309646 0)
(2.70235 -0.337299 0)
(2.71363 -0.361279 0)
(2.73096 -0.358389 0)
(2.74063 -0.352259 0)
(2.73527 -0.346495 0)
(2.72464 -0.339253 0)
(2.71184 -0.316961 0)
(2.69408 -0.282398 0)
(2.66865 -0.227505 0)
(2.64783 -0.159488 0)
(2.63009 -0.106882 0)
(2.55066 -0.205953 0)
(2.33831 -0.44342 0)
(2.10892 -0.684687 0)
(2.02189 -0.689719 0)
(2.02318 -0.653423 0)
(2.04048 -0.659819 0)
(2.0476 -0.66263 0)
(2.05949 -0.66272 0)
(2.0633 -0.65968 0)
(2.07593 -0.651322 0)
(2.09541 -0.638127 0)
(2.11332 -0.621777 0)
(2.12975 -0.611134 0)
(2.14222 -0.604701 0)
(2.14976 -0.594427 0)
(2.16184 -0.583363 0)
(2.17372 -0.572712 0)
(2.16317 -0.529851 0)
(2.10726 -0.402066 0)
(2.03846 -0.226102 0)
(1.96434 -0.0660493 0)
(1.94586 0.0168569 0)
(1.93724 0.05451 0)
(1.93204 0.0753065 0)
(1.94235 0.0811661 0)
(1.96598 0.0806956 0)
(1.99157 0.0745821 0)
(2.01771 0.0638534 0)
(2.03957 0.0593664 0)
(2.05918 0.0602449 0)
(2.07791 0.0657689 0)
(2.09151 0.0775341 0)
(2.09434 0.0940766 0)
(2.09634 0.105576 0)
(2.11062 0.106096 0)
(2.13048 0.103091 0)
(2.15142 0.0974259 0)
(2.17231 0.091976 0)
(2.19187 0.0870337 0)
(2.20784 0.0828389 0)
(2.2176 0.0834046 0)
(2.22069 0.0934494 0)
(2.22598 0.106955 0)
(2.24193 0.11499 0)
(2.26088 0.118841 0)
(2.27999 0.120474 0)
(2.29946 0.118331 0)
(2.31686 0.111593 0)
(2.33024 0.103254 0)
(2.33883 0.0963038 0)
(2.34154 0.0963171 0)
(2.34011 0.109501 0)
(2.34719 0.124147 0)
(2.36459 0.130389 0)
(2.38231 0.134015 0)
(2.40292 0.137363 0)
(2.4254 0.137841 0)
(2.44398 0.136087 0)
(2.46308 0.132692 0)
(2.4783 0.126692 0)
(2.47796 0.122354 0)
(2.4605 0.125568 0)
(2.46523 0.131694 0)
(2.47861 0.133758 0)
(2.49881 0.133584 0)
(1.51659 0.840774 0)
(1.62975 0.820197 0)
(1.7525 0.77816 0)
(1.8609 0.733638 0)
(1.95292 0.689745 0)
(2.06196 0.614689 0)
(2.16911 0.52118 0)
(2.23865 0.456361 0)
(2.28464 0.406131 0)
(2.34078 0.343272 0)
(2.40554 0.266757 0)
(2.46976 0.183188 0)
(2.50842 0.0964549 0)
(2.53114 0.0462728 0)
(2.54272 0.0428877 0)
(2.55647 0.00959763 0)
(2.60791 -0.0658672 0)
(2.63634 -0.136447 0)
(2.65821 -0.166301 0)
(2.67535 -0.197782 0)
(2.68462 -0.2348 0)
(2.69385 -0.269308 0)
(2.69568 -0.268136 0)
(2.69677 -0.288107 0)
(2.7125 -0.310835 0)
(2.71931 -0.330017 0)
(2.72118 -0.33122 0)
(2.71932 -0.327847 0)
(2.70928 -0.317585 0)
(2.69286 -0.29524 0)
(2.5776 -0.374276 0)
(2.30489 -0.645085 0)
(2.15478 -0.800521 0)
(2.05755 -0.862514 0)
(1.99982 -0.805305 0)
(2.01097 -0.728778 0)
(2.05448 -0.664932 0)
(2.06631 -0.643243 0)
(2.07036 -0.64822 0)
(2.06888 -0.652749 0)
(2.07582 -0.644883 0)
(2.09923 -0.627801 0)
(2.1233 -0.608067 0)
(2.14219 -0.599963 0)
(2.15754 -0.596859 0)
(2.16761 -0.587964 0)
(2.17037 -0.575365 0)
(2.1877 -0.573909 0)
(2.20346 -0.572401 0)
(2.2142 -0.550746 0)
(2.20467 -0.483662 0)
(2.14133 -0.33262 0)
(2.07697 -0.159328 0)
(2.02824 -0.0283863 0)
(1.98391 0.0504375 0)
(1.96476 0.0903731 0)
(1.97598 0.103634 0)
(1.996 0.102123 0)
(2.02637 0.0928556 0)
(2.05533 0.0836137 0)
(2.07634 0.0796268 0)
(2.09639 0.0773134 0)
(2.11215 0.0808127 0)
(2.11964 0.0937652 0)
(2.12096 0.109519 0)
(2.12651 0.119646 0)
(2.14087 0.120658 0)
(2.1595 0.117568 0)
(2.17837 0.11483 0)
(2.19693 0.112448 0)
(2.21428 0.109891 0)
(2.22992 0.108391 0)
(2.24242 0.111244 0)
(2.25012 0.122312 0)
(2.25813 0.134038 0)
(2.2725 0.137867 0)
(2.28983 0.136629 0)
(2.30591 0.132428 0)
(2.31857 0.125784 0)
(2.32856 0.119588 0)
(2.33803 0.115203 0)
(2.34897 0.114936 0)
(2.3598 0.122878 0)
(2.3672 0.138838 0)
(2.37349 0.152061 0)
(2.38992 0.15585 0)
(2.40814 0.156153 0)
(2.426 0.154061 0)
(2.44376 0.148706 0)
(2.46034 0.141603 0)
(2.47327 0.132285 0)
(2.4795 0.125751 0)
(2.47863 0.132827 0)
(2.47974 0.150129 0)
(2.48929 0.159394 0)
(2.50828 0.161086 0)
(1.51993 0.830505 0)
(1.62163 0.810748 0)
(1.72448 0.782788 0)
(1.8174 0.750873 0)
(1.91622 0.697696 0)
(2.01743 0.635022 0)
(2.09683 0.582544 0)
(2.15408 0.533434 0)
(2.23174 0.453818 0)
(2.30664 0.368197 0)
(2.35085 0.334149 0)
(2.37591 0.297665 0)
(2.43398 0.214373 0)
(2.4856 0.129665 0)
(2.51652 0.0846173 0)
(2.53428 0.0586292 0)
(2.56317 0.0143807 0)
(2.59114 -0.0314136 0)
(2.60817 -0.060814 0)
(2.63638 -0.110871 0)
(2.65879 -0.173253 0)
(2.67615 -0.215967 0)
(2.68405 -0.229659 0)
(2.68783 -0.255861 0)
(2.69968 -0.290778 0)
(2.70852 -0.330998 0)
(2.72349 -0.327532 0)
(2.72542 -0.335099 0)
(2.71312 -0.346725 0)
(2.62152 -0.458076 0)
(2.34696 -0.784382 0)
(2.1361 -0.941242 0)
(2.10358 -0.979325 0)
(2.06272 -0.935376 0)
(2.05122 -0.876865 0)
(2.05605 -0.810933 0)
(2.07109 -0.764957 0)
(2.0781 -0.738034 0)
(2.07866 -0.712559 0)
(2.09049 -0.691025 0)
(2.10636 -0.653422 0)
(2.12927 -0.625547 0)
(2.14401 -0.606449 0)
(2.15277 -0.601731 0)
(2.16736 -0.597934 0)
(2.18389 -0.586055 0)
(2.192 -0.575075 0)
(2.20461 -0.564905 0)
(2.22195 -0.558266 0)
(2.24007 -0.554978 0)
(2.26503 -0.549419 0)
(2.27208 -0.52431 0)
(2.24642 -0.43688 0)
(2.18107 -0.276459 0)
(2.11037 -0.110226 0)
(2.0709 -0.00258781 0)
(2.02312 0.0743715 0)
(2.01997 0.122992 0)
(2.03064 0.117094 0)
(2.06616 0.10616 0)
(2.0908 0.105001 0)
(2.11105 0.102704 0)
(2.12932 0.0998687 0)
(2.14232 0.10049 0)
(2.14701 0.110495 0)
(2.15035 0.126737 0)
(2.15786 0.13704 0)
(2.17412 0.135549 0)
(2.19191 0.133624 0)
(2.21008 0.134467 0)
(2.22714 0.135892 0)
(2.24365 0.136086 0)
(2.2596 0.136486 0)
(2.27295 0.140123 0)
(2.28082 0.147572 0)
(2.28748 0.152538 0)
(2.29857 0.151677 0)
(2.31144 0.147486 0)
(2.32333 0.141704 0)
(2.33451 0.136035 0)
(2.34732 0.134414 0)
(2.3626 0.138114 0)
(2.37805 0.144822 0)
(2.38974 0.155102 0)
(2.39339 0.168149 0)
(2.3961 0.174414 0)
(2.40941 0.171695 0)
(2.42666 0.167112 0)
(2.44363 0.161681 0)
(2.458 0.154833 0)
(2.46983 0.147469 0)
(2.4823 0.143655 0)
(2.4947 0.146052 0)
(2.50466 0.157401 0)
(2.50879 0.175079 0)
(2.52356 0.183988 0)
(1.52268 0.836767 0)
(1.61192 0.816514 0)
(1.69543 0.797317 0)
(1.78148 0.768502 0)
(1.88349 0.713108 0)
(1.97046 0.661441 0)
(2.02644 0.634228 0)
(2.09975 0.581872 0)
(2.1949 0.491769 0)
(2.25894 0.429978 0)
(2.29077 0.404084 0)
(2.33434 0.348537 0)
(2.39776 0.266733 0)
(2.43681 0.22002 0)
(2.45135 0.196101 0)
(2.49534 0.134063 0)
(2.53396 0.0560487 0)
(2.55887 0.0281183 0)
(2.56244 0.0338843 0)
(2.57885 -0.00133909 0)
(2.61271 -0.0713088 0)
(2.63285 -0.112053 0)
(2.64877 -0.138293 0)
(2.66345 -0.167299 0)
(2.67475 -0.192432 0)
(2.68716 -0.222048 0)
(2.68761 -0.239852 0)
(2.67605 -0.282318 0)
(2.60384 -0.41387 0)
(2.35209 -0.730449 0)
(2.08047 -1.01126 0)
(2.04132 -0.99899 0)
(2.06494 -0.980691 0)
(2.09001 -0.95888 0)
(2.10736 -0.951693 0)
(2.11412 -0.942819 0)
(2.1232 -0.920882 0)
(2.13016 -0.894449 0)
(2.13014 -0.851235 0)
(2.13879 -0.797953 0)
(2.15171 -0.72141 0)
(2.16549 -0.665127 0)
(2.17836 -0.648244 0)
(2.19565 -0.628693 0)
(2.20149 -0.611439 0)
(2.20174 -0.594557 0)
(2.20782 -0.5772 0)
(2.22226 -0.562412 0)
(2.2396 -0.541663 0)
(2.26028 -0.535724 0)
(2.2819 -0.542107 0)
(2.29787 -0.541937 0)
(2.31703 -0.530138 0)
(2.31933 -0.49246 0)
(2.28645 -0.394563 0)
(2.22246 -0.242008 0)
(2.15006 -0.0833664 0)
(2.09317 0.0509219 0)
(2.08271 0.0845117 0)
(2.08682 0.122781 0)
(2.10887 0.12563 0)
(2.12693 0.123286 0)
(2.1487 0.122598 0)
(2.16491 0.121068 0)
(2.17177 0.127732 0)
(2.1743 0.144041 0)
(2.17863 0.15459 0)
(2.19316 0.152837 0)
(2.20874 0.151291 0)
(2.22625 0.153068 0)
(2.24411 0.157156 0)
(2.26099 0.15976 0)
(2.27716 0.15937 0)
(2.29171 0.159528 0)
(2.30123 0.162738 0)
(2.30444 0.166096 0)
(2.30968 0.165416 0)
(2.32051 0.162051 0)
(2.33311 0.157506 0)
(2.34627 0.154617 0)
(2.36218 0.155775 0)
(2.37911 0.159054 0)
(2.39615 0.164587 0)
(2.41093 0.171784 0)
(2.41734 0.18066 0)
(2.41437 0.187504 0)
(2.41849 0.186655 0)
(2.43154 0.182121 0)
(2.44559 0.176566 0)
(2.45927 0.171108 0)
(2.47459 0.168054 0)
(2.49106 0.169807 0)
(2.50689 0.174062 0)
(2.52189 0.180331 0)
(2.53192 0.196584 0)
(2.54222 0.209743 0)
(1.53758 0.830809 0)
(1.61283 0.816296 0)
(1.68436 0.799502 0)
(1.77051 0.764353 0)
(1.85893 0.721445 0)
(1.92165 0.698045 0)
(1.98603 0.659861 0)
(2.07836 0.587862 0)
(2.15149 0.525764 0)
(2.18652 0.506799 0)
(2.22756 0.46756 0)
(2.30383 0.383646 0)
(2.35976 0.312669 0)
(2.38662 0.295444 0)
(2.40473 0.267988 0)
(2.45099 0.205015 0)
(2.49082 0.139503 0)
(2.51875 0.106384 0)
(2.53343 0.0887577 0)
(2.56068 0.0363365 0)
(2.58386 -0.0160213 0)
(2.59607 -0.0293296 0)
(2.61456 -0.0588214 0)
(2.634 -0.0969865 0)
(2.65623 -0.138033 0)
(2.67454 -0.160981 0)
(2.65061 -0.228618 0)
(2.57791 -0.357047 0)
(2.30976 -0.682391 0)
(2.09835 -0.902282 0)
(2.03685 -0.968011 0)
(2.05477 -0.957802 0)
(2.08524 -0.938826 0)
(2.11444 -0.944733 0)
(2.13952 -0.958944 0)
(2.15539 -0.966357 0)
(2.15937 -0.959468 0)
(2.16517 -0.941968 0)
(2.18065 -0.919276 0)
(2.19509 -0.892829 0)
(2.20586 -0.858903 0)
(2.21788 -0.820301 0)
(2.22884 -0.782854 0)
(2.22807 -0.730312 0)
(2.23252 -0.690197 0)
(2.24232 -0.650961 0)
(2.26071 -0.607887 0)
(2.26118 -0.569349 0)
(2.27205 -0.537357 0)
(2.28315 -0.52927 0)
(2.29581 -0.531515 0)
(2.31451 -0.526096 0)
(2.33811 -0.521274 0)
(2.35706 -0.519506 0)
(2.36708 -0.509943 0)
(2.35881 -0.468351 0)
(2.3152 -0.350489 0)
(2.26564 -0.202963 0)
(2.19229 -0.0410667 0)
(2.13624 0.0963666 0)
(2.13273 0.127234 0)
(2.15745 0.133297 0)
(2.17636 0.13278 0)
(2.18425 0.137621 0)
(2.19709 0.14665 0)
(2.20289 0.155098 0)
(2.20514 0.169574 0)
(2.21222 0.174197 0)
(2.22812 0.171453 0)
(2.2444 0.169789 0)
(2.26338 0.171721 0)
(2.28221 0.174359 0)
(2.29781 0.174782 0)
(2.31097 0.174867 0)
(2.32066 0.176659 0)
(2.32296 0.178082 0)
(2.32392 0.177682 0)
(2.33285 0.177733 0)
(2.3457 0.178542 0)
(2.3614 0.178746 0)
(2.37799 0.179266 0)
(2.39528 0.180369 0)
(2.41363 0.182446 0)
(2.43022 0.185762 0)
(2.43912 0.190821 0)
(2.43563 0.198606 0)
(2.42978 0.20357 0)
(2.43615 0.20114 0)
(2.44992 0.196912 0)
(2.46653 0.194592 0)
(2.48246 0.195759 0)
(2.50022 0.199122 0)
(2.51902 0.204784 0)
(2.53618 0.210055 0)
(2.55063 0.217059 0)
(2.5686 0.222704 0)
(1.54173 0.846087 0)
(1.60589 0.833145 0)
(1.6746 0.812676 0)
(1.75405 0.777795 0)
(1.82368 0.748451 0)
(1.88258 0.727165 0)
(1.95916 0.682053 0)
(2.04175 0.616833 0)
(2.09596 0.580273 0)
(2.13065 0.559553 0)
(2.1938 0.504714 0)
(2.26479 0.428851 0)
(2.3117 0.379753 0)
(2.3328 0.364924 0)
(2.36307 0.325301 0)
(2.41777 0.255136 0)
(2.45886 0.198887 0)
(2.48133 0.17921 0)
(2.49083 0.162799 0)
(2.52453 0.109107 0)
(2.55402 0.0514867 0)
(2.57274 0.0243197 0)
(2.57725 0.0207878 0)
(2.60723 -0.0257498 0)
(2.61378 -0.0461697 0)
(2.6174 -0.121283 0)
(2.55575 -0.25458 0)
(2.26942 -0.606536 0)
(2.10541 -0.7885 0)
(2.01776 -0.884016 0)
(2.03834 -0.884097 0)
(2.06515 -0.87966 0)
(2.0883 -0.88297 0)
(2.11782 -0.900264 0)
(2.13867 -0.919268 0)
(2.16228 -0.929187 0)
(2.18401 -0.928413 0)
(2.19805 -0.916565 0)
(2.20082 -0.90394 0)
(2.21402 -0.901939 0)
(2.23129 -0.898303 0)
(2.25062 -0.889827 0)
(2.26982 -0.872906 0)
(2.28166 -0.845612 0)
(2.29166 -0.819455 0)
(2.30021 -0.775917 0)
(2.30252 -0.699666 0)
(2.30761 -0.650272 0)
(2.3135 -0.610681 0)
(2.32292 -0.576889 0)
(2.32584 -0.546661 0)
(2.34384 -0.516136 0)
(2.35893 -0.513295 0)
(2.37967 -0.510322 0)
(2.39021 -0.50567 0)
(2.40653 -0.500683 0)
(2.4164 -0.479956 0)
(2.40386 -0.420283 0)
(2.36894 -0.317372 0)
(2.31112 -0.16525 0)
(2.24068 0.00243575 0)
(2.21929 0.0849361 0)
(2.21222 0.129736 0)
(2.22061 0.145229 0)
(2.22639 0.151682 0)
(2.23314 0.165611 0)
(2.23743 0.183431 0)
(2.23457 0.198079 0)
(2.24652 0.197578 0)
(2.26559 0.191317 0)
(2.28364 0.187503 0)
(2.30295 0.190429 0)
(2.31884 0.19165 0)
(2.33218 0.189488 0)
(2.34185 0.188002 0)
(2.34252 0.189667 0)
(2.33919 0.194092 0)
(2.34838 0.198803 0)
(2.36371 0.201506 0)
(2.37982 0.202854 0)
(2.39628 0.202787 0)
(2.41244 0.201877 0)
(2.42919 0.202136 0)
(2.4454 0.20381 0)
(2.45547 0.206416 0)
(2.45322 0.210443 0)
(2.44505 0.21373 0)
(2.44928 0.214966 0)
(2.46353 0.217863 0)
(2.47901 0.221907 0)
(2.49516 0.225426 0)
(2.5136 0.228397 0)
(2.53282 0.232235 0)
(2.55018 0.235169 0)
(2.5659 0.239695 0)
(2.58834 0.241882 0)
(1.5571 0.842708 0)
(1.61375 0.831509 0)
(1.68127 0.809002 0)
(1.75296 0.780947 0)
(1.80832 0.765443 0)
(1.86692 0.738196 0)
(1.94976 0.684422 0)
(2.0175 0.639096 0)
(2.0546 0.627322 0)
(2.09906 0.591975 0)
(2.17731 0.519398 0)
(2.23819 0.454144 0)
(2.26717 0.444058 0)
(2.2829 0.427034 0)
(2.34169 0.362683 0)
(2.39542 0.283363 0)
(2.42653 0.255542 0)
(2.42858 0.258735 0)
(2.45907 0.217808 0)
(2.50278 0.148765 0)
(2.53005 0.0994449 0)
(2.53589 0.102934 0)
(2.56104 0.0738966 0)
(2.5761 0.0522849 0)
(2.56411 -0.0279649 0)
(2.50728 -0.170064 0)
(2.22832 -0.526274 0)
(2.07525 -0.709034 0)
(1.9981 -0.802526 0)
(2.02198 -0.80591 0)
(2.0469 -0.810182 0)
(2.06326 -0.820646 0)
(2.08672 -0.844325 0)
(2.11411 -0.855224 0)
(2.1421 -0.861911 0)
(2.16824 -0.870627 0)
(2.19322 -0.881395 0)
(2.2144 -0.888579 0)
(2.22526 -0.881933 0)
(2.2248 -0.870535 0)
(2.24312 -0.869958 0)
(2.263 -0.873409 0)
(2.28445 -0.8708 0)
(2.30848 -0.863107 0)
(2.33413 -0.847259 0)
(2.34731 -0.84015 0)
(2.35784 -0.82478 0)
(2.35956 -0.780306 0)
(2.36285 -0.727234 0)
(2.36676 -0.680783 0)
(2.37217 -0.649661 0)
(2.38105 -0.613655 0)
(2.3873 -0.562105 0)
(2.40765 -0.52431 0)
(2.43686 -0.495983 0)
(2.45062 -0.487917 0)
(2.45809 -0.48907 0)
(2.47059 -0.48041 0)
(2.46031 -0.443336 0)
(2.4506 -0.379304 0)
(2.42249 -0.277184 0)
(2.36676 -0.131083 0)
(2.30137 0.0328237 0)
(2.29529 0.083559 0)
(2.28063 0.118261 0)
(2.28033 0.154779 0)
(2.27432 0.18543 0)
(2.27138 0.208095 0)
(2.27281 0.219544 0)
(2.28515 0.21659 0)
(2.30172 0.213839 0)
(2.32171 0.213977 0)
(2.34103 0.213206 0)
(2.35591 0.208017 0)
(2.36296 0.202772 0)
(2.36266 0.20322 0)
(2.36041 0.21109 0)
(2.36633 0.22156 0)
(2.38105 0.227479 0)
(2.3979 0.229779 0)
(2.41551 0.230144 0)
(2.43196 0.227413 0)
(2.44654 0.222411 0)
(2.46029 0.220282 0)
(2.47014 0.222286 0)
(2.46875 0.227224 0)
(2.45903 0.233006 0)
(2.46557 0.238852 0)
(2.48087 0.243832 0)
(2.49575 0.248608 0)
(2.51108 0.253528 0)
(2.52796 0.257247 0)
(2.54436 0.259382 0)
(2.56132 0.260978 0)
(2.57622 0.261772 0)
(2.60054 0.259843 0)
(1.56298 0.863995 0)
(1.61781 0.848516 0)
(1.68001 0.824382 0)
(1.73586 0.806938 0)
(1.78769 0.792612 0)
(1.85659 0.754964 0)
(1.92791 0.702603 0)
(1.97483 0.682144 0)
(2.01218 0.66906 0)
(2.08088 0.618859 0)
(2.15258 0.543956 0)
(2.19452 0.509054 0)
(2.21252 0.505619 0)
(2.25583 0.465409 0)
(2.31966 0.396078 0)
(2.36257 0.339082 0)
(2.3782 0.333191 0)
(2.39259 0.311231 0)
(2.43498 0.258557 0)
(2.47374 0.197046 0)
(2.49018 0.184033 0)
(2.51726 0.156199 0)
(2.52948 0.143314 0)
(2.52463 0.0629417 0)
(2.46684 -0.0818437 0)
(2.16678 -0.459957 0)
(2.0325 -0.634102 0)
(1.97651 -0.7209 0)
(2.0031 -0.725142 0)
(2.03267 -0.736305 0)
(2.04782 -0.748855 0)
(2.0608 -0.771808 0)
(2.08262 -0.783081 0)
(2.11189 -0.791122 0)
(2.14296 -0.799132 0)
(2.17175 -0.806861 0)
(2.19742 -0.814382 0)
(2.21951 -0.823838 0)
(2.23451 -0.833438 0)
(2.23996 -0.833447 0)
(2.24854 -0.824045 0)
(2.27151 -0.822939 0)
(2.29735 -0.828687 0)
(2.32456 -0.830138 0)
(2.35386 -0.829323 0)
(2.37998 -0.830532 0)
(2.39623 -0.826993 0)
(2.40183 -0.81728 0)
(2.3981 -0.795277 0)
(2.41514 -0.764439 0)
(2.42405 -0.74275 0)
(2.43098 -0.717904 0)
(2.4388 -0.675615 0)
(2.4542 -0.629724 0)
(2.47839 -0.591377 0)
(2.48337 -0.537339 0)
(2.49119 -0.514986 0)
(2.50142 -0.500398 0)
(2.51614 -0.486901 0)
(2.52092 -0.465328 0)
(2.50587 -0.409582 0)
(2.50125 -0.345331 0)
(2.47557 -0.24995 0)
(2.42825 -0.113236 0)
(2.36578 0.034503 0)
(2.35303 0.0904986 0)
(2.34234 0.14933 0)
(2.33211 0.183558 0)
(2.30912 0.223274 0)
(2.3139 0.232494 0)
(2.32605 0.239694 0)
(2.33861 0.245065 0)
(2.35523 0.247819 0)
(2.37147 0.241886 0)
(2.38173 0.229577 0)
(2.38574 0.217255 0)
(2.38868 0.21886 0)
(2.39533 0.232502 0)
(2.40498 0.246708 0)
(2.41668 0.256969 0)
(2.43255 0.259569 0)
(2.44978 0.257637 0)
(2.46331 0.252247 0)
(2.47503 0.245717 0)
(2.48514 0.240779 0)
(2.48909 0.241995 0)
(2.48408 0.253977 0)
(2.48408 0.26754 0)
(2.4983 0.271956 0)
(2.51402 0.273598 0)
(2.53006 0.276273 0)
(2.54486 0.280138 0)
(2.55803 0.284307 0)
(2.57086 0.286434 0)
(2.58254 0.279548 0)
(2.59525 0.271331 0)
(1.58621 0.869578 0)
(1.63635 0.851943 0)
(1.68872 0.832172 0)
(1.73621 0.818037 0)
(1.78998 0.795826 0)
(1.85683 0.757043 0)
(1.91006 0.724126 0)
(1.94902 0.712987 0)
(2.00004 0.681261 0)
(2.07516 0.619631 0)
(2.12854 0.568614 0)
(2.15432 0.564217 0)
(2.17882 0.54525 0)
(2.24477 0.485187 0)
(2.3029 0.41144 0)
(2.33642 0.387723 0)
(2.34099 0.392436 0)
(2.36572 0.359275 0)
(2.42024 0.286191 0)
(2.45138 0.242059 0)
(2.4791 0.224858 0)
(2.48932 0.226443 0)
(2.47678 0.150252 0)
(2.41448 -0.00942579 0)
(2.11756 -0.38612 0)
(1.99145 -0.560088 0)
(1.94625 -0.649753 0)
(1.97507 -0.655866 0)
(2.00946 -0.667804 0)
(2.03229 -0.6798 0)
(2.04789 -0.703158 0)
(2.06252 -0.720709 0)
(2.08495 -0.731486 0)
(2.11448 -0.739433 0)
(2.14584 -0.745716 0)
(2.17557 -0.75212 0)
(2.20276 -0.760412 0)
(2.22681 -0.769906 0)
(2.24414 -0.777065 0)
(2.25069 -0.78007 0)
(2.261 -0.782394 0)
(2.28466 -0.784886 0)
(2.31156 -0.786742 0)
(2.33833 -0.787715 0)
(2.36489 -0.785878 0)
(2.38948 -0.788836 0)
(2.41369 -0.792908 0)
(2.43455 -0.795075 0)
(2.44245 -0.787495 0)
(2.4388 -0.762672 0)
(2.44666 -0.750904 0)
(2.46084 -0.740603 0)
(2.48544 -0.730556 0)
(2.50137 -0.712678 0)
(2.51531 -0.688419 0)
(2.52742 -0.655026 0)
(2.53921 -0.623222 0)
(2.54325 -0.580472 0)
(2.542 -0.526127 0)
(2.54984 -0.501868 0)
(2.56205 -0.481189 0)
(2.56149 -0.449142 0)
(2.55717 -0.393442 0)
(2.55276 -0.331731 0)
(2.53034 -0.246095 0)
(2.46791 -0.0781985 0)
(2.44888 0.0190864 0)
(2.41491 0.110353 0)
(2.39273 0.168623 0)
(2.37581 0.199467 0)
(2.37833 0.233527 0)
(2.37084 0.260858 0)
(2.37203 0.273419 0)
(2.38526 0.27397 0)
(2.39612 0.267138 0)
(2.40303 0.258881 0)
(2.41258 0.253076 0)
(2.42445 0.250849 0)
(2.43523 0.25488 0)
(2.44554 0.268432 0)
(2.45593 0.282703 0)
(2.46573 0.288586 0)
(2.4773 0.284869 0)
(2.48932 0.275827 0)
(2.49947 0.267419 0)
(2.50809 0.266218 0)
(2.51187 0.275777 0)
(2.51009 0.290856 0)
(2.51565 0.298593 0)
(2.53037 0.300629 0)
(2.54565 0.302312 0)
(2.56058 0.303519 0)
(2.57435 0.304154 0)
(2.5852 0.303408 0)
(2.58958 0.29592 0)
(2.59341 0.286358 0)
(1.60523 0.892726 0)
(1.64611 0.874975 0)
(1.69025 0.856267 0)
(1.73842 0.83458 0)
(1.78797 0.809847 0)
(1.8399 0.781315 0)
(1.89092 0.754447 0)
(1.93598 0.733108 0)
(1.99084 0.695446 0)
(2.04918 0.644548 0)
(2.08951 0.617886 0)
(2.11686 0.610653 0)
(2.16642 0.569215 0)
(2.22859 0.501735 0)
(2.26726 0.454789 0)
(2.28507 0.458103 0)
(2.29891 0.446108 0)
(2.35664 0.383667 0)
(2.39428 0.32458 0)
(2.42297 0.299267 0)
(2.4419 0.301017 0)
(2.4256 0.227877 0)
(2.34947 0.049097 0)
(2.06766 -0.320876 0)
(1.93631 -0.501824 0)
(1.91321 -0.588118 0)
(1.94391 -0.59186 0)
(1.98159 -0.603711 0)
(2.01044 -0.620738 0)
(2.03265 -0.637229 0)
(2.05214 -0.651591 0)
(2.06923 -0.664211 0)
(2.0906 -0.675132 0)
(2.11821 -0.685237 0)
(2.14873 -0.693185 0)
(2.17897 -0.699307 0)
(2.20698 -0.705571 0)
(2.23196 -0.713556 0)
(2.25206 -0.721552 0)
(2.2638 -0.723321 0)
(2.27156 -0.718267 0)
(2.29072 -0.719052 0)
(2.31792 -0.725742 0)
(2.34695 -0.733313 0)
(2.37558 -0.742181 0)
(2.40362 -0.749613 0)
(2.42985 -0.749971 0)
(2.45186 -0.74663 0)
(2.46542 -0.748806 0)
(2.46921 -0.7419 0)
(2.47374 -0.722252 0)
(2.48489 -0.714296 0)
(2.50288 -0.70989 0)
(2.51955 -0.708875 0)
(2.53637 -0.706986 0)
(2.55723 -0.697201 0)
(2.57545 -0.681374 0)
(2.58674 -0.662486 0)
(2.5926 -0.637066 0)
(2.60131 -0.604299 0)
(2.59715 -0.547277 0)
(2.60153 -0.507412 0)
(2.61356 -0.494597 0)
(2.61112 -0.457606 0)
(2.60803 -0.403846 0)
(2.60365 -0.341995 0)
(2.57773 -0.225544 0)
(2.53967 -0.0951005 0)
(2.49873 0.0312278 0)
(2.46578 0.118244 0)
(2.44599 0.177349 0)
(2.43414 0.235243 0)
(2.41511 0.267088 0)
(2.41661 0.289595 0)
(2.41919 0.293528 0)
(2.42594 0.295108 0)
(2.43573 0.293022 0)
(2.447 0.287206 0)
(2.4581 0.285016 0)
(2.46864 0.289927 0)
(2.48026 0.295774 0)
(2.49241 0.302851 0)
(2.50092 0.307647 0)
(2.50717 0.305434 0)
(2.51399 0.300226 0)
(2.52225 0.298539 0)
(2.53166 0.302079 0)
(2.53587 0.31012 0)
(2.53741 0.319174 0)
(2.55153 0.322791 0)
(2.5673 0.323729 0)
(2.58212 0.322977 0)
(2.5945 0.321707 0)
(2.60321 0.318364 0)
(2.60181 0.309369 0)
(2.60263 0.303427 0)
(1.62807 0.906957 0)
(1.66442 0.886937 0)
(1.70437 0.866325 0)
(1.74539 0.847171 0)
(1.79018 0.822137 0)
(1.84209 0.788731 0)
(1.88627 0.769431 0)
(1.92475 0.753606 0)
(1.97974 0.715359 0)
(2.03569 0.663941 0)
(2.07394 0.646151 0)
(2.10144 0.635422 0)
(2.15148 0.594463 0)
(2.20414 0.533389 0)
(2.23946 0.500187 0)
(2.25329 0.502553 0)
(2.29018 0.46703 0)
(2.33683 0.411124 0)
(2.37231 0.366502 0)
(2.39663 0.35804 0)
(2.38072 0.290355 0)
(2.2847 0.0983701 0)
(1.99303 -0.278264 0)
(1.89068 -0.437085 0)
(1.88785 -0.515101 0)
(1.91493 -0.520272 0)
(1.9511 -0.534295 0)
(1.98413 -0.558655 0)
(2.01005 -0.574243 0)
(2.03563 -0.587695 0)
(2.05929 -0.603437 0)
(2.07882 -0.618552 0)
(2.09965 -0.631301 0)
(2.12581 -0.640388 0)
(2.15542 -0.646071 0)
(2.18551 -0.650293 0)
(2.21432 -0.656035 0)
(2.24076 -0.664756 0)
(2.26293 -0.674615 0)
(2.27903 -0.680382 0)
(2.29143 -0.679101 0)
(2.30839 -0.677767 0)
(2.33207 -0.680462 0)
(2.359 -0.683827 0)
(2.38611 -0.686815 0)
(2.41187 -0.689917 0)
(2.43593 -0.69454 0)
(2.45903 -0.700416 0)
(2.47985 -0.703165 0)
(2.49539 -0.693627 0)
(2.50159 -0.678572 0)
(2.50446 -0.6773 0)
(2.51973 -0.678944 0)
(2.53891 -0.677762 0)
(2.55648 -0.676492 0)
(2.5747 -0.669154 0)
(2.5892 -0.664563 0)
(2.60113 -0.66675 0)
(2.61522 -0.660495 0)
(2.6341 -0.64018 0)
(2.64095 -0.616663 0)
(2.64259 -0.581164 0)
(2.64714 -0.552188 0)
(2.6548 -0.539415 0)
(2.66282 -0.5191 0)
(2.66566 -0.484609 0)
(2.66193 -0.428081 0)
(2.65297 -0.340508 0)
(2.6405 -0.256961 0)
(2.59677 -0.125086 0)
(2.53542 0.036981 0)
(2.54375 0.107479 0)
(2.47948 0.210436 0)
(2.46697 0.26755 0)
(2.45639 0.308687 0)
(2.45367 0.329478 0)
(2.4558 0.325958 0)
(2.45955 0.316092 0)
(2.469 0.311574 0)
(2.48214 0.313246 0)
(2.49428 0.319563 0)
(2.50656 0.330607 0)
(2.5184 0.336581 0)
(2.5309 0.332753 0)
(2.53991 0.326444 0)
(2.54652 0.319805 0)
(2.55313 0.320054 0)
(2.56023 0.326866 0)
(2.56245 0.338653 0)
(2.56122 0.348336 0)
(2.57178 0.348902 0)
(2.59136 0.347546 0)
(2.60852 0.344503 0)
(2.6217 0.335058 0)
(2.62212 0.321544 0)
(2.6187 0.326978 0)
(1.65661 0.922994 0)
(1.68884 0.903235 0)
(1.72317 0.884151 0)
(1.7598 0.863567 0)
(1.80236 0.836034 0)
(1.84341 0.811661 0)
(1.87955 0.797739 0)
(1.92393 0.771501 0)
(1.97889 0.72603 0)
(2.01894 0.691769 0)
(2.0465 0.687901 0)
(2.08277 0.666157 0)
(2.14255 0.610422 0)
(2.18822 0.552071 0)
(2.21055 0.548246 0)
(2.22633 0.543224 0)
(2.27316 0.501388 0)
(2.32352 0.438427 0)
(2.35007 0.41434 0)
(2.33336 0.336571 0)
(2.21134 0.124789 0)
(1.93687 -0.220346 0)
(1.83841 -0.390079 0)
(1.84303 -0.460141 0)
(1.88394 -0.467012 0)
(1.91908 -0.476138 0)
(1.95329 -0.499118 0)
(1.98238 -0.518345 0)
(2.01128 -0.533787 0)
(2.0402 -0.546706 0)
(2.06566 -0.557992 0)
(2.08699 -0.569475 0)
(2.10904 -0.581854 0)
(2.13546 -0.592172 0)
(2.16518 -0.599123 0)
(2.19596 -0.603977 0)
(2.22548 -0.60871 0)
(2.25173 -0.614975 0)
(2.2734 -0.622973 0)
(2.29089 -0.629105 0)
(2.30676 -0.629339 0)
(2.32418 -0.627166 0)
(2.34537 -0.627632 0)
(2.36985 -0.629814 0)
(2.39562 -0.63289 0)
(2.42068 -0.636508 0)
(2.44415 -0.640257 0)
(2.46653 -0.644099 0)
(2.48785 -0.646452 0)
(2.50675 -0.644473 0)
(2.5212 -0.638119 0)
(2.52787 -0.629124 0)
(2.53104 -0.62403 0)
(2.54543 -0.623629 0)
(2.56879 -0.628511 0)
(2.59109 -0.631897 0)
(2.60989 -0.635298 0)
(2.62679 -0.638099 0)
(2.64116 -0.633819 0)
(2.65201 -0.62441 0)
(2.65664 -0.613841 0)
(2.65923 -0.593699 0)
(2.67299 -0.570816 0)
(2.68311 -0.558057 0)
(2.69674 -0.551965 0)
(2.70287 -0.544365 0)
(2.7108 -0.527727 0)
(2.7065 -0.487658 0)
(2.71154 -0.432599 0)
(2.71154 -0.385486 0)
(2.68212 -0.286811 0)
(2.65158 -0.150374 0)
(2.58512 0.0239466 0)
(2.5927 0.108962 0)
(2.52545 0.247285 0)
(2.50381 0.328802 0)
(2.49503 0.332965 0)
(2.49068 0.330149 0)
(2.48806 0.321153 0)
(2.49568 0.323357 0)
(2.50782 0.336372 0)
(2.52183 0.350759 0)
(2.5327 0.364714 0)
(2.53473 0.370737 0)
(2.54018 0.363998 0)
(2.55498 0.35411 0)
(2.56766 0.349866 0)
(2.58058 0.351334 0)
(2.58874 0.350583 0)
(2.58628 0.354487 0)
(2.58823 0.363747 0)
(2.59851 0.368862 0)
(2.61208 0.367987 0)
(2.62358 0.36336 0)
(2.63232 0.355208 0)
(2.64157 0.352819 0)
(1.66841 0.948553 0)
(1.70677 0.926403 0)
(1.73955 0.907504 0)
(1.77227 0.887601 0)
(1.80948 0.863025 0)
(1.84901 0.837314 0)
(1.88738 0.813903 0)
(1.92299 0.789792 0)
(1.96421 0.756434 0)
(2.00405 0.726561 0)
(2.03892 0.708321 0)
(2.07811 0.67774 0)
(2.128 0.626036 0)
(2.15731 0.596913 0)
(2.17796 0.596102 0)
(2.21255 0.570389 0)
(2.27035 0.512805 0)
(2.29826 0.475468 0)
(2.27416 0.380399 0)
(2.13108 0.126271 0)
(1.86196 -0.211097 0)
(1.79863 -0.327535 0)
(1.81741 -0.377089 0)
(1.85116 -0.396508 0)
(1.8852 -0.412022 0)
(1.92046 -0.437949 0)
(1.95193 -0.462844 0)
(1.98297 -0.480042 0)
(2.01656 -0.493105 0)
(2.04813 -0.505579 0)
(2.07453 -0.517908 0)
(2.09776 -0.530296 0)
(2.12249 -0.541555 0)
(2.15036 -0.55035 0)
(2.18035 -0.557128 0)
(2.2113 -0.562681 0)
(2.24112 -0.567425 0)
(2.26694 -0.571601 0)
(2.28704 -0.575896 0)
(2.3035 -0.579656 0)
(2.32105 -0.581249 0)
(2.34153 -0.582916 0)
(2.36425 -0.587318 0)
(2.38855 -0.592343 0)
(2.41383 -0.595135 0)
(2.43832 -0.594389 0)
(2.45986 -0.592667 0)
(2.4791 -0.593173 0)
(2.49815 -0.59493 0)
(2.51662 -0.595438 0)
(2.53246 -0.595812 0)
(2.54528 -0.596798 0)
(2.55606 -0.594781 0)
(2.56516 -0.584753 0)
(2.5735 -0.571162 0)
(2.58825 -0.566235 0)
(2.61206 -0.570516 0)
(2.63574 -0.579325 0)
(2.65278 -0.588778 0)
(2.6649 -0.59428 0)
(2.67875 -0.589975 0)
(2.68995 -0.574225 0)
(2.69301 -0.55765 0)
(2.69752 -0.54963 0)
(2.70734 -0.540372 0)
(2.72109 -0.531929 0)
(2.73093 -0.52728 0)
(2.74074 -0.522692 0)
(2.7496 -0.50662 0)
(2.74945 -0.481134 0)
(2.75323 -0.451172 0)
(2.75318 -0.404684 0)
(2.73412 -0.319748 0)
(2.71125 -0.19447 0)
(2.63582 0.00841799 0)
(2.61024 0.138273 0)
(2.60587 0.21661 0)
(2.54365 0.330916 0)
(2.51087 0.341031 0)
(2.50765 0.336151 0)
(2.52196 0.352584 0)
(2.53163 0.371945 0)
(2.54221 0.383456 0)
(2.55312 0.38955 0)
(2.56091 0.390868 0)
(2.57052 0.38657 0)
(2.57756 0.382339 0)
(2.58454 0.379696 0)
(2.58966 0.382224 0)
(2.59854 0.383779 0)
(2.60844 0.379795 0)
(2.61592 0.377753 0)
(2.62224 0.38338 0)
(2.62999 0.393486 0)
(2.63653 0.398877 0)
(2.65177 0.392861 0)
(1.67638 0.96386 0)
(1.71331 0.944716 0)
(1.7512 0.926379 0)
(1.78481 0.906315 0)
(1.82484 0.876895 0)
(1.86136 0.853121 0)
(1.88686 0.840632 0)
(1.92252 0.812654 0)
(1.96806 0.770354 0)
(2.00806 0.741946 0)
(2.02984 0.734392 0)
(2.06927 0.702321 0)
(2.11155 0.65603 0)
(2.14731 0.625629 0)
(2.17025 0.619833 0)
(2.21238 0.588871 0)
(2.24184 0.544197 0)
(2.21548 0.432449 0)
(2.01543 0.118258 0)
(1.80388 -0.185413 0)
(1.75984 -0.308094 0)
(1.77738 -0.337854 0)
(1.81598 -0.343195 0)
(1.84497 -0.35583 0)
(1.88399 -0.380888 0)
(1.91978 -0.401606 0)
(1.95571 -0.420781 0)
(1.99294 -0.440853 0)
(2.02958 -0.457935 0)
(2.06178 -0.469237 0)
(2.08645 -0.475735 0)
(2.10803 -0.481689 0)
(2.1341 -0.490248 0)
(2.16439 -0.500799 0)
(2.19577 -0.51186 0)
(2.22709 -0.522257 0)
(2.25735 -0.53073 0)
(2.28479 -0.535768 0)
(2.30712 -0.537453 0)
(2.32345 -0.536103 0)
(2.33713 -0.531527 0)
(2.35408 -0.528156 0)
(2.37595 -0.530512 0)
(2.40015 -0.536196 0)
(2.42503 -0.541224 0)
(2.44981 -0.543433 0)
(2.47256 -0.542512 0)
(2.49063 -0.539567 0)
(2.50385 -0.535929 0)
(2.51848 -0.532708 0)
(2.53781 -0.532748 0)
(2.5564 -0.537148 0)
(2.57057 -0.542728 0)
(2.58145 -0.544194 0)
(2.59181 -0.537412 0)
(2.6 -0.524699 0)
(2.60759 -0.513721 0)
(2.62354 -0.512526 0)
(2.64585 -0.518623 0)
(2.66642 -0.527452 0)
(2.68321 -0.540422 0)
(2.70108 -0.545854 0)
(2.71356 -0.537261 0)
(2.72052 -0.520941 0)
(2.72813 -0.507419 0)
(2.73722 -0.504452 0)
(2.74747 -0.501855 0)
(2.75687 -0.494857 0)
(2.7613 -0.48404 0)
(2.76595 -0.479821 0)
(2.77494 -0.477752 0)
(2.79033 -0.468279 0)
(2.79111 -0.447633 0)
(2.79176 -0.414804 0)
(2.77607 -0.340951 0)
(2.7476 -0.211198 0)
(2.71287 -0.0604009 0)
(2.64252 0.1237 0)
(2.6361 0.163584 0)
(2.58163 0.262779 0)
(2.53723 0.377162 0)
(2.53978 0.397414 0)
(2.55146 0.411421 0)
(2.56669 0.415659 0)
(2.57846 0.412381 0)
(2.58846 0.40713 0)
(2.59805 0.402636 0)
(2.59982 0.402506 0)
(2.60073 0.408691 0)
(2.60271 0.411783 0)
(2.60919 0.410076 0)
(2.6244 0.407029 0)
(2.63696 0.402176 0)
(2.64933 0.402876 0)
(2.65891 0.415725 0)
(2.67063 0.4224 0)
(1.7332 0.969505 0)
(1.72448 0.968218 0)
(1.75905 0.947098 0)
(1.79991 0.920052 0)
(1.83462 0.895195 0)
(1.86072 0.882962 0)
(1.89058 0.863475 0)
(1.93411 0.824524 0)
(1.97601 0.785135 0)
(1.9985 0.778949 0)
(2.02064 0.765314 0)
(2.06729 0.72168 0)
(2.11082 0.669982 0)
(2.1353 0.663978 0)
(2.15903 0.656394 0)
(2.18984 0.610471 0)
(2.1476 0.468591 0)
(1.94119 0.136119 0)
(1.75224 -0.125416 0)
(1.73245 -0.220128 0)
(1.76105 -0.257929 0)
(1.80041 -0.286646 0)
(1.82639 -0.312462 0)
(1.85163 -0.338995 0)
(1.88815 -0.353317 0)
(1.92866 -0.366605 0)
(1.97019 -0.382385 0)
(2.00978 -0.400432 0)
(2.04579 -0.416927 0)
(2.07683 -0.429412 0)
(2.1014 -0.43834 0)
(2.12341 -0.444398 0)
(2.1496 -0.449227 0)
(2.17963 -0.45556 0)
(2.21086 -0.464439 0)
(2.24192 -0.474696 0)
(2.27197 -0.484693 0)
(2.30016 -0.492623 0)
(2.32501 -0.497626 0)
(2.3449 -0.498606 0)
(2.35964 -0.493571 0)
(2.37239 -0.485641 0)
(2.38919 -0.483342 0)
(2.41192 -0.488157 0)
(2.43699 -0.494772 0)
(2.46218 -0.49993 0)
(2.48629 -0.502715 0)
(2.50728 -0.502301 0)
(2.52335 -0.497063 0)
(2.5352 -0.486574 0)
(2.54657 -0.477277 0)
(2.56298 -0.477598 0)
(2.58137 -0.485953 0)
(2.5961 -0.496439 0)
(2.60787 -0.501954 0)
(2.61929 -0.498529 0)
(2.63259 -0.488186 0)
(2.64347 -0.474799 0)
(2.64867 -0.468176 0)
(2.6535 -0.473648 0)
(2.66659 -0.48072 0)
(2.68895 -0.485226 0)
(2.7114 -0.49296 0)
(2.73433 -0.497418 0)
(2.75119 -0.484301 0)
(2.75872 -0.470491 0)
(2.75853 -0.465232 0)
(2.7606 -0.458202 0)
(2.77083 -0.447934 0)
(2.7822 -0.449657 0)
(2.78766 -0.453049 0)
(2.7951 -0.446141 0)
(2.80379 -0.441188 0)
(2.81608 -0.433615 0)
(2.82359 -0.424358 0)
(2.82325 -0.387411 0)
(2.81818 -0.33954 0)
(2.79612 -0.255306 0)
(2.76613 -0.136133 0)
(2.67718 0.0743796 0)
(2.66628 0.156334 0)
(2.64173 0.261959 0)
(2.58652 0.392612 0)
(2.58232 0.444907 0)
(2.59136 0.448918 0)
(2.60274 0.440925 0)
(2.60912 0.42874 0)
(2.61375 0.420944 0)
(2.61903 0.421157 0)
(2.62136 0.427622 0)
(2.62149 0.437743 0)
(2.62377 0.440186 0)
(2.63533 0.440778 0)
(2.65086 0.443071 0)
(2.66686 0.440956 0)
(2.69328 0.443766 0)
(2.01892 0.872917 0)
(1.76984 0.97376 0)
(1.7702 0.969122 0)
(1.80796 0.943216 0)
(1.84147 0.91927 0)
(1.8705 0.901059 0)
(1.90086 0.877569 0)
(1.94204 0.841213 0)
(1.97349 0.816722 0)
(1.99306 0.810641 0)
(2.02475 0.783352 0)
(2.07105 0.734047 0)
(2.10563 0.703763 0)
(2.12016 0.706537 0)
(2.14312 0.660083 0)
(2.08276 0.499291 0)
(1.86977 0.147354 0)
(1.65187 -0.143494 0)
(1.65787 -0.220684 0)
(1.71393 -0.231593 0)
(1.76928 -0.240489 0)
(1.81527 -0.263751 0)
(1.84442 -0.290488 0)
(1.86935 -0.317927 0)
(1.90424 -0.328115 0)
(1.94557 -0.332665 0)
(1.98887 -0.344166 0)
(2.02929 -0.361943 0)
(2.06408 -0.380469 0)
(2.09382 -0.394803 0)
(2.11855 -0.403034 0)
(2.14045 -0.405761 0)
(2.16492 -0.407467 0)
(2.19396 -0.412095 0)
(2.22507 -0.419623 0)
(2.25582 -0.427997 0)
(2.2852 -0.435515 0)
(2.31298 -0.441521 0)
(2.33874 -0.447003 0)
(2.36127 -0.451982 0)
(2.37905 -0.453518 0)
(2.39272 -0.449796 0)
(2.40683 -0.444826 0)
(2.42503 -0.443175 0)
(2.44616 -0.444754 0)
(2.46823 -0.447451 0)
(2.49048 -0.449804 0)
(2.51216 -0.450972 0)
(2.53164 -0.449791 0)
(2.54755 -0.444022 0)
(2.55936 -0.433945 0)
(2.56756 -0.425863 0)
(2.57725 -0.425624 0)
(2.59334 -0.430553 0)
(2.61362 -0.437653 0)
(2.63223 -0.443987 0)
(2.6487 -0.447334 0)
(2.66165 -0.444938 0)
(2.66674 -0.439065 0)
(2.66326 -0.433354 0)
(2.665 -0.4286 0)
(2.67641 -0.42751 0)
(2.69856 -0.430473 0)
(2.72598 -0.434499 0)
(2.75134 -0.439129 0)
(2.7741 -0.440691 0)
(2.78339 -0.432529 0)
(2.77201 -0.415263 0)
(2.76627 -0.40599 0)
(2.78226 -0.407858 0)
(2.80033 -0.412411 0)
(2.81429 -0.414603 0)
(2.82735 -0.41326 0)
(2.83209 -0.411157 0)
(2.83877 -0.401751 0)
(2.84168 -0.392273 0)
(2.83804 -0.382567 0)
(2.84862 -0.355499 0)
(2.84884 -0.337935 0)
(2.83497 -0.28315 0)
(2.80802 -0.166144 0)
(2.74556 0.026267 0)
(2.6956 0.181384 0)
(2.71767 0.247646 0)
(2.64539 0.372719 0)
(2.62205 0.460248 0)
(2.62845 0.463983 0)
(2.62764 0.460218 0)
(2.62853 0.451454 0)
(2.63363 0.441107 0)
(2.64318 0.446724 0)
(2.64423 0.462323 0)
(2.64514 0.475414 0)
(2.65652 0.479307 0)
(2.66994 0.481211 0)
(2.69142 0.478893 0)
(2.63082 0.469513 0)
(1.96181 0.915576 0)
(1.80201 0.976468 0)
(1.81323 0.966408 0)
(1.84997 0.940228 0)
(1.87842 0.923008 0)
(1.90951 0.897207 0)
(1.95073 0.858235 0)
(1.97566 0.842577 0)
(1.99391 0.834015 0)
(2.02826 0.804165 0)
(2.07803 0.753504 0)
(2.09251 0.750597 0)
(2.10287 0.69804 0)
(2.01939 0.515696 0)
(1.78749 0.150425 0)
(1.63879 -0.0719909 0)
(1.63942 -0.135072 0)
(1.67853 -0.155782 0)
(1.73613 -0.180902 0)
(1.79241 -0.210604 0)
(1.83193 -0.237516 0)
(1.86399 -0.258437 0)
(1.89163 -0.274204 0)
(1.92353 -0.286753 0)
(1.96483 -0.299756 0)
(2.00767 -0.313022 0)
(2.04693 -0.327612 0)
(2.08086 -0.342335 0)
(2.11031 -0.35516 0)
(2.13611 -0.364563 0)
(2.15914 -0.369621 0)
(2.1827 -0.371429 0)
(2.21003 -0.373134 0)
(2.24004 -0.376835 0)
(2.27011 -0.382067 0)
(2.2988 -0.387333 0)
(2.32564 -0.391842 0)
(2.35046 -0.396596 0)
(2.37284 -0.401915 0)
(2.39176 -0.405438 0)
(2.40689 -0.405378 0)
(2.42122 -0.403778 0)
(2.43899 -0.403033 0)
(2.46006 -0.403552 0)
(2.48171 -0.404696 0)
(2.50242 -0.405216 0)
(2.52173 -0.404336 0)
(2.5396 -0.402347 0)
(2.55606 -0.39951 0)
(2.57054 -0.395931 0)
(2.5825 -0.392148 0)
(2.59347 -0.387708 0)
(2.60544 -0.381979 0)
(2.61954 -0.37912 0)
(2.63781 -0.382853 0)
(2.65629 -0.389629 0)
(2.67217 -0.395057 0)
(2.67983 -0.394448 0)
(2.67388 -0.389554 0)
(2.67279 -0.389747 0)
(2.68978 -0.391768 0)
(2.71261 -0.390865 0)
(2.73669 -0.388034 0)
(2.76011 -0.385939 0)
(2.78055 -0.387094 0)
(2.79369 -0.388207 0)
(2.79466 -0.380954 0)
(2.78578 -0.368303 0)
(2.77787 -0.361776 0)
(2.78705 -0.364477 0)
(2.80645 -0.367476 0)
(2.82693 -0.369409 0)
(2.84535 -0.372625 0)
(2.86053 -0.372829 0)
(2.86975 -0.367712 0)
(2.86442 -0.360707 0)
(2.85242 -0.350429 0)
(2.86156 -0.340635 0)
(2.87718 -0.339583 0)
(2.88292 -0.325187 0)
(2.87964 -0.282269 0)
(2.85664 -0.187553 0)
(2.8181 -0.028946 0)
(2.74448 0.165085 0)
(2.76608 0.212215 0)
(2.70657 0.333398 0)
(2.65339 0.478584 0)
(2.64393 0.495978 0)
(2.64741 0.474582 0)
(2.65768 0.471386 0)
(2.66588 0.473875 0)
(2.67083 0.480672 0)
(2.67639 0.498412 0)
(2.67674 0.512868 0)
(2.69277 0.506507 0)
(2.98013 0.0561452 0)
(2.48145 0.592748 0)
(1.94014 0.937833 0)
(1.83052 0.97555 0)
(1.84932 0.963425 0)
(1.88194 0.943132 0)
(1.92666 0.906008 0)
(1.95451 0.880626 0)
(1.97166 0.875512 0)
(1.99267 0.85984 0)
(2.04845 0.807875 0)
(2.07402 0.799841 0)
(2.06027 0.725616 0)
(1.95609 0.524259 0)
(1.70216 0.144463 0)
(1.58311 -0.0732895 0)
(1.61196 -0.152269 0)
(1.65058 -0.14813 0)
(1.70397 -0.143236 0)
(1.76109 -0.159235 0)
(1.81288 -0.184081 0)
(1.85668 -0.212361 0)
(1.89202 -0.237164 0)
(1.92096 -0.252506 0)
(1.95008 -0.260937 0)
(1.98509 -0.269316 0)
(2.0235 -0.279371 0)
(2.06095 -0.291095 0)
(2.09515 -0.303601 0)
(2.12572 -0.315265 0)
(2.15276 -0.324186 0)
(2.17643 -0.329242 0)
(2.1989 -0.330996 0)
(2.22417 -0.331966 0)
(2.25298 -0.334096 0)
(2.28268 -0.337356 0)
(2.31108 -0.340654 0)
(2.33722 -0.34357 0)
(2.3609 -0.347377 0)
(2.38221 -0.352534 0)
(2.40117 -0.356751 0)
(2.41784 -0.358464 0)
(2.43335 -0.359309 0)
(2.45057 -0.35958 0)
(2.47059 -0.35839 0)
(2.4912 -0.356605 0)
(2.51063 -0.355418 0)
(2.52935 -0.3552 0)
(2.54784 -0.355387 0)
(2.56526 -0.354485 0)
(2.58038 -0.351642 0)
(2.59301 -0.347787 0)
(2.60462 -0.343326 0)
(2.61658 -0.337751 0)
(2.62874 -0.331942 0)
(2.64063 -0.329844 0)
(2.65432 -0.334425 0)
(2.67026 -0.341905 0)
(2.68531 -0.347759 0)
(2.69316 -0.347606 0)
(2.69261 -0.339821 0)
(2.69571 -0.335271 0)
(2.7084 -0.335668 0)
(2.72684 -0.336105 0)
(2.747 -0.334826 0)
(2.76708 -0.331729 0)
(2.78648 -0.327696 0)
(2.80207 -0.324539 0)
(2.80608 -0.324606 0)
(2.80078 -0.324958 0)
(2.80218 -0.321075 0)
(2.81358 -0.319045 0)
(2.82831 -0.319276 0)
(2.84381 -0.322608 0)
(2.85866 -0.3249 0)
(2.87323 -0.326415 0)
(2.88439 -0.327965 0)
(2.88098 -0.322247 0)
(2.86964 -0.314619 0)
(2.88495 -0.30821 0)
(2.89757 -0.30619 0)
(2.91167 -0.299926 0)
(2.92307 -0.292514 0)
(2.91802 -0.265077 0)
(2.89494 -0.195334 0)
(2.87372 -0.0859441 0)
(2.80263 0.0906977 0)
(2.78881 0.198012 0)
(2.76815 0.312009 0)
(2.68786 0.474379 0)
(2.67831 0.52495 0)
(2.68206 0.498755 0)
(2.69325 0.495907 0)
(2.70111 0.502693 0)
(2.69883 0.518832 0)
(2.70256 0.531227 0)
(2.99954 0.00221217 0)
(2.95156 0.101426 0)
(2.36831 0.679907 0)
(1.93398 0.95385 0)
(1.85895 0.974739 0)
(1.8821 0.960708 0)
(1.92471 0.9292 0)
(1.95563 0.906324 0)
(1.9676 0.901827 0)
(2.01664 0.860617 0)
(2.04423 0.847607 0)
(2.03075 0.764587 0)
(1.88564 0.502826 0)
(1.62476 0.141917 0)
(1.57408 0.0141401 0)
(1.59579 -0.0559142 0)
(1.64491 -0.0980278 0)
(1.68448 -0.118073 0)
(1.73336 -0.129791 0)
(1.78224 -0.14885 0)
(1.8295 -0.166841 0)
(1.87434 -0.181863 0)
(1.91229 -0.197205 0)
(1.9432 -0.213035 0)
(1.97193 -0.226965 0)
(2.00344 -0.236967 0)
(2.03812 -0.244633 0)
(2.07348 -0.252511 0)
(2.10737 -0.261426 0)
(2.13858 -0.271276 0)
(2.16646 -0.280817 0)
(2.19089 -0.288089 0)
(2.21339 -0.291357 0)
(2.23699 -0.291132 0)
(2.26317 -0.289646 0)
(2.29073 -0.288955 0)
(2.3182 -0.289541 0)
(2.34457 -0.291832 0)
(2.36913 -0.29717 0)
(2.39123 -0.305076 0)
(2.41098 -0.311601 0)
(2.42926 -0.313784 0)
(2.44596 -0.314812 0)
(2.46232 -0.317043 0)
(2.48103 -0.317407 0)
(2.50198 -0.313996 0)
(2.52137 -0.308326 0)
(2.53671 -0.303352 0)
(2.54943 -0.300864 0)
(2.5627 -0.299827 0)
(2.57862 -0.298835 0)
(2.59693 -0.298874 0)
(2.61507 -0.299765 0)
(2.63105 -0.299808 0)
(2.64549 -0.297661 0)
(2.65912 -0.294321 0)
(2.67083 -0.292872 0)
(2.6792 -0.293441 0)
(2.68789 -0.292577 0)
(2.69952 -0.290454 0)
(2.71042 -0.291432 0)
(2.71976 -0.296884 0)
(2.7321 -0.303849 0)
(2.74717 -0.305651 0)
(2.76304 -0.302224 0)
(2.77977 -0.296026 0)
(2.79314 -0.287029 0)
(2.79742 -0.277499 0)
(2.79532 -0.26964 0)
(2.80092 -0.26941 0)
(2.81516 -0.273229 0)
(2.83007 -0.277921 0)
(2.84751 -0.285162 0)
(2.86368 -0.287237 0)
(2.87361 -0.282926 0)
(2.87991 -0.281673 0)
(2.8818 -0.283444 0)
(2.88289 -0.280264 0)
(2.88305 -0.277622 0)
(2.8914 -0.273775 0)
(2.90622 -0.272891 0)
(2.92072 -0.272521 0)
(2.93495 -0.267599 0)
(2.93931 -0.260372 0)
(2.93622 -0.254824 0)
(2.9412 -0.23177 0)
(2.93464 -0.195737 0)
(2.91149 -0.111775 0)
(2.86464 0.0338357 0)
(2.81789 0.189341 0)
(2.81777 0.292074 0)
(2.73584 0.467109 0)
(2.72393 0.52861 0)
(2.72582 0.509609 0)
(2.72572 0.527182 0)
(2.72796 0.536158 0)
(3 8.40571e-06 0)
(2.99879 0.00546447 0)
(2.90643 0.160999 0)
(2.29645 0.7386 0)
(1.93732 0.96648 0)
(1.89253 0.970091 0)
(1.91975 0.951149 0)
(1.94456 0.934132 0)
(1.98951 0.904813 0)
(2.0151 0.889223 0)
(1.99705 0.791151 0)
(1.79816 0.483519 0)
(1.56154 0.142838 0)
(1.52212 -0.0132452 0)
(1.55582 -0.041388 0)
(1.59952 -0.0411468 0)
(1.65391 -0.0621212 0)
(1.70855 -0.096952 0)
(1.7585 -0.124991 0)
(1.80323 -0.136808 0)
(1.84619 -0.145226 0)
(1.88774 -0.154864 0)
(1.92594 -0.166581 0)
(1.95961 -0.179902 0)
(1.99014 -0.193101 0)
(2.02065 -0.203094 0)
(2.05309 -0.209678 0)
(2.08678 -0.215601 0)
(2.12012 -0.222367 0)
(2.15154 -0.23035 0)
(2.17966 -0.238902 0)
(2.20405 -0.246665 0)
(2.22632 -0.251664 0)
(2.24937 -0.253137 0)
(2.27472 -0.252054 0)
(2.30142 -0.25023 0)
(2.328 -0.248508 0)
(2.35323 -0.247429 0)
(2.37632 -0.248829 0)
(2.39718 -0.253735 0)
(2.41636 -0.259427 0)
(2.43547 -0.26183 0)
(2.45432 -0.26283 0)
(2.47077 -0.266549 0)
(2.4856 -0.271068 0)
(2.50412 -0.271368 0)
(2.52711 -0.266461 0)
(2.54851 -0.26063 0)
(2.56539 -0.257723 0)
(2.57941 -0.256825 0)
(2.59279 -0.2552 0)
(2.60563 -0.252842 0)
(2.61893 -0.251057 0)
(2.63491 -0.250244 0)
(2.65246 -0.249498 0)
(2.66888 -0.247839 0)
(2.68342 -0.246408 0)
(2.69525 -0.246848 0)
(2.70259 -0.244565 0)
(2.70787 -0.239055 0)
(2.71256 -0.238159 0)
(2.71815 -0.246245 0)
(2.73063 -0.255778 0)
(2.75234 -0.25927 0)
(2.77468 -0.258205 0)
(2.79262 -0.256218 0)
(2.80188 -0.249106 0)
(2.80656 -0.239525 0)
(2.80809 -0.228711 0)
(2.80901 -0.219765 0)
(2.81279 -0.220403 0)
(2.82141 -0.226494 0)
(2.8365 -0.231644 0)
(2.85903 -0.23569 0)
(2.87993 -0.23889 0)
(2.89689 -0.245507 0)
(2.89916 -0.250147 0)
(2.89467 -0.249611 0)
(2.89387 -0.247721 0)
(2.90445 -0.238305 0)
(2.91921 -0.23348 0)
(2.92771 -0.229926 0)
(2.93237 -0.226113 0)
(2.94185 -0.223888 0)
(2.95077 -0.22223 0)
(2.95541 -0.222205 0)
(2.96314 -0.216238 0)
(2.96728 -0.206656 0)
(2.96285 -0.17481 0)
(2.95174 -0.116401 0)
(2.92265 -0.000733441 0)
(2.87701 0.143915 0)
(2.85431 0.257589 0)
(2.77134 0.447108 0)
(2.76746 0.500845 0)
(2.76063 0.545891 0)
(3 1.11414e-08 0)
(2.99999 3.47679e-05 0)
(2.99723 0.0102373 0)
(2.84542 0.232019 0)
(2.26279 0.774173 0)
(1.95433 0.963402 0)
(1.92528 0.967146 0)
(1.94126 0.952915 0)
(1.97917 0.935336 0)
(1.94466 0.810884 0)
(1.74548 0.467955 0)
(1.47815 0.15909 0)
(1.47218 0.069651 0)
(1.52405 0.0111435 0)
(1.57672 -0.0243511 0)
(1.61327 -0.0465217 0)
(1.65538 -0.0656762 0)
(1.70787 -0.0861509 0)
(1.76025 -0.102611 0)
(1.80878 -0.111872 0)
(1.85276 -0.117197 0)
(1.89252 -0.122199 0)
(1.92911 -0.129615 0)
(1.9639 -0.140306 0)
(1.99753 -0.151872 0)
(2.03053 -0.161879 0)
(2.06363 -0.169273 0)
(2.09655 -0.175127 0)
(2.12823 -0.180548 0)
(2.15786 -0.186526 0)
(2.18531 -0.19323 0)
(2.21065 -0.199755 0)
(2.23415 -0.20409 0)
(2.25685 -0.205322 0)
(2.28011 -0.203875 0)
(2.30435 -0.2014 0)
(2.32886 -0.198993 0)
(2.35278 -0.197544 0)
(2.37573 -0.198535 0)
(2.39797 -0.203108 0)
(2.4206 -0.210783 0)
(2.44458 -0.217017 0)
(2.46865 -0.219566 0)
(2.48888 -0.221355 0)
(2.50269 -0.225165 0)
(2.51249 -0.226896 0)
(2.52361 -0.220372 0)
(2.54223 -0.209607 0)
(2.56256 -0.202459 0)
(2.57906 -0.201308 0)
(2.59365 -0.204867 0)
(2.61212 -0.209488 0)
(2.63268 -0.211935 0)
(2.65162 -0.21166 0)
(2.6682 -0.20955 0)
(2.6836 -0.206688 0)
(2.6978 -0.204318 0)
(2.71042 -0.203151 0)
(2.71993 -0.201873 0)
(2.72634 -0.201288 0)
(2.73548 -0.20612 0)
(2.74724 -0.212464 0)
(2.75568 -0.214151 0)
(2.75979 -0.213834 0)
(2.76355 -0.21257 0)
(2.7784 -0.206377 0)
(2.79759 -0.199691 0)
(2.81169 -0.192248 0)
(2.82134 -0.184841 0)
(2.82673 -0.183567 0)
(2.8345 -0.188189 0)
(2.8471 -0.191156 0)
(2.85793 -0.189565 0)
(2.86368 -0.187249 0)
(2.86898 -0.189141 0)
(2.88077 -0.192644 0)
(2.89559 -0.194412 0)
(2.90511 -0.193356 0)
(2.90466 -0.194762 0)
(2.88837 -0.192948 0)
(2.89537 -0.185063 0)
(2.91537 -0.183731 0)
(2.93163 -0.18419 0)
(2.94588 -0.185004 0)
(2.95868 -0.186354 0)
(2.96882 -0.189085 0)
(2.97662 -0.187543 0)
(2.98468 -0.190442 0)
(2.99421 -0.164095 0)
(2.99374 -0.159972 0)
(2.98476 -0.14027 0)
(2.972 -0.109157 0)
(2.94928 -0.0412979 0)
(2.90583 0.0799722 0)
(2.868 0.221595 0)
(2.83005 0.429242 0)
(3 2.33044e-12 0)
(3 5.69802e-08 0)
(2.99997 0.00010152 0)
(2.99358 0.0172699 0)
(2.79862 0.292534 0)
(2.24281 0.80245 0)
(1.96224 0.964189 0)
(1.95548 0.968408 0)
(1.89902 0.838902 0)
(1.59431 0.435693 0)
(1.43127 0.166446 0)
(1.39589 0.0756267 0)
(1.44395 0.0583671 0)
(1.49929 0.0362463 0)
(1.56776 0.000799695 0)
(1.61511 -0.03014 0)
(1.65815 -0.0502837 0)
(1.7052 -0.0622254 0)
(1.75533 -0.0721112 0)
(1.80493 -0.080437 0)
(1.85112 -0.0861076 0)
(1.89178 -0.0906596 0)
(1.92834 -0.0961917 0)
(1.96376 -0.103622 0)
(2.00057 -0.112651 0)
(2.03765 -0.122072 0)
(2.07375 -0.13 0)
(2.10815 -0.1362 0)
(2.13985 -0.141153 0)
(2.16831 -0.145711 0)
(2.19406 -0.150235 0)
(2.21855 -0.154693 0)
(2.24368 -0.158102 0)
(2.26949 -0.159753 0)
(2.29472 -0.160022 0)
(2.31936 -0.160259 0)
(2.34438 -0.160577 0)
(2.36914 -0.160971 0)
(2.39256 -0.162318 0)
(2.41418 -0.163775 0)
(2.43328 -0.165229 0)
(2.44992 -0.166972 0)
(2.466 -0.167942 0)
(2.48334 -0.167971 0)
(2.49974 -0.169973 0)
(2.514 -0.175099 0)
(2.5321 -0.176272 0)
(2.55245 -0.171024 0)
(2.57512 -0.165147 0)
(2.59631 -0.162438 0)
(2.61163 -0.162196 0)
(2.61897 -0.16127 0)
(2.62723 -0.160684 0)
(2.6427 -0.159195 0)
(2.66169 -0.156618 0)
(2.68019 -0.155122 0)
(2.69608 -0.157996 0)
(2.70642 -0.162915 0)
(2.71102 -0.164018 0)
(2.71513 -0.161861 0)
(2.72658 -0.159044 0)
(2.7466 -0.159446 0)
(2.76637 -0.163969 0)
(2.78053 -0.169524 0)
(2.78823 -0.169499 0)
(2.79193 -0.161983 0)
(2.79479 -0.157403 0)
(2.80071 -0.154273 0)
(2.80697 -0.151371 0)
(2.81408 -0.148828 0)
(2.82574 -0.144102 0)
(2.84272 -0.141372 0)
(2.86152 -0.142379 0)
(2.87842 -0.145078 0)
(2.88976 -0.145763 0)
(2.89468 -0.143456 0)
(2.89638 -0.145383 0)
(2.89665 -0.150786 0)
(2.89249 -0.151709 0)
(2.88988 -0.148555 0)
(2.89455 -0.14247 0)
(2.90176 -0.139285 0)
(2.91494 -0.141035 0)
(2.93112 -0.1404 0)
(2.94603 -0.142914 0)
(2.95917 -0.14674 0)
(2.9693 -0.149333 0)
(2.97607 -0.153673 0)
(2.97918 -0.146308 0)
(2.98029 -0.137722 0)
(2.97505 -0.142732 0)
(2.97293 -0.135559 0)
(2.97892 -0.119939 0)
(2.97776 -0.101207 0)
(2.97143 -0.0560679 0)
(2.946 0.118754 0)
(3 1.34556e-15 0)
(3 1.74891e-11 0)
(3 2.26186e-07 0)
(2.99993 0.00021149 0)
(2.98677 0.0306229 0)
(2.86031 0.315556 0)
(2.12029 0.930784 0)
(2.00195 0.903373 0)
(1.44983 0.41694 0)
(1.27047 0.186193 0)
(1.29418 0.11118 0)
(1.36358 0.0748977 0)
(1.41944 0.0494419 0)
(1.47701 0.0250771 0)
(1.54159 0.00276481 0)
(1.59652 -0.0193731 0)
(1.65222 -0.0360627 0)
(1.70514 -0.0452197 0)
(1.75605 -0.050023 0)
(1.80455 -0.0550504 0)
(1.8493 -0.0603103 0)
(1.89095 -0.065456 0)
(1.93142 -0.0709706 0)
(1.97181 -0.0760776 0)
(2.01259 -0.0813322 0)
(2.05249 -0.0864292 0)
(2.09041 -0.0915683 0)
(2.12598 -0.0967361 0)
(2.15829 -0.101489 0)
(2.18643 -0.105805 0)
(2.21114 -0.109802 0)
(2.23562 -0.112431 0)
(2.26176 -0.112624 0)
(2.28863 -0.111814 0)
(2.3145 -0.111264 0)
(2.33689 -0.111144 0)
(2.35416 -0.11095 0)
(2.36954 -0.110669 0)
(2.38682 -0.111328 0)
(2.40653 -0.11222 0)
(2.4276 -0.1142 0)
(2.45 -0.118044 0)
(2.47377 -0.1229 0)
(2.49544 -0.126401 0)
(2.51224 -0.124252 0)
(2.52735 -0.11816 0)
(2.5396 -0.118327 0)
(2.54951 -0.124902 0)
(2.561 -0.125396 0)
(2.57537 -0.117867 0)
(2.59062 -0.111984 0)
(2.60843 -0.110943 0)
(2.62872 -0.112382 0)
(2.64984 -0.112817 0)
(2.67114 -0.112589 0)
(2.69166 -0.113412 0)
(2.70753 -0.115291 0)
(2.71407 -0.116272 0)
(2.71338 -0.115433 0)
(2.71556 -0.113661 0)
(2.72729 -0.111811 0)
(2.7431 -0.11057 0)
(2.75923 -0.111133 0)
(2.77429 -0.111287 0)
(2.78798 -0.109903 0)
(2.79993 -0.108816 0)
(2.80725 -0.108591 0)
(2.8082 -0.107439 0)
(2.80859 -0.106916 0)
(2.81661 -0.106579 0)
(2.8318 -0.10401 0)
(2.84696 -0.100059 0)
(2.86026 -0.0965801 0)
(2.87222 -0.0932976 0)
(2.8849 -0.0914886 0)
(2.89796 -0.0931584 0)
(2.90772 -0.0973786 0)
(2.90942 -0.103021 0)
(2.90158 -0.104718 0)
(2.89161 -0.0990228 0)
(2.89317 -0.0946261 0)
(2.90576 -0.0935915 0)
(2.92207 -0.0945467 0)
(2.93822 -0.0933225 0)
(2.9538 -0.0953827 0)
(2.96754 -0.0991232 0)
(2.97733 -0.101823 0)
(2.98102 -0.105161 0)
(2.97771 -0.102293 0)
(2.97251 -0.094938 0)
(2.969 -0.101875 0)
(2.97457 -0.0933129 0)
(2.98195 -0.0918309 0)
(2.99416 -0.0891944 0)
(3.0038 -0.0824873 0)
(3.00927 -0.0579366 0)
(3 -6.5457e-18 0)
(3 2.24531e-15 0)
(3 1.18613e-10 0)
(3 4.44839e-07 0)
(2.99975 0.000687149 0)
(3.00688 0.0242651 0)
(2.65779 0.490993 0)
(1.55064 0.345544 0)
(1.09029 0.186163 0)
(1.12139 0.105555 0)
(1.21367 0.0730371 0)
(1.31126 0.0501387 0)
(1.38428 0.0291962 0)
(1.45059 0.0155936 0)
(1.51625 -0.00238673 0)
(1.58358 -0.0141774 0)
(1.64739 -0.025734 0)
(1.70154 -0.0295429 0)
(1.75121 -0.0313233 0)
(1.79759 -0.0340651 0)
(1.8411 -0.0371796 0)
(1.88322 -0.0405696 0)
(1.92478 -0.0431897 0)
(1.96661 -0.0451246 0)
(2.00771 -0.0471421 0)
(2.04741 -0.0491701 0)
(2.08497 -0.0517436 0)
(2.11956 -0.0551702 0)
(2.1505 -0.0587491 0)
(2.17794 -0.0618376 0)
(2.20288 -0.0640234 0)
(2.2269 -0.0654507 0)
(2.25117 -0.0659624 0)
(2.27625 -0.0649461 0)
(2.3021 -0.062829 0)
(2.3284 -0.0617814 0)
(2.35427 -0.0630059 0)
(2.37874 -0.0658895 0)
(2.40172 -0.0682007 0)
(2.42458 -0.0695689 0)
(2.44772 -0.0712035 0)
(2.46848 -0.0731812 0)
(2.48431 -0.0754448 0)
(2.50118 -0.0780267 0)
(2.52626 -0.0769593 0)
(2.5492 -0.0735673 0)
(2.56949 -0.0739974 0)
(2.57836 -0.0780478 0)
(2.57454 -0.0788807 0)
(2.58194 -0.0751124 0)
(2.59717 -0.0714392 0)
(2.61702 -0.069526 0)
(2.63831 -0.0689372 0)
(2.65984 -0.0687333 0)
(2.68097 -0.0688553 0)
(2.70039 -0.0694225 0)
(2.71542 -0.0703352 0)
(2.723 -0.0709481 0)
(2.72273 -0.0694938 0)
(2.72297 -0.0662446 0)
(2.73306 -0.0653229 0)
(2.7503 -0.0668522 0)
(2.7694 -0.0688271 0)
(2.78759 -0.0694353 0)
(2.80383 -0.069145 0)
(2.81633 -0.0686624 0)
(2.82148 -0.0688409 0)
(2.81869 -0.0695819 0)
(2.81651 -0.0684935 0)
(2.82412 -0.0640556 0)
(2.83749 -0.0598641 0)
(2.85288 -0.0576017 0)
(2.86805 -0.0571279 0)
(2.88242 -0.0563911 0)
(2.89662 -0.0565244 0)
(2.9098 -0.0591324 0)
(2.91923 -0.0616905 0)
(2.92153 -0.0630739 0)
(2.91411 -0.0608085 0)
(2.90229 -0.0585472 0)
(2.90341 -0.0586924 0)
(2.91636 -0.0579711 0)
(2.93162 -0.0578732 0)
(2.94798 -0.0570206 0)
(2.96469 -0.0592028 0)
(2.97925 -0.0625506 0)
(2.98975 -0.0646175 0)
(2.99397 -0.0662412 0)
(2.98956 -0.0645948 0)
(2.97939 -0.0585964 0)
(2.97486 -0.0646172 0)
(2.98293 -0.0598932 0)
(2.99316 -0.0629931 0)
(3.00477 -0.058253 0)
(3.01254 -0.0590806 0)
(3.02517 -0.0429617 0)
(3 3.45548e-16 0)
(3 5.54834e-16 0)
(3 7.97487e-15 0)
(3 2.99711e-10 0)
(3 9.36814e-07 0)
(2.99998 0.000856122 0)
(2.72696 0.0331473 0)
(0.883639 0.139861 0)
(0.815931 0.16464 0)
(0.981299 0.139608 0)
(1.13981 0.1037 0)
(1.27646 0.074118 0)
(1.37659 0.0429599 0)
(1.44876 0.0244999 0)
(1.51538 0.00938789 0)
(1.58648 0.000206799 0)
(1.65271 -0.00686756 0)
(1.70723 -0.00822054 0)
(1.75638 -0.00916597 0)
(1.80119 -0.0102255 0)
(1.84444 -0.0112182 0)
(1.88835 -0.0124379 0)
(1.93356 -0.0139139 0)
(1.97864 -0.0153903 0)
(2.02133 -0.0160118 0)
(2.06162 -0.0164913 0)
(2.09915 -0.0174845 0)
(2.13321 -0.0188612 0)
(2.16397 -0.0203768 0)
(2.19236 -0.0218045 0)
(2.21895 -0.022763 0)
(2.24347 -0.022993 0)
(2.26618 -0.0225429 0)
(2.28921 -0.0217974 0)
(2.31444 -0.02156 0)
(2.34164 -0.0222846 0)
(2.36952 -0.0236756 0)
(2.39603 -0.0246951 0)
(2.42005 -0.0247459 0)
(2.44083 -0.0239322 0)
(2.45898 -0.0239291 0)
(2.47746 -0.025783 0)
(2.49885 -0.0276832 0)
(2.52025 -0.0266671 0)
(2.53868 -0.0262891 0)
(2.5518 -0.0296946 0)
(2.56025 -0.028873 0)
(2.56595 -0.02582 0)
(2.57126 -0.0274364 0)
(2.5748 -0.0330043 0)
(2.58284 -0.0351913 0)
(2.59784 -0.0352451 0)
(2.61749 -0.0353373 0)
(2.63873 -0.0353908 0)
(2.6596 -0.0353996 0)
(2.67858 -0.0354029 0)
(2.69365 -0.0357654 0)
(2.7018 -0.0364046 0)
(2.7021 -0.0361718 0)
(2.70273 -0.0350571 0)
(2.7133 -0.0350923 0)
(2.731 -0.0359927 0)
(2.75036 -0.037459 0)
(2.76852 -0.0386174 0)
(2.78385 -0.0391271 0)
(2.79436 -0.0390566 0)
(2.79695 -0.0389966 0)
(2.79207 -0.0378316 0)
(2.79226 -0.0354062 0)
(2.80365 -0.0333129 0)
(2.8198 -0.0321285 0)
(2.83699 -0.0320277 0)
(2.85273 -0.0331911 0)
(2.8663 -0.0329839 0)
(2.87874 -0.0325248 0)
(2.89006 -0.0339474 0)
(2.8985 -0.0349386 0)
(2.90187 -0.0364978 0)
(2.89657 -0.0366828 0)
(2.88386 -0.03523 0)
(2.88437 -0.0336631 0)
(2.89713 -0.03243 0)
(2.91257 -0.0321512 0)
(2.92972 -0.0315199 0)
(2.947 -0.0330138 0)
(2.96174 -0.035752 0)
(2.97161 -0.0372252 0)
(2.9749 -0.0382899 0)
(2.96881 -0.0373552 0)
(2.95725 -0.0333606 0)
(2.9537 -0.0365733 0)
(2.96415 -0.0346206 0)
(2.97658 -0.0362966 0)
(2.98913 -0.0350708 0)
(2.99898 -0.033657 0)
(3.01266 -0.0315822 0)
)
;

boundaryField
{
    inlet
    {
        type            fixedValue;
        value           uniform (3 0 0);
    }
    outlet
    {
        type            inletOutlet;
        inletValue      uniform (3 0 0);
        value           nonuniform List<vector> 
32
(
(2.4887 0.00777769 0)
(2.49045 0.0172038 0)
(2.4815 0.0340913 0)
(2.47876 0.0539722 0)
(2.48117 0.069602 0)
(2.48584 0.0859862 0)
(2.49063 0.109295 0)
(2.49881 0.133584 0)
(2.50828 0.161086 0)
(2.52356 0.183988 0)
(2.54222 0.209743 0)
(2.5686 0.222704 0)
(2.58834 0.241882 0)
(2.60054 0.259843 0)
(2.59525 0.271331 0)
(2.59341 0.286358 0)
(2.60263 0.303427 0)
(2.6187 0.326978 0)
(2.64157 0.352819 0)
(2.65177 0.392861 0)
(2.67063 0.4224 0)
(2.69328 0.443766 0)
(2.69142 0.478893 0)
(2.69277 0.506507 0)
(2.70256 0.531227 0)
(2.72796 0.536158 0)
(2.76063 0.545891 0)
(2.83005 0.429242 0)
(2.946 0.118754 0)
(3.00927 -0.0579366 0)
(3.02517 -0.0429617 0)
(3.01266 -0.0315822 0)
)
;
    }
    bottom
    {
        type            symmetryPlane;
    }
    top
    {
        type            symmetryPlane;
    }
    obstacle
    {
        type            slip;
    }
    defaultFaces
    {
        type            empty;
    }
}


// ************************************************************************* //
