/*--------------------------------*- C++ -*----------------------------------*\
  =========                 |
  \\      /  F ield         | OpenFOAM: The Open Source CFD Toolbox
   \\    /   O peration     | Website:  https://openfoam.org
    \\  /    A nd           | Version:  7
     \\/     M anipulation  |
\*---------------------------------------------------------------------------*/
FoamFile
{
    version     2.0;
    format      ascii;
    class       volVectorField;
    location    "1.6";
    object      U;
}
// * * * * * * * * * * * * * * * * * * * * * * * * * * * * * * * * * * * * * //

dimensions      [0 1 -1 0 0 0 0];

internalField   nonuniform List<vector> 
4032
(
(3 3.91096e-18 0)
(3 5.76194e-17 0)
(3 -5.79746e-17 0)
(3 -1.34624e-16 0)
(3 -5.41419e-17 0)
(3 -2.70929e-16 0)
(3 -5.37084e-16 0)
(3 -1.26284e-16 0)
(3 4.26277e-16 0)
(3 8.21023e-16 0)
(3 3.74207e-16 0)
(3 -2.59928e-16 0)
(1.93569 0.012572 0)
(0.772379 0.0158334 0)
(0.656785 0.0269944 0)
(0.59704 0.0264659 0)
(0.536708 0.0262015 0)
(0.477459 0.0280476 0)
(0.414289 0.0311445 0)
(0.347262 0.0336025 0)
(0.277477 0.0346288 0)
(0.201432 0.0365316 0)
(0.125604 0.0383582 0)
(0.0465644 0.0431797 0)
(3 3.95372e-17 0)
(3 2.14458e-17 0)
(3 -1.55865e-16 0)
(3 -6.09034e-16 0)
(3 -2.82571e-16 0)
(3 -2.97508e-16 0)
(3 -2.77435e-16 0)
(3 -1.49522e-16 0)
(3 1.39434e-16 0)
(3 2.80143e-16 0)
(3 6.35743e-16 0)
(3 -6.59469e-17 0)
(1.96708 0.0627411 0)
(0.765127 0.0708871 0)
(0.641247 0.0836647 0)
(0.581695 0.0802421 0)
(0.520826 0.079276 0)
(0.460587 0.0845094 0)
(0.397047 0.0931395 0)
(0.330895 0.100529 0)
(0.26284 0.104086 0)
(0.190641 0.11123 0)
(0.118052 0.117864 0)
(0.0439963 0.13184 0)
(3 1.47451e-17 0)
(3 -1.65191e-16 0)
(3 -7.98732e-16 0)
(3 -1.26301e-15 0)
(3 -1.69508e-15 0)
(3 -1.61973e-15 0)
(3 -8.29369e-16 0)
(3 -6.47504e-16 0)
(3 -7.75853e-16 0)
(3 -7.12874e-16 0)
(3 -7.15094e-16 0)
(3 -2.18806e-15 0)
(2.08654 0.117514 0)
(0.788159 0.131522 0)
(0.651769 0.140599 0)
(0.590742 0.136038 0)
(0.525361 0.135559 0)
(0.460692 0.144466 0)
(0.393471 0.157373 0)
(0.325306 0.167947 0)
(0.256261 0.172079 0)
(0.185589 0.182597 0)
(0.113484 0.192273 0)
(0.0432174 0.213784 0)
(3 -2.27802e-16 0)
(3 -2.8425e-16 0)
(3 -2.45905e-16 0)
(3 -6.74056e-16 0)
(3 -9.33937e-16 0)
(3 -9.17891e-16 0)
(3 -7.52184e-16 0)
(3 -3.74691e-16 0)
(3 -2.14391e-16 0)
(3 -7.1444e-16 0)
(3 -2.28083e-15 0)
(3 -2.72439e-15 0)
(2.28458 0.155594 0)
(0.832 0.19093 0)
(0.671306 0.196763 0)
(0.60762 0.192841 0)
(0.537225 0.194958 0)
(0.469707 0.207794 0)
(0.401909 0.224488 0)
(0.334348 0.238288 0)
(0.264764 0.243193 0)
(0.193497 0.256948 0)
(0.118676 0.269394 0)
(0.0449537 0.296618 0)
(3 -1.14406e-16 0)
(3 -2.31415e-17 0)
(3 4.92711e-16 0)
(3 6.91669e-16 0)
(3 5.22949e-16 0)
(3 4.4603e-16 0)
(3 7.58994e-17 0)
(3 1.52013e-16 0)
(3 4.78276e-16 0)
(3 -5.99582e-16 0)
(3 -1.05841e-15 0)
(3 -7.93457e-16 0)
(2.53126 0.182214 0)
(0.886646 0.258836 0)
(0.691728 0.254721 0)
(0.634832 0.254919 0)
(0.568401 0.258419 0)
(0.50349 0.272647 0)
(0.43782 0.290933 0)
(0.372588 0.307838 0)
(0.302594 0.314339 0)
(0.229155 0.33275 0)
(0.143253 0.352821 0)
(0.0578742 0.390574 0)
(3 4.0221e-17 0)
(3 7.23662e-17 0)
(3 1.51966e-17 0)
(3 6.60376e-17 0)
(3 3.6016e-16 0)
(3 1.37895e-16 0)
(3 -3.33771e-16 0)
(3 -6.26006e-16 0)
(3 -4.41458e-16 0)
(3 -5.05638e-16 0)
(3 -6.2957e-16 0)
(3 -1.0253e-15 0)
(2.83701 0.151647 0)
(0.994388 0.31854 0)
(0.7465 0.292981 0)
(0.699037 0.295824 0)
(0.635128 0.307303 0)
(0.570886 0.327856 0)
(0.50431 0.350936 0)
(0.437902 0.37437 0)
(0.361508 0.389387 0)
(0.275844 0.423049 0)
(0.174838 0.462012 0)
(0.061066 0.51082 0)
(3 -5.4012e-17 0)
(3 -2.35513e-17 0)
(3 -3.2301e-16 0)
(3 -6.7985e-16 0)
(3 -4.93826e-16 0)
(3 -1.99901e-16 0)
(3 -2.50826e-16 0)
(3 -4.50738e-16 0)
(3 -1.18481e-15 0)
(3 -1.04156e-15 0)
(3 -8.9846e-16 0)
(3 -1.2049e-15 0)
(3.02373 0.0223011 0)
(1.13448 0.341543 0)
(0.791129 0.322899 0)
(0.749708 0.345658 0)
(0.693546 0.363178 0)
(0.637663 0.386121 0)
(0.576669 0.411254 0)
(0.513741 0.442623 0)
(0.435106 0.473013 0)
(0.353649 0.520048 0)
(0.251927 0.581098 0)
(0.108836 0.659798 0)
(3 1.31651e-16 0)
(3 4.68751e-16 0)
(3 4.37255e-16 0)
(3 5.54499e-16 0)
(3 4.35804e-16 0)
(3 5.57472e-16 0)
(3 6.54873e-16 0)
(3 5.56823e-16 0)
(3 3.88537e-16 0)
(3 2.35831e-16 0)
(3 2.96432e-16 0)
(3 1.01518e-16 0)
(3.00289 0.000390934 0)
(1.30935 0.354662 0)
(0.795147 0.37462 0)
(0.739046 0.398347 0)
(0.687937 0.418364 0)
(0.64139 0.445389 0)
(0.594895 0.477819 0)
(0.547712 0.517902 0)
(0.48908 0.56066 0)
(0.414916 0.632661 0)
(0.284732 0.753605 0)
(0.157247 0.931751 0)
(3 7.40793e-17 0)
(3 9.92373e-17 0)
(3 -8.24158e-18 0)
(3 1.98669e-16 0)
(3 -2.0332e-16 0)
(3 -3.33117e-16 0)
(3 1.67176e-16 0)
(3 5.08419e-16 0)
(3 8.4382e-16 0)
(3 3.74447e-16 0)
(3 2.21125e-16 0)
(3 -1.08559e-16 0)
(3.00001 -1.93774e-07 0)
(1.63734 0.418646 0)
(0.810944 0.439429 0)
(0.731892 0.445915 0)
(0.693204 0.465928 0)
(0.656524 0.491169 0)
(0.621161 0.525553 0)
(0.588414 0.572323 0)
(0.54815 0.634642 0)
(0.507639 0.748993 0)
(0.473029 0.924986 0)
(0.584369 1.21422 0)
(3 -8.52217e-17 0)
(3 -5.25858e-16 0)
(3 -1.03303e-15 0)
(3 -1.63224e-15 0)
(3 -1.88203e-15 0)
(3 -2.11491e-15 0)
(3 -1.94869e-15 0)
(3 -1.72699e-15 0)
(3 -1.50866e-15 0)
(3 -1.51352e-15 0)
(3 -9.67282e-16 0)
(3 8.2404e-17 0)
(3 -3.12729e-07 0)
(2.21076 0.438323 0)
(0.905809 0.537513 0)
(0.785482 0.486432 0)
(0.748511 0.500373 0)
(0.709675 0.529685 0)
(0.673172 0.567146 0)
(0.647536 0.618952 0)
(0.630054 0.694706 0)
(0.627615 0.820082 0)
(0.689592 0.96986 0)
(0.976628 1.14802 0)
(3 -6.33496e-17 0)
(3 -2.13293e-16 0)
(3 -1.91566e-16 0)
(3 -2.11832e-16 0)
(3 -7.78418e-16 0)
(3 -1.66064e-15 0)
(3 -1.98593e-15 0)
(3 -1.90455e-15 0)
(3 -1.7226e-15 0)
(3 -7.45441e-16 0)
(3 -4.19602e-16 0)
(3 -3.42752e-16 0)
(3 -7.71139e-08 0)
(2.95624 0.187949 0)
(1.13585 0.57136 0)
(0.890544 0.516704 0)
(0.843934 0.536356 0)
(0.799073 0.568583 0)
(0.756346 0.606363 0)
(0.728015 0.656796 0)
(0.725612 0.731071 0)
(0.751519 0.841357 0)
(0.87296 0.964641 0)
(1.1876 1.07049 0)
(3 -1.69578e-16 0)
(3 -1.63207e-16 0)
(3 1.64498e-16 0)
(3 2.93727e-16 0)
(3 4.71718e-17 0)
(3 -1.5815e-16 0)
(3 -5.03072e-16 0)
(3 -8.60453e-16 0)
(3 -8.05059e-16 0)
(3 2.63516e-16 0)
(3 1.80655e-16 0)
(3 -3.4951e-16 0)
(3 -7.46698e-09 0)
(3.04499 0.00807091 0)
(1.39273 0.550618 0)
(0.918993 0.602359 0)
(0.856656 0.605318 0)
(0.831025 0.632166 0)
(0.813625 0.666972 0)
(0.805507 0.706165 0)
(0.818503 0.764014 0)
(0.868434 0.844403 0)
(1.01054 0.941422 0)
(1.27999 1.00604 0)
(3 8.49207e-17 0)
(3 -1.57493e-17 0)
(3 -3.40926e-16 0)
(3 -2.48819e-16 0)
(3 6.61384e-16 0)
(3 6.81505e-16 0)
(3 3.75821e-16 0)
(3 -2.96966e-16 0)
(3 -4.19378e-16 0)
(3 -4.32773e-16 0)
(3 -6.71467e-16 0)
(3 -1.09471e-15 0)
(3 -1.85712e-10 0)
(3.00102 -4.27743e-06 0)
(1.94329 0.565126 0)
(0.972543 0.676054 0)
(0.9027 0.643452 0)
(0.887683 0.659143 0)
(0.884922 0.690435 0)
(0.892569 0.72811 0)
(0.914624 0.778574 0)
(0.977689 0.842047 0)
(1.1136 0.910315 0)
(1.32636 0.949882 0)
(3 1.96052e-16 0)
(3 -9.94287e-18 0)
(3 -8.46321e-17 0)
(3 -1.32294e-16 0)
(3 3.66437e-16 0)
(3 4.14172e-16 0)
(3 7.54097e-16 0)
(3 7.06733e-16 0)
(3 5.5804e-18 0)
(3 -1.07023e-15 0)
(3 -7.48355e-16 0)
(3 -1.343e-15 0)
(3 -6.17818e-13 0)
(3.00001 -4.47297e-06 0)
(2.85823 0.27077 0)
(1.17903 0.682713 0)
(0.993091 0.656167 0)
(0.977332 0.675222 0)
(0.971787 0.712665 0)
(0.979705 0.754527 0)
(1.00644 0.799898 0)
(1.07324 0.846967 0)
(1.19312 0.893746 0)
(1.35926 0.917318 0)
(3 -9.44155e-17 0)
(3 -1.29356e-16 0)
(3 9.29552e-17 0)
(3 -1.58919e-16 0)
(3 -3.18472e-16 0)
(3 -4.41037e-16 0)
(3 -7.78223e-17 0)
(3 -5.47052e-17 0)
(3 -2.05975e-16 0)
(3 -6.47111e-16 0)
(3 -7.20848e-16 0)
(3 -7.83938e-16 0)
(3 -2.17219e-15 0)
(3 -1.28469e-06 0)
(3.0562 0.0140642 0)
(1.47248 0.645669 0)
(1.02905 0.726301 0)
(1.01873 0.732465 0)
(1.01661 0.757977 0)
(1.03795 0.785511 0)
(1.07587 0.813666 0)
(1.14499 0.847319 0)
(1.24831 0.874405 0)
(1.37898 0.885658 0)
(3 -2.65836e-16 0)
(3 -1.47435e-16 0)
(3 2.05878e-16 0)
(3 4.09352e-16 0)
(3 4.26506e-17 0)
(3 -2.42009e-16 0)
(3 -1.09408e-15 0)
(3 -1.14771e-15 0)
(3 -4.7558e-16 0)
(3 3.34839e-16 0)
(3 9.53503e-17 0)
(3 -6.38512e-16 0)
(3 -6.60993e-16 0)
(3 -1.21426e-07 0)
(3.00152 6.67571e-05 0)
(2.17688 0.571075 0)
(1.12479 0.781864 0)
(1.06048 0.776307 0)
(1.06481 0.778609 0)
(1.08885 0.793956 0)
(1.1303 0.818845 0)
(1.19749 0.84662 0)
(1.28812 0.867361 0)
(1.39791 0.873389 0)
(3 1.20993e-16 0)
(3 1.29605e-16 0)
(3 -4.52982e-17 0)
(3 -1.03038e-16 0)
(3 -1.62463e-16 0)
(3 -2.61584e-16 0)
(3 1.62129e-17 0)
(3 -1.84477e-16 0)
(3 -2.78097e-16 0)
(3 -2.37825e-16 0)
(3 -4.34816e-16 0)
(3 -5.88803e-16 0)
(3 1.97151e-16 0)
(3 -2.08838e-09 0)
(3 -1.73191e-07 0)
(3.036 0.124859 0)
(1.4395 0.773383 0)
(1.13401 0.781101 0)
(1.13995 0.784898 0)
(1.15127 0.803504 0)
(1.18497 0.820903 0)
(1.24319 0.838792 0)
(1.3203 0.854037 0)
(1.41619 0.858056 0)
(3 2.48189e-16 0)
(3 4.88833e-16 0)
(3 5.66297e-17 0)
(3 -3.50782e-16 0)
(3 -3.69145e-16 0)
(3 -6.47721e-16 0)
(3 5.74927e-17 0)
(3 7.01086e-16 0)
(3 2.42954e-16 0)
(3 -1.62584e-16 0)
(3 -5.86165e-16 0)
(3 1.20417e-16 0)
(3 1.19302e-15 0)
(3 -3.49903e-12 0)
(3 -4.3026e-07 0)
(3.01627 0.00215853 0)
(1.99313 0.698688 0)
(1.18307 0.843143 0)
(1.17051 0.839013 0)
(1.19709 0.83961 0)
(1.23016 0.846361 0)
(1.28199 0.855626 0)
(1.34958 0.863124 0)
(1.43289 0.862162 0)
(3 -4.63038e-17 0)
(3 1.32506e-16 0)
(3 3.26836e-16 0)
(3 -3.00321e-17 0)
(3 -4.62581e-16 0)
(3 -5.53018e-16 0)
(3 -9.41733e-16 0)
(3 -8.38569e-16 0)
(3 -7.96049e-16 0)
(3 -7.8094e-16 0)
(3 -7.52128e-16 0)
(3 -3.71468e-16 0)
(3 3.33689e-16 0)
(3 -2.24923e-15 0)
(3 -1.23175e-07 0)
(3.00011 2.0591e-05 0)
(2.96103 0.225317 0)
(1.46594 0.842696 0)
(1.22154 0.830997 0)
(1.25608 0.838959 0)
(1.28491 0.849036 0)
(1.33165 0.855069 0)
(1.38908 0.858352 0)
(1.46025 0.855115 0)
(3 -1.6854e-16 0)
(3 -2.94512e-16 0)
(3 -2.11358e-16 0)
(3 -3.73792e-16 0)
(3 -3.68313e-16 0)
(3 -1.40735e-16 0)
(3 -5.63608e-16 0)
(3 -1.6145e-15 0)
(3 -1.54048e-15 0)
(3 -1.9085e-15 0)
(3 -1.12687e-15 0)
(3 -3.69648e-16 0)
(3 -3.82778e-16 0)
(3 4.05819e-16 0)
(3 -5.64448e-09 0)
(3 -6.75621e-07 0)
(3.02536 0.00686544 0)
(2.02219 0.735654 0)
(1.27808 0.885748 0)
(1.27598 0.882527 0)
(1.31465 0.883576 0)
(1.3595 0.88494 0)
(1.41344 0.882492 0)
(1.47739 0.874563 0)
(3 8.02279e-17 0)
(3 -1.029e-16 0)
(3 -1.50074e-16 0)
(3 7.31832e-17 0)
(3 8.30251e-16 0)
(3 7.94392e-16 0)
(3 4.86921e-16 0)
(3 3.75441e-17 0)
(3 -2.59119e-16 0)
(3 -2.99863e-16 0)
(3 1.57119e-16 0)
(3 1.48393e-16 0)
(3 -1.72054e-16 0)
(3 1.36162e-16 0)
(3 -3.23945e-11 0)
(3 -1.54851e-07 0)
(3.00026 0.000128891 0)
(2.94019 0.23324 0)
(1.59098 0.888341 0)
(1.31436 0.879134 0)
(1.36 0.87923 0)
(1.39622 0.881347 0)
(1.44551 0.878028 0)
(1.50343 0.870497 0)
(3 2.43716e-16 0)
(3 5.54727e-16 0)
(3 4.47595e-16 0)
(3 8.16231e-16 0)
(3 1.00209e-15 0)
(3 8.1451e-16 0)
(3 1.09369e-16 0)
(3 3.81611e-16 0)
(3 5.23272e-16 0)
(3 7.04683e-16 0)
(3 7.02572e-16 0)
(3 3.83116e-16 0)
(3 -4.46159e-16 0)
(3 -8.88791e-16 0)
(3 -1.87547e-14 0)
(3 -1.27361e-08 0)
(3 1.02026e-07 0)
(3.01723 0.0100968 0)
(2.30321 0.698095 0)
(1.40311 0.928243 0)
(1.38621 0.919105 0)
(1.42484 0.90775 0)
(1.46637 0.8988 0)
(1.51735 0.889382 0)
(3 -6.80876e-17 0)
(3 1.27901e-16 0)
(3 4.04786e-16 0)
(3 7.23703e-16 0)
(3 6.85738e-17 0)
(3 -1.20401e-16 0)
(3 -3.8038e-16 0)
(3 4.59022e-16 0)
(3 6.42537e-16 0)
(3 9.17823e-16 0)
(3 8.11683e-16 0)
(3 -2.49957e-16 0)
(3 -9.25973e-16 0)
(3 -9.26598e-16 0)
(3 -2.77716e-16 0)
(3 -3.7473e-10 0)
(3 -3.47472e-10 0)
(3.00014 0.000203955 0)
(3.00622 0.137842 0)
(1.81239 0.86081 0)
(1.42482 0.92691 0)
(1.47072 0.913563 0)
(1.50322 0.904859 0)
(1.54524 0.895309 0)
(3 -1.05065e-16 0)
(3 -3.2292e-16 0)
(3 1.30911e-16 0)
(3 -2.89942e-16 0)
(3 -1.13082e-15 0)
(3 -1.54252e-15 0)
(3 -8.25491e-16 0)
(3 -3.09593e-16 0)
(3 3.29316e-16 0)
(3 7.09028e-16 0)
(3 2.97213e-16 0)
(3 -1.0488e-17 0)
(3 -3.24536e-17 0)
(3 1.27118e-16 0)
(3 -2.82277e-18 0)
(3 -2.16186e-12 0)
(3 -9.55933e-11 0)
(3 2.55716e-07 0)
(3.00542 0.00657007 0)
(2.64144 0.494649 0)
(1.61074 0.958531 0)
(1.48341 0.938769 0)
(1.53207 0.931042 0)
(1.56702 0.922094 0)
(3 1.06473e-17 0)
(3 1.19786e-16 0)
(3 1.37508e-16 0)
(3 -3.43894e-16 0)
(3 -5.5811e-16 0)
(3 -8.76529e-16 0)
(3 -5.08667e-16 0)
(3 -7.02356e-16 0)
(3 -6.69181e-16 0)
(3 -8.04869e-16 0)
(3 -7.97203e-16 0)
(3 4.07382e-16 0)
(3 7.8382e-16 0)
(3 -7.63208e-17 0)
(3 -7.29802e-16 0)
(3 -4.36987e-15 0)
(3 -9.17587e-12 0)
(3 4.60047e-11 0)
(3.00001 6.75749e-05 0)
(3.01546 0.0486035 0)
(2.18293 0.774002 0)
(1.55673 0.959553 0)
(1.55723 0.954494 0)
(1.59271 0.937489 0)
(3 4.26757e-17 0)
(3 5.36516e-16 0)
(3 3.16709e-16 0)
(3 -1.58625e-16 0)
(3 -2.49636e-16 0)
(3 -3.43824e-16 0)
(3 -4.99501e-16 0)
(3 -8.72629e-16 0)
(3 -1.39075e-15 0)
(3 -2.04307e-15 0)
(3 -1.53557e-15 0)
(3 -5.07581e-16 0)
(3 5.5209e-17 0)
(3 -2.65857e-16 0)
(3 -9.68041e-16 0)
(3 -1.63042e-15 0)
(3 -3.27105e-13 0)
(3 -2.84388e-13 0)
(3 5.43546e-08 0)
(3.00057 0.00190745 0)
(2.91354 0.227727 0)
(1.90764 0.881293 0)
(1.5997 0.964286 0)
(1.62233 0.951939 0)
(3 1.93559e-17 0)
(3 1.05865e-16 0)
(3 -5.15462e-17 0)
(3 2.49142e-16 0)
(3 3.65651e-16 0)
(3 6.87615e-16 0)
(3 4.8991e-16 0)
(3 1.36951e-16 0)
(3 -5.4593e-17 0)
(3 -4.0158e-16 0)
(3 -8.26205e-17 0)
(3 2.25174e-16 0)
(3 6.89084e-16 0)
(3 7.12648e-16 0)
(3 5.25562e-16 0)
(3 -3.89591e-16 0)
(3 -2.56975e-15 0)
(3 -7.46549e-14 0)
(3 1.37182e-11 0)
(3 7.15902e-06 0)
(3.00303 0.0145653 0)
(2.628 0.482455 0)
(1.80021 0.943751 0)
(1.64092 0.974 0)
(3 -6.87016e-18 0)
(3 -6.59146e-16 0)
(3 -9.61764e-16 0)
(3 -3.36204e-16 0)
(3 1.55071e-16 0)
(3 7.49095e-16 0)
(3 9.71e-16 0)
(3 1.02947e-15 0)
(3 8.35664e-16 0)
(3 8.31816e-16 0)
(3 5.74235e-16 0)
(3 8.92053e-18 0)
(3 -1.89493e-16 0)
(3 2.82399e-16 0)
(3 3.62989e-16 0)
(3 -5.52055e-17 0)
(3 -8.16842e-17 0)
(3 -7.29685e-15 0)
(3 -2.44155e-15 0)
(3 4.15659e-09 0)
(2.99998 0.000233122 0)
(2.99243 0.0532642 0)
(2.36467 0.67749 0)
(1.75088 0.982111 0)
(3 -2.2057e-17 0)
(3 -2.03785e-16 0)
(3 -7.19841e-16 0)
(3 -8.15786e-16 0)
(3 -6.63931e-16 0)
(3 -3.67136e-16 0)
(3 3.72191e-17 0)
(3 3.83494e-16 0)
(3 7.03412e-17 0)
(3 4.81408e-17 0)
(3 -1.46428e-16 0)
(3 -9.63467e-16 0)
(3 -1.76488e-15 0)
(3 -1.73946e-15 0)
(3 -1.20058e-15 0)
(3 -4.21323e-16 0)
(3 -1.45739e-17 0)
(3 8.03628e-16 0)
(3 -4.76479e-16 0)
(3 9.04486e-13 0)
(3 3.38802e-07 0)
(2.99993 0.00199391 0)
(2.93422 0.147306 0)
(2.18954 0.797052 0)
(3 1.88329e-17 0)
(3 3.06471e-16 0)
(3 1.96483e-16 0)
(3 -6.67059e-16 0)
(3 -8.45971e-16 0)
(3 -7.60907e-16 0)
(3 -1.13738e-16 0)
(3 3.97371e-16 0)
(3 4.87953e-16 0)
(3 3.54782e-16 0)
(3 -7.6564e-16 0)
(3 -1.92174e-15 0)
(3 -1.82965e-15 0)
(3 -1.37679e-15 0)
(3 -9.65575e-16 0)
(3 -4.46749e-16 0)
(3 6.73981e-16 0)
(3 7.75157e-16 0)
(3 3.00318e-17 0)
(3 -1.00181e-15 0)
(3 1.78373e-10 0)
(3 7.31437e-06 0)
(2.99898 0.00828664 0)
(2.82312 0.293071 0)
(3 -2.58329e-17 0)
(3 3.72262e-17 0)
(3 1.94993e-16 0)
(3 3.39956e-16 0)
(3 4.32995e-16 0)
(3 2.09969e-16 0)
(3 2.13613e-16 0)
(3 2.53131e-16 0)
(3 7.33048e-16 0)
(3 5.59222e-16 0)
(3 4.99858e-16 0)
(3 -7.50175e-17 0)
(3 -2.28541e-16 0)
(3 -1.2057e-16 0)
(3 3.34209e-16 0)
(3 8.33797e-16 0)
(3 1.06316e-15 0)
(3 8.63223e-16 0)
(3 6.09659e-16 0)
(3 -9.23633e-16 0)
(3 1.68927e-14 0)
(3 6.28213e-09 0)
(2.99998 7.39291e-05 0)
(2.99462 0.0233116 0)
(3 1.62527e-17 0)
(3 -4.9123e-16 0)
(3 -5.41808e-16 0)
(3 1.77752e-16 0)
(3 8.40359e-16 0)
(3 8.13146e-16 0)
(3 2.79418e-16 0)
(3 6.95802e-17 0)
(3 6.95555e-16 0)
(3 1.08574e-15 0)
(3 1.9718e-15 0)
(3 2.53513e-15 0)
(3 1.72937e-15 0)
(3 1.27859e-15 0)
(3 1.0837e-15 0)
(3 1.66503e-15 0)
(3 1.7046e-15 0)
(3 2.18589e-15 0)
(3 2.44838e-15 0)
(3 1.21752e-15 0)
(3 2.5556e-16 0)
(3 1.21048e-12 0)
(3 9.82897e-08 0)
(2.99989 0.000435953 0)
(3 8.46961e-17 0)
(3 -1.11597e-17 0)
(3 -5.3174e-16 0)
(3 -7.53121e-16 0)
(3 -7.57067e-16 0)
(3 -4.5962e-16 0)
(3 -5.23057e-16 0)
(3 -3.22808e-16 0)
(3 -1.70181e-16 0)
(3 2.50566e-16 0)
(3 1.18382e-15 0)
(3 1.72278e-15 0)
(3 1.68994e-15 0)
(3 1.2359e-15 0)
(3 8.926e-16 0)
(3 1.62803e-15 0)
(3 1.93537e-15 0)
(3 1.8049e-15 0)
(3 1.35625e-15 0)
(3 6.56891e-16 0)
(3 -4.6085e-16 0)
(3 -5.26693e-16 0)
(3 3.9136e-11 0)
(3 9.06595e-07 0)
(3 2.26813e-16 0)
(3 -5.08766e-17 0)
(3 -1.10695e-16 0)
(3 -4.04055e-16 0)
(3 -5.77618e-16 0)
(3 -4.26173e-16 0)
(3 5.74582e-17 0)
(3 -4.7545e-17 0)
(3 -6.71843e-16 0)
(3 -2.22185e-16 0)
(3 -2.3869e-16 0)
(3 -4.91069e-16 0)
(3 -2.32283e-16 0)
(3 -2.72449e-17 0)
(3 8.83328e-17 0)
(3 4.80355e-16 0)
(3 7.53704e-16 0)
(3 6.6372e-16 0)
(3 -3.73435e-16 0)
(3 -1.09316e-15 0)
(3 -1.31113e-15 0)
(3 -1.49893e-15 0)
(3 1.7419e-15 0)
(3 6.33325e-10 0)
(3 6.2126e-17 0)
(3 -7.11283e-17 0)
(3 -6.16935e-17 0)
(3 -2.48971e-16 0)
(3 -6.16215e-16 0)
(3 -3.34803e-16 0)
(3 2.97546e-16 0)
(3 2.23438e-16 0)
(3 -2.12201e-16 0)
(3 -3.67996e-16 0)
(3 -8.35985e-16 0)
(3 -1.56104e-15 0)
(3 -9.77074e-16 0)
(3 -7.49638e-16 0)
(3 -3.72717e-16 0)
(3 -1.4956e-16 0)
(3 3.62501e-17 0)
(3 1.74226e-16 0)
(3 -6.1132e-16 0)
(3 -5.82361e-16 0)
(3 3.13597e-17 0)
(3 -6.21635e-17 0)
(3 -8.05276e-16 0)
(3 5.0587e-14 0)
(3 9.17399e-17 0)
(3 1.39971e-16 0)
(3 3.74717e-16 0)
(3 4.25193e-16 0)
(3 2.77414e-16 0)
(3 2.37356e-17 0)
(3 -2.05042e-16 0)
(3 -4.06046e-16 0)
(3 -1.78844e-16 0)
(3 -1.36891e-16 0)
(3 4.77334e-18 0)
(3 3.56072e-16 0)
(3 2.88546e-16 0)
(3 -7.12305e-18 0)
(3 -2.59324e-16 0)
(3 -1.74363e-16 0)
(3 1.60353e-16 0)
(3 -1.76401e-16 0)
(3 -1.12426e-16 0)
(3 1.04174e-16 0)
(3 3.33872e-17 0)
(3 1.8002e-16 0)
(3 -1.98152e-16 0)
(3 -1.09562e-15 0)
(3 -7.12188e-17 0)
(3 -2.53284e-17 0)
(3 4.40683e-16 0)
(3 1.04107e-15 0)
(3 1.07908e-15 0)
(3 4.72753e-16 0)
(3 -1.4393e-16 0)
(3 -7.14642e-17 0)
(3 -8.29035e-18 0)
(3 -9.21665e-17 0)
(3 -1.7529e-16 0)
(3 7.27746e-16 0)
(3 4.59382e-16 0)
(3 6.36436e-16 0)
(3 3.17492e-16 0)
(3 2.55267e-16 0)
(3 1.10447e-16 0)
(3 3.02594e-16 0)
(3 8.11977e-16 0)
(3 1.31485e-15 0)
(3 1.18107e-15 0)
(3 6.45937e-16 0)
(3 4.21971e-16 0)
(3 7.93025e-16 0)
(3 -4.0857e-16 0)
(3 -1.51161e-16 0)
(3 4.89241e-16 0)
(3 7.71745e-16 0)
(3 3.34575e-16 0)
(3 -8.07575e-17 0)
(3 -1.03077e-16 0)
(3 -4.33689e-16 0)
(3 -1.07057e-15 0)
(3 -1.1531e-15 0)
(3 -1.33357e-15 0)
(3 -7.72676e-16 0)
(3 2.20947e-16 0)
(3 6.40221e-16 0)
(3 1.52086e-15 0)
(3 9.57527e-16 0)
(3 3.6508e-16 0)
(3 5.69939e-16 0)
(3 8.44397e-16 0)
(3 1.81387e-15 0)
(3 2.14347e-15 0)
(3 1.77374e-15 0)
(3 3.86796e-16 0)
(3 -5.20843e-16 0)
(3 -3.37289e-16 0)
(3 -2.99275e-16 0)
(3 3.34364e-17 0)
(3 2.67206e-16 0)
(3 2.73777e-16 0)
(3 -2.61032e-16 0)
(3 -4.20138e-16 0)
(3 -8.49751e-16 0)
(3 -1.70274e-15 0)
(3 -2.25478e-15 0)
(3 -2.65756e-15 0)
(3 -2.00302e-15 0)
(3 -5.58465e-16 0)
(3 5.34089e-16 0)
(3 6.59001e-17 0)
(3 -2.45977e-16 0)
(3 -5.45119e-16 0)
(3 -8.77304e-16 0)
(3 8.9617e-16 0)
(3 1.9914e-15 0)
(3 1.8532e-15 0)
(3 1.7431e-16 0)
(3 -1.08959e-15 0)
(3 -1.3307e-15 0)
(3 -5.75212e-17 0)
(3 -1.23874e-16 0)
(3 -1.75606e-16 0)
(3 -2.34726e-17 0)
(3 1.40901e-16 0)
(3 -2.95674e-16 0)
(3 -3.77884e-16 0)
(3 -4.30972e-16 0)
(3 -5.31118e-16 0)
(3 -1.21464e-15 0)
(3 -1.57269e-15 0)
(3 -1.2273e-15 0)
(3 -3.89184e-16 0)
(3 2.382e-16 0)
(3 -4.81563e-16 0)
(3 -8.83267e-16 0)
(3 -7.77261e-16 0)
(3 -6.16066e-16 0)
(3 6.32437e-16 0)
(3 9.48108e-16 0)
(3 8.86604e-16 0)
(3 -7.18992e-16 0)
(3 -1.23485e-15 0)
(3 -6.52763e-16 0)
(1.55317 1.25229 0)
(2.09427 1.4265 0)
(2.23511 1.69675 0)
(2.31629 0.764445 0)
(2.51596 0.36784 0)
(2.68472 -0.0260651 0)
(2.73199 -0.187082 0)
(2.68414 -0.217107 0)
(2.49277 -0.298639 0)
(2.47802 -0.420602 0)
(2.53129 -0.383261 0)
(2.52663 -0.238366 0)
(2.50715 -0.159484 0)
(2.45473 -0.151433 0)
(2.43816 -0.138687 0)
(2.4341 -0.0839707 0)
(2.42748 -0.0418752 0)
(2.44394 -0.0298998 0)
(2.45129 -0.0252694 0)
(2.45727 -0.0187968 0)
(2.46242 -0.0208334 0)
(2.47461 -0.0188524 0)
(2.47852 -0.0098447 0)
(2.48028 -0.00103635 0)
(2.47728 -0.00165676 0)
(2.48084 -0.00796372 0)
(2.49092 -0.0102659 0)
(2.50082 -0.00607013 0)
(2.49602 -0.0025335 0)
(2.48997 -0.00214918 0)
(2.48291 -0.00386098 0)
(2.47998 -0.00658201 0)
(2.48482 -0.00648757 0)
(2.48963 -0.00479164 0)
(2.49563 -0.00227046 0)
(2.50898 -0.000976077 0)
(2.52874 -0.00244292 0)
(2.5354 -0.00368176 0)
(2.54317 -0.00401713 0)
(2.54386 -0.00140332 0)
(2.54146 0.00232338 0)
(2.54451 0.00331958 0)
(2.54674 0.00333448 0)
(2.55115 0.00303385 0)
(2.56191 0.00229961 0)
(2.56778 0.00263534 0)
(2.57478 -0.00139478 0)
(2.56 -0.0182564 0)
(2.48361 -0.0860596 0)
(2.31762 -0.20323 0)
(2.14875 -0.313409 0)
(2.04102 -0.338639 0)
(1.96878 -0.291238 0)
(1.93027 -0.276228 0)
(1.91664 -0.20146 0)
(1.89249 -0.135678 0)
(1.90674 -0.0707134 0)
(1.94866 -0.0305215 0)
(1.99923 -0.000796535 0)
(2.03811 0.0147931 0)
(2.06087 0.0228949 0)
(2.07768 0.0205796 0)
(2.10439 0.0164396 0)
(2.13227 0.0148373 0)
(2.15966 0.0146113 0)
(2.18477 0.0128802 0)
(2.20787 0.00829759 0)
(2.23099 0.006018 0)
(2.24925 0.00538293 0)
(2.25867 0.00683509 0)
(2.27373 0.0102668 0)
(2.29578 0.0109866 0)
(2.32041 0.0107275 0)
(2.34639 0.0100198 0)
(2.37113 0.00848973 0)
(2.39573 0.00759352 0)
(2.42161 0.00761473 0)
(2.44173 0.00999967 0)
(2.45113 0.0131294 0)
(2.45925 0.0148507 0)
(2.47453 0.0151323 0)
(2.4951 0.0158745 0)
(2.517 0.0160891 0)
(2.53973 0.0158094 0)
(2.56075 0.0153651 0)
(2.5804 0.0146863 0)
(2.59756 0.0142371 0)
(2.60878 0.014758 0)
(2.60463 0.0167879 0)
(2.5955 0.0193692 0)
(2.60805 0.0197026 0)
(2.623 0.0191148 0)
(2.63958 0.0172437 0)
(2.66299 0.0160131 0)
(2.69612 0.0124416 0)
(2.72401 0.0112109 0)
(1.79457 1.09995 0)
(2.34335 0.750075 0)
(2.5811 0.53134 0)
(2.69285 0.240301 0)
(2.77177 -0.230078 0)
(2.75502 -0.543735 0)
(2.77399 -0.552712 0)
(2.786 -0.599279 0)
(2.79299 -0.598203 0)
(2.76202 -0.555859 0)
(2.70251 -0.488875 0)
(2.60013 -0.320352 0)
(2.55532 -0.22182 0)
(2.53384 -0.170348 0)
(2.51944 -0.143603 0)
(2.49676 -0.0667921 0)
(2.48123 0.000564121 0)
(2.49131 -0.00618687 0)
(2.49009 0.00863997 0)
(2.48935 0.0165095 0)
(2.4833 0.00423274 0)
(2.48783 -0.0133146 0)
(2.49424 -0.0122796 0)
(2.49783 0.000738628 0)
(2.49722 0.00523176 0)
(2.49642 -0.000540157 0)
(2.50343 -0.00955144 0)
(2.51406 -0.00901466 0)
(2.51256 -0.00655817 0)
(2.50822 -0.00593162 0)
(2.50307 -0.0074848 0)
(2.50119 -0.01194 0)
(2.50544 -0.0122637 0)
(2.51079 -0.00909481 0)
(2.51839 -0.00130733 0)
(2.53177 0.00620148 0)
(2.54604 0.00733206 0)
(2.55173 0.00470033 0)
(2.55933 -0.00122338 0)
(2.56143 -0.00250978 0)
(2.55664 0.00142475 0)
(2.55804 0.00621984 0)
(2.56287 0.00845539 0)
(2.56892 0.0120314 0)
(2.57662 0.0163324 0)
(2.57451 0.00276657 0)
(2.55361 -0.052653 0)
(2.4747 -0.215871 0)
(2.36952 -0.415848 0)
(2.28585 -0.571939 0)
(2.22667 -0.692927 0)
(2.1524 -0.625602 0)
(2.10122 -0.500297 0)
(2.07172 -0.319744 0)
(2.04751 -0.144164 0)
(2.00318 -0.0324782 0)
(1.97831 0.0369794 0)
(1.98438 0.0439561 0)
(2.02117 0.0526925 0)
(2.05783 0.0580249 0)
(2.08053 0.0588166 0)
(2.09754 0.047128 0)
(2.11935 0.0256594 0)
(2.14383 0.0126399 0)
(2.16935 0.0117015 0)
(2.19732 0.00911301 0)
(2.2221 0.000747013 0)
(2.24484 -0.00542688 0)
(2.26503 -0.00731026 0)
(2.27881 -0.00328072 0)
(2.29302 0.00843894 0)
(2.31318 0.0254388 0)
(2.33487 0.039091 0)
(2.35843 0.0416887 0)
(2.38146 0.0395895 0)
(2.40577 0.0318595 0)
(2.43009 0.0233535 0)
(2.45182 0.0196121 0)
(2.46629 0.0238316 0)
(2.47606 0.0341054 0)
(2.48655 0.0417595 0)
(2.50573 0.0412829 0)
(2.52679 0.0368038 0)
(2.54826 0.0262712 0)
(2.56774 0.0200066 0)
(2.58764 0.0161827 0)
(2.60742 0.0123271 0)
(2.62487 0.0104883 0)
(2.63166 0.0165717 0)
(2.62209 0.0336041 0)
(2.62251 0.0459389 0)
(2.63836 0.0481719 0)
(2.65255 0.0496818 0)
(2.66889 0.0534824 0)
(2.69754 0.0455877 0)
(2.72606 0.0335718 0)
(1.68852 1.04485 0)
(2.01689 0.941764 0)
(2.39009 0.602332 0)
(2.59871 0.338121 0)
(2.66826 0.17789 0)
(2.70061 -0.0899691 0)
(2.72173 -0.114871 0)
(2.73792 -0.163004 0)
(2.85981 -0.32703 0)
(2.84881 -0.450361 0)
(2.82908 -0.456848 0)
(2.76804 -0.46819 0)
(2.71595 -0.444196 0)
(2.71723 -0.383723 0)
(2.72353 -0.341168 0)
(2.68932 -0.250842 0)
(2.64145 -0.131139 0)
(2.60592 -0.0901901 0)
(2.57286 -0.0681474 0)
(2.55594 -0.0266133 0)
(2.54516 -0.0216925 0)
(2.54386 -0.0189922 0)
(2.55241 -0.00543762 0)
(2.55627 0.0161209 0)
(2.55777 0.0168455 0)
(2.55254 -0.00254169 0)
(2.55541 -0.0266963 0)
(2.55969 -0.0248445 0)
(2.55878 -0.0196777 0)
(2.55305 -0.014567 0)
(2.54792 -0.0196941 0)
(2.54563 -0.0259602 0)
(2.54839 -0.0252336 0)
(2.55227 -0.0223952 0)
(2.5586 -0.0133507 0)
(2.57221 -0.00213093 0)
(2.58061 -0.000877711 0)
(2.58382 -0.00297039 0)
(2.58757 -0.00336674 0)
(2.58807 -0.0015121 0)
(2.5868 -0.00366425 0)
(2.58902 -0.00335748 0)
(2.59557 0.00123597 0)
(2.59904 0.000594924 0)
(2.59248 -0.0208228 0)
(2.55094 -0.103566 0)
(2.4221 -0.314491 0)
(2.34202 -0.481612 0)
(2.23171 -0.659895 0)
(2.21144 -0.72035 0)
(2.22941 -0.696954 0)
(2.25312 -0.681559 0)
(2.26304 -0.666083 0)
(2.25877 -0.613042 0)
(2.25214 -0.506864 0)
(2.23188 -0.37317 0)
(2.20036 -0.23488 0)
(2.17341 -0.1304 0)
(2.12649 -0.0455518 0)
(2.12387 0.00620008 0)
(2.12516 0.0478214 0)
(2.14026 0.0600637 0)
(2.15517 0.056828 0)
(2.17508 0.0575448 0)
(2.19597 0.0596841 0)
(2.22048 0.0544323 0)
(2.24636 0.0418621 0)
(2.26698 0.0312787 0)
(2.28799 0.0261697 0)
(2.3072 0.0225927 0)
(2.3237 0.0254514 0)
(2.34112 0.0390868 0)
(2.35707 0.0540251 0)
(2.37501 0.0577567 0)
(2.39689 0.0553299 0)
(2.41772 0.0503934 0)
(2.43719 0.042148 0)
(2.45495 0.0349679 0)
(2.47293 0.0315004 0)
(2.49187 0.0325784 0)
(2.50934 0.0414072 0)
(2.52285 0.0519754 0)
(2.5381 0.0532715 0)
(2.55551 0.0497995 0)
(2.57346 0.0474364 0)
(2.59215 0.0451117 0)
(2.61058 0.0414916 0)
(2.62812 0.0377036 0)
(2.64295 0.0354603 0)
(2.64877 0.0415765 0)
(2.64465 0.0598435 0)
(2.64977 0.0723146 0)
(2.66391 0.0752185 0)
(2.6787 0.0770601 0)
(2.69584 0.0723263 0)
(2.72165 0.0643865 0)
(1.60225 0.996395 0)
(1.90081 0.890779 0)
(2.18882 0.685712 0)
(2.35004 0.547698 0)
(2.45059 0.414928 0)
(2.60009 0.135165 0)
(2.66713 -0.0298941 0)
(2.69824 -0.125753 0)
(2.76124 -0.305304 0)
(2.7813 -0.361231 0)
(2.7902 -0.401033 0)
(2.80262 -0.482626 0)
(2.81674 -0.500164 0)
(2.82377 -0.475787 0)
(2.81251 -0.457736 0)
(2.77494 -0.408061 0)
(2.7392 -0.327951 0)
(2.70853 -0.255602 0)
(2.68218 -0.222136 0)
(2.65067 -0.160051 0)
(2.63203 -0.10539 0)
(2.62435 -0.0966872 0)
(2.61449 -0.0758862 0)
(2.61111 -0.0268049 0)
(2.61708 -8.76063e-05 0)
(2.60944 -0.00601915 0)
(2.60678 -0.00666773 0)
(2.60863 0.00098866 0)
(2.60541 0.0142797 0)
(2.59746 0.0191827 0)
(2.59762 0.00601071 0)
(2.59669 -0.0114415 0)
(2.59512 -0.0181163 0)
(2.59839 -0.0179358 0)
(2.60295 -0.0160025 0)
(2.61203 -0.00996582 0)
(2.6176 -0.0047594 0)
(2.61866 -0.0018383 0)
(2.61734 -0.000109424 0)
(2.61623 0.00255398 0)
(2.61758 0.00534554 0)
(2.62076 0.0119729 0)
(2.61918 0.00185911 0)
(2.60865 -0.03286 0)
(2.52914 -0.156818 0)
(2.41444 -0.364128 0)
(2.24451 -0.631779 0)
(2.22303 -0.663428 0)
(2.24075 -0.657188 0)
(2.24874 -0.663821 0)
(2.24942 -0.686152 0)
(2.25817 -0.697331 0)
(2.28144 -0.697979 0)
(2.30023 -0.679987 0)
(2.31327 -0.649993 0)
(2.31876 -0.612113 0)
(2.30868 -0.535026 0)
(2.28358 -0.416746 0)
(2.22889 -0.259854 0)
(2.21771 -0.149104 0)
(2.19866 -0.0520171 0)
(2.21182 -0.00233268 0)
(2.21224 0.0291137 0)
(2.20949 0.0450816 0)
(2.21736 0.0630313 0)
(2.23729 0.0695553 0)
(2.26014 0.0704292 0)
(2.28439 0.0673548 0)
(2.30999 0.0609562 0)
(2.33304 0.0517043 0)
(2.35179 0.0445433 0)
(2.3668 0.0445172 0)
(2.37894 0.0459388 0)
(2.3924 0.0467442 0)
(2.40933 0.0444911 0)
(2.42792 0.039698 0)
(2.4458 0.0370327 0)
(2.4638 0.0388325 0)
(2.4832 0.0432083 0)
(2.50409 0.0482445 0)
(2.52332 0.0531432 0)
(2.53622 0.0628988 0)
(2.54374 0.0733517 0)
(2.55567 0.0745445 0)
(2.57216 0.0717911 0)
(2.59035 0.0694712 0)
(2.60853 0.0670505 0)
(2.62574 0.0641193 0)
(2.64236 0.0625208 0)
(2.65605 0.0635841 0)
(2.662 0.071597 0)
(2.66234 0.0871192 0)
(2.66665 0.0950046 0)
(2.68099 0.0933183 0)
(2.69644 0.0850014 0)
(2.71801 0.0723216 0)
(1.56119 0.938956 0)
(1.82301 0.839743 0)
(2.0146 0.737941 0)
(2.14778 0.663385 0)
(2.34679 0.461649 0)
(2.46806 0.269453 0)
(2.50881 0.228987 0)
(2.56557 0.125292 0)
(2.64362 -0.065181 0)
(2.68061 -0.155955 0)
(2.6944 -0.172501 0)
(2.73552 -0.269658 0)
(2.75796 -0.330464 0)
(2.7779 -0.321453 0)
(2.77475 -0.377926 0)
(2.76664 -0.400287 0)
(2.76913 -0.402521 0)
(2.76705 -0.389729 0)
(2.74535 -0.359345 0)
(2.71773 -0.307201 0)
(2.69931 -0.227899 0)
(2.68827 -0.186617 0)
(2.67172 -0.166329 0)
(2.65876 -0.110853 0)
(2.66305 -0.0639932 0)
(2.6618 -0.0564595 0)
(2.65328 -0.0487973 0)
(2.6423 -0.0393779 0)
(2.63438 -0.0170584 0)
(2.62893 -0.00356785 0)
(2.62067 -0.00326525 0)
(2.62286 0.00613503 0)
(2.62397 0.00780283 0)
(2.62475 0.00648147 0)
(2.62796 0.00310824 0)
(2.63542 -1.27936e-05 0)
(2.6432 -0.000987551 0)
(2.64394 -0.00591438 0)
(2.63659 -0.0113973 0)
(2.63479 -0.0131223 0)
(2.63443 -0.0133979 0)
(2.62988 -0.0205972 0)
(2.59339 -0.078973 0)
(2.52823 -0.216797 0)
(2.3081 -0.49597 0)
(2.25274 -0.578197 0)
(2.22143 -0.65259 0)
(2.20881 -0.690911 0)
(2.21469 -0.694806 0)
(2.24116 -0.688407 0)
(2.2632 -0.673158 0)
(2.28099 -0.666136 0)
(2.29972 -0.662982 0)
(2.31736 -0.657758 0)
(2.33347 -0.651977 0)
(2.34621 -0.65104 0)
(2.35924 -0.642574 0)
(2.36167 -0.616524 0)
(2.35479 -0.550733 0)
(2.33897 -0.43595 0)
(2.30304 -0.280084 0)
(2.30984 -0.171753 0)
(2.26393 -0.0457658 0)
(2.26278 0.00116229 0)
(2.25192 0.0372675 0)
(2.2574 0.0566434 0)
(2.27559 0.0701938 0)
(2.29941 0.0709242 0)
(2.32234 0.0773945 0)
(2.33822 0.0791677 0)
(2.36044 0.0856716 0)
(2.38 0.0838272 0)
(2.39318 0.0788302 0)
(2.40327 0.0779075 0)
(2.41308 0.0789851 0)
(2.4262 0.0748245 0)
(2.44583 0.0687308 0)
(2.46631 0.0645786 0)
(2.48733 0.063442 0)
(2.50995 0.0644864 0)
(2.52814 0.0697769 0)
(2.53942 0.080426 0)
(2.54354 0.0935289 0)
(2.55196 0.0983774 0)
(2.56993 0.094833 0)
(2.58686 0.0922787 0)
(2.60454 0.0915294 0)
(2.62155 0.0900152 0)
(2.63755 0.0866114 0)
(2.65216 0.0854157 0)
(2.66598 0.0915807 0)
(2.67598 0.103296 0)
(2.68073 0.115281 0)
(2.68128 0.120674 0)
(2.69005 0.113506 0)
(2.70969 0.0954218 0)
(1.54798 0.898764 0)
(1.7392 0.840951 0)
(1.90798 0.764981 0)
(2.05716 0.673958 0)
(2.20897 0.554237 0)
(2.33666 0.412398 0)
(2.40683 0.326722 0)
(2.48786 0.205485 0)
(2.54918 0.0764025 0)
(2.58453 0.032694 0)
(2.60859 -0.00542299 0)
(2.68092 -0.132002 0)
(2.71138 -0.248375 0)
(2.72415 -0.263028 0)
(2.74881 -0.333752 0)
(2.75386 -0.416905 0)
(2.77259 -0.426761 0)
(2.76944 -0.416279 0)
(2.76074 -0.409018 0)
(2.75795 -0.40143 0)
(2.75055 -0.370001 0)
(2.74089 -0.325642 0)
(2.72143 -0.281065 0)
(2.70418 -0.223821 0)
(2.69873 -0.143505 0)
(2.70088 -0.112738 0)
(2.69885 -0.106014 0)
(2.66848 -0.0775791 0)
(2.65617 -0.0400998 0)
(2.64896 -0.0338033 0)
(2.64605 -0.034541 0)
(2.63813 -0.0118267 0)
(2.63623 0.00525895 0)
(2.63349 0.00551779 0)
(2.63436 0.00326598 0)
(2.63838 0.000860875 0)
(2.64511 0.00432431 0)
(2.64849 0.00263869 0)
(2.64395 -0.00563315 0)
(2.64157 -0.0139589 0)
(2.63009 -0.0284993 0)
(2.57316 -0.128078 0)
(2.40981 -0.380514 0)
(2.32076 -0.509017 0)
(2.23493 -0.591823 0)
(2.18091 -0.675575 0)
(2.17485 -0.709774 0)
(2.19529 -0.711202 0)
(2.22475 -0.691409 0)
(2.2551 -0.662803 0)
(2.2805 -0.648692 0)
(2.30007 -0.647552 0)
(2.31597 -0.650412 0)
(2.32794 -0.652465 0)
(2.33829 -0.646084 0)
(2.34974 -0.637921 0)
(2.3612 -0.631743 0)
(2.37959 -0.624144 0)
(2.40398 -0.616745 0)
(2.42128 -0.595539 0)
(2.42984 -0.546684 0)
(2.42403 -0.463526 0)
(2.39943 -0.346427 0)
(2.3718 -0.219515 0)
(2.34169 -0.109814 0)
(2.30904 -0.0119552 0)
(2.30838 0.0363003 0)
(2.31712 0.0593423 0)
(2.34568 0.0661011 0)
(2.36425 0.0789973 0)
(2.37755 0.0821241 0)
(2.38985 0.0911878 0)
(2.40242 0.0977359 0)
(2.41531 0.102225 0)
(2.42474 0.106228 0)
(2.43198 0.106934 0)
(2.44912 0.099792 0)
(2.46898 0.0920781 0)
(2.49096 0.0858375 0)
(2.51335 0.0832658 0)
(2.53151 0.0835329 0)
(2.54568 0.0855172 0)
(2.55463 0.09323 0)
(2.56125 0.105763 0)
(2.57508 0.111881 0)
(2.58968 0.112258 0)
(2.60605 0.113104 0)
(2.62379 0.112108 0)
(2.63847 0.110368 0)
(2.65296 0.108562 0)
(2.66938 0.108156 0)
(2.68595 0.109274 0)
(2.69703 0.116302 0)
(2.69548 0.12398 0)
(2.69437 0.130897 0)
(2.70744 0.123651 0)
(1.53655 0.866916 0)
(1.69233 0.827724 0)
(1.82109 0.789367 0)
(1.97965 0.702628 0)
(2.13595 0.572749 0)
(2.22555 0.504877 0)
(2.28439 0.446716 0)
(2.37272 0.347681 0)
(2.47215 0.209223 0)
(2.53003 0.116893 0)
(2.56193 0.068582 0)
(2.60241 0.00782399 0)
(2.64088 -0.0569914 0)
(2.66212 -0.0877145 0)
(2.68523 -0.148627 0)
(2.70508 -0.253159 0)
(2.72046 -0.272319 0)
(2.71616 -0.277755 0)
(2.73725 -0.326959 0)
(2.74611 -0.351603 0)
(2.75718 -0.347619 0)
(2.75894 -0.346541 0)
(2.75719 -0.357292 0)
(2.75068 -0.338203 0)
(2.75008 -0.296587 0)
(2.74464 -0.248067 0)
(2.73384 -0.210766 0)
(2.71233 -0.173395 0)
(2.68453 -0.100243 0)
(2.67855 -0.0768107 0)
(2.67573 -0.0742161 0)
(2.65366 -0.0255881 0)
(2.65191 0.00187755 0)
(2.64052 -0.00114402 0)
(2.63806 -0.0048837 0)
(2.63814 -0.00672088 0)
(2.64246 0.00134003 0)
(2.64026 0.00836538 0)
(2.63984 -0.00179626 0)
(2.62402 -0.0318456 0)
(2.51245 -0.193852 0)
(2.36208 -0.412257 0)
(2.23548 -0.623578 0)
(2.16687 -0.684274 0)
(2.17941 -0.664669 0)
(2.20054 -0.677058 0)
(2.20999 -0.687918 0)
(2.22074 -0.692294 0)
(2.243 -0.684844 0)
(2.27157 -0.666516 0)
(2.29443 -0.651694 0)
(2.31147 -0.649188 0)
(2.32396 -0.650508 0)
(2.33209 -0.649929 0)
(2.34429 -0.635031 0)
(2.36432 -0.612817 0)
(2.37884 -0.603597 0)
(2.39178 -0.599522 0)
(2.41368 -0.597926 0)
(2.43472 -0.594966 0)
(2.46053 -0.588587 0)
(2.48169 -0.576463 0)
(2.48779 -0.550245 0)
(2.48459 -0.498643 0)
(2.46543 -0.405279 0)
(2.43974 -0.290783 0)
(2.40689 -0.170417 0)
(2.37616 -0.04848 0)
(2.38965 -0.00165691 0)
(2.38827 0.0644143 0)
(2.40147 0.0683711 0)
(2.42077 0.0846001 0)
(2.42732 0.0908334 0)
(2.43281 0.0979247 0)
(2.43939 0.113001 0)
(2.44284 0.132595 0)
(2.45336 0.137408 0)
(2.47005 0.13659 0)
(2.49178 0.12889 0)
(2.51076 0.119373 0)
(2.52786 0.114368 0)
(2.54655 0.114912 0)
(2.56098 0.121921 0)
(2.56636 0.134662 0)
(2.57039 0.13959 0)
(2.58477 0.135006 0)
(2.59982 0.134015 0)
(2.61815 0.134183 0)
(2.63797 0.134395 0)
(2.65697 0.132643 0)
(2.67497 0.130477 0)
(2.69186 0.128018 0)
(2.70451 0.13119 0)
(2.70508 0.141764 0)
(2.69594 0.15881 0)
(2.70763 0.158417 0)
(1.52714 0.858301 0)
(1.65018 0.835674 0)
(1.77712 0.790622 0)
(1.92948 0.70208 0)
(2.03944 0.631756 0)
(2.10318 0.597645 0)
(2.20989 0.505179 0)
(2.33195 0.356058 0)
(2.40392 0.290428 0)
(2.40863 0.282818 0)
(2.4701 0.208974 0)
(2.54935 0.0897337 0)
(2.60234 0.011455 0)
(2.61876 -0.00639959 0)
(2.63714 -0.0577749 0)
(2.66634 -0.145088 0)
(2.6865 -0.180709 0)
(2.68971 -0.204998 0)
(2.71924 -0.287305 0)
(2.72737 -0.340805 0)
(2.74405 -0.335899 0)
(2.76044 -0.350012 0)
(2.75823 -0.370972 0)
(2.76747 -0.371448 0)
(2.77375 -0.352998 0)
(2.7713 -0.337 0)
(2.76304 -0.3285 0)
(2.74664 -0.294603 0)
(2.73151 -0.245626 0)
(2.71671 -0.18641 0)
(2.70777 -0.157221 0)
(2.69412 -0.103702 0)
(2.66892 -0.0180304 0)
(2.66219 0.00055965 0)
(2.64355 -0.00167425 0)
(2.64161 -0.0013018 0)
(2.64083 0.00978696 0)
(2.63302 0.00191675 0)
(2.58528 -0.0725824 0)
(2.4645 -0.275734 0)
(2.32297 -0.461826 0)
(2.16946 -0.640768 0)
(2.16687 -0.720757 0)
(2.16834 -0.703067 0)
(2.19958 -0.672128 0)
(2.22002 -0.659236 0)
(2.23911 -0.664914 0)
(2.25287 -0.672912 0)
(2.26309 -0.674556 0)
(2.28247 -0.670841 0)
(2.30665 -0.654523 0)
(2.32441 -0.646603 0)
(2.33906 -0.646861 0)
(2.34905 -0.644458 0)
(2.36251 -0.624237 0)
(2.37735 -0.593241 0)
(2.38703 -0.576161 0)
(2.39945 -0.574183 0)
(2.41901 -0.577167 0)
(2.43957 -0.579119 0)
(2.46431 -0.578447 0)
(2.48912 -0.572918 0)
(2.5105 -0.564999 0)
(2.52677 -0.558596 0)
(2.53654 -0.550787 0)
(2.52834 -0.507128 0)
(2.5224 -0.445328 0)
(2.50934 -0.357221 0)
(2.48636 -0.248956 0)
(2.4625 -0.130369 0)
(2.47308 -0.0697125 0)
(2.46039 0.0191775 0)
(2.46791 0.0524039 0)
(2.47463 0.0729838 0)
(2.47519 0.0888108 0)
(2.47216 0.112297 0)
(2.47164 0.146262 0)
(2.48604 0.161935 0)
(2.49767 0.160614 0)
(2.51211 0.153042 0)
(2.53026 0.150156 0)
(2.55249 0.147712 0)
(2.57209 0.146316 0)
(2.58156 0.1509 0)
(2.58252 0.161451 0)
(2.59214 0.162277 0)
(2.60743 0.157352 0)
(2.62866 0.154283 0)
(2.64983 0.151214 0)
(2.67154 0.145748 0)
(2.68919 0.144555 0)
(2.70356 0.14443 0)
(2.71377 0.145406 0)
(2.71877 0.15042 0)
(2.71852 0.16637 0)
(2.72451 0.177307 0)
(1.52582 0.848192 0)
(1.63139 0.829507 0)
(1.75359 0.783459 0)
(1.87441 0.719012 0)
(1.95802 0.686183 0)
(2.0456 0.632259 0)
(2.16766 0.525155 0)
(2.25422 0.433293 0)
(2.29648 0.414187 0)
(2.33825 0.365796 0)
(2.42827 0.261418 0)
(2.49123 0.171398 0)
(2.51624 0.158201 0)
(2.5288 0.125783 0)
(2.58566 0.0311477 0)
(2.62032 -0.0568377 0)
(2.64219 -0.0725871 0)
(2.64772 -0.0838399 0)
(2.67033 -0.152121 0)
(2.68208 -0.203253 0)
(2.69648 -0.198045 0)
(2.71228 -0.222888 0)
(2.7282 -0.283453 0)
(2.73795 -0.296163 0)
(2.74708 -0.308792 0)
(2.74732 -0.322355 0)
(2.75428 -0.332496 0)
(2.76117 -0.329011 0)
(2.76505 -0.316202 0)
(2.76322 -0.303634 0)
(2.75063 -0.268169 0)
(2.7371 -0.21711 0)
(2.71141 -0.126864 0)
(2.70418 -0.0860345 0)
(2.68109 -0.0559458 0)
(2.66507 -0.0150287 0)
(2.64582 -0.0145412 0)
(2.54491 -0.123118 0)
(2.35044 -0.416424 0)
(2.27587 -0.553417 0)
(2.20491 -0.618336 0)
(2.18275 -0.707646 0)
(2.17053 -0.738397 0)
(2.18166 -0.729272 0)
(2.21458 -0.69523 0)
(2.23835 -0.657517 0)
(2.25544 -0.658004 0)
(2.26639 -0.665105 0)
(2.27875 -0.66612 0)
(2.29238 -0.664309 0)
(2.31468 -0.652589 0)
(2.33321 -0.642276 0)
(2.35104 -0.640526 0)
(2.36613 -0.634729 0)
(2.37778 -0.616371 0)
(2.38904 -0.590169 0)
(2.39889 -0.567027 0)
(2.41549 -0.557032 0)
(2.43492 -0.555078 0)
(2.45336 -0.557604 0)
(2.47392 -0.559724 0)
(2.49912 -0.557824 0)
(2.52137 -0.552655 0)
(2.54002 -0.551821 0)
(2.55558 -0.551448 0)
(2.56628 -0.540129 0)
(2.57232 -0.528259 0)
(2.57428 -0.495075 0)
(2.57558 -0.456028 0)
(2.57551 -0.406441 0)
(2.56577 -0.328094 0)
(2.54917 -0.232643 0)
(2.5479 -0.151577 0)
(2.53448 -0.0553834 0)
(2.52689 0.00536955 0)
(2.53287 0.0434455 0)
(2.52801 0.0936223 0)
(2.51293 0.150644 0)
(2.51787 0.177186 0)
(2.52815 0.179973 0)
(2.54771 0.173297 0)
(2.56044 0.170315 0)
(2.57595 0.170869 0)
(2.58998 0.180037 0)
(2.60211 0.182966 0)
(2.61143 0.186803 0)
(2.61671 0.190003 0)
(2.63477 0.18509 0)
(2.65443 0.178726 0)
(2.67144 0.175916 0)
(2.68849 0.177482 0)
(2.70448 0.178195 0)
(2.7193 0.173741 0)
(2.73161 0.16498 0)
(2.74023 0.169183 0)
(2.75022 0.183972 0)
(1.52653 0.852968 0)
(1.62005 0.834298 0)
(1.7269 0.793504 0)
(1.82796 0.74735 0)
(1.91069 0.715186 0)
(2.01246 0.651466 0)
(2.12 0.555845 0)
(2.18916 0.503833 0)
(2.22836 0.485747 0)
(2.30208 0.415256 0)
(2.38487 0.312689 0)
(2.43885 0.25198 0)
(2.46148 0.237201 0)
(2.49027 0.188038 0)
(2.53877 0.102209 0)
(2.57099 0.0428291 0)
(2.58499 0.0379192 0)
(2.60437 -0.000414285 0)
(2.64211 -0.0871646 0)
(2.65922 -0.143067 0)
(2.6741 -0.14174 0)
(2.69459 -0.171942 0)
(2.71818 -0.249414 0)
(2.72753 -0.274683 0)
(2.73266 -0.278405 0)
(2.74784 -0.315578 0)
(2.74819 -0.345553 0)
(2.7679 -0.342443 0)
(2.77874 -0.321196 0)
(2.77786 -0.319096 0)
(2.77776 -0.319254 0)
(2.77284 -0.30741 0)
(2.76171 -0.273255 0)
(2.74568 -0.221058 0)
(2.71951 -0.182243 0)
(2.67692 -0.125519 0)
(2.56763 -0.214049 0)
(2.35314 -0.460188 0)
(2.21888 -0.709696 0)
(2.19546 -0.677323 0)
(2.20887 -0.668385 0)
(2.21187 -0.684763 0)
(2.20238 -0.710665 0)
(2.20742 -0.712004 0)
(2.23312 -0.695663 0)
(2.25822 -0.660087 0)
(2.27115 -0.642541 0)
(2.28192 -0.647018 0)
(2.29088 -0.650655 0)
(2.30215 -0.649575 0)
(2.3209 -0.644581 0)
(2.34178 -0.63716 0)
(2.36292 -0.63202 0)
(2.3809 -0.624512 0)
(2.39758 -0.609647 0)
(2.41128 -0.590218 0)
(2.4218 -0.568779 0)
(2.43029 -0.547839 0)
(2.44759 -0.537154 0)
(2.46819 -0.536102 0)
(2.48575 -0.538206 0)
(2.50644 -0.539139 0)
(2.52806 -0.536802 0)
(2.54901 -0.534867 0)
(2.56814 -0.533423 0)
(2.58442 -0.531527 0)
(2.59716 -0.527013 0)
(2.60623 -0.515015 0)
(2.60655 -0.494012 0)
(2.61133 -0.470354 0)
(2.62552 -0.453006 0)
(2.63253 -0.430718 0)
(2.63506 -0.393184 0)
(2.62952 -0.33608 0)
(2.62517 -0.264204 0)
(2.60388 -0.14556 0)
(2.60846 -0.0765861 0)
(2.58711 0.0118168 0)
(2.59528 0.0707993 0)
(2.58129 0.13675 0)
(2.57867 0.178217 0)
(2.58603 0.183346 0)
(2.59203 0.183235 0)
(2.60448 0.182533 0)
(2.61723 0.193358 0)
(2.62552 0.210356 0)
(2.63466 0.218072 0)
(2.64684 0.2186 0)
(2.662 0.213697 0)
(2.68067 0.205103 0)
(2.69892 0.195442 0)
(2.71644 0.1952 0)
(2.73123 0.203815 0)
(2.73946 0.204519 0)
(2.74903 0.200575 0)
(2.7679 0.201997 0)
(1.54069 0.846862 0)
(1.62432 0.828882 0)
(1.71831 0.794646 0)
(1.80733 0.760671 0)
(1.8864 0.728557 0)
(1.98229 0.668558 0)
(2.0692 0.596417 0)
(2.12495 0.571402 0)
(2.17561 0.539805 0)
(2.26292 0.459881 0)
(2.33445 0.366703 0)
(2.37337 0.340733 0)
(2.38565 0.331941 0)
(2.44027 0.26549 0)
(2.49536 0.171909 0)
(2.53039 0.120371 0)
(2.54178 0.117416 0)
(2.55822 0.0857238 0)
(2.5948 0.0120711 0)
(2.61841 -0.033084 0)
(2.63322 -0.0394197 0)
(2.66263 -0.0838186 0)
(2.68178 -0.150232 0)
(2.69381 -0.169913 0)
(2.7032 -0.165695 0)
(2.72341 -0.205233 0)
(2.72989 -0.254116 0)
(2.74211 -0.255465 0)
(2.74556 -0.25666 0)
(2.76268 -0.273042 0)
(2.76876 -0.299106 0)
(2.77414 -0.303681 0)
(2.77237 -0.295763 0)
(2.76853 -0.289992 0)
(2.74264 -0.30445 0)
(2.6078 -0.423922 0)
(2.37384 -0.64645 0)
(2.24441 -0.822627 0)
(2.18361 -0.880083 0)
(2.15406 -0.825521 0)
(2.1998 -0.763517 0)
(2.2326 -0.722339 0)
(2.24508 -0.708078 0)
(2.24698 -0.705944 0)
(2.24813 -0.694656 0)
(2.26802 -0.673354 0)
(2.28683 -0.643458 0)
(2.29333 -0.63233 0)
(2.29873 -0.630365 0)
(2.30797 -0.6299 0)
(2.32422 -0.624072 0)
(2.34251 -0.620188 0)
(2.36475 -0.615498 0)
(2.3933 -0.610118 0)
(2.41692 -0.59948 0)
(2.43553 -0.587071 0)
(2.45209 -0.573698 0)
(2.4596 -0.55459 0)
(2.46329 -0.533451 0)
(2.47857 -0.526399 0)
(2.49704 -0.524811 0)
(2.51452 -0.523366 0)
(2.5333 -0.518132 0)
(2.55438 -0.51153 0)
(2.57666 -0.508309 0)
(2.59542 -0.506839 0)
(2.61273 -0.507778 0)
(2.62887 -0.507751 0)
(2.63736 -0.499361 0)
(2.6351 -0.478408 0)
(2.6383 -0.457915 0)
(2.65307 -0.446278 0)
(2.6709 -0.437368 0)
(2.6795 -0.430993 0)
(2.68846 -0.421764 0)
(2.69685 -0.395735 0)
(2.69457 -0.335494 0)
(2.68623 -0.259489 0)
(2.66939 -0.152389 0)
(2.66914 -0.072854 0)
(2.64926 0.0272224 0)
(2.66491 0.0689558 0)
(2.63986 0.133154 0)
(2.62766 0.184041 0)
(2.63732 0.196841 0)
(2.64782 0.212169 0)
(2.65533 0.22198 0)
(2.66342 0.230471 0)
(2.67516 0.233783 0)
(2.68878 0.232851 0)
(2.70265 0.23128 0)
(2.72265 0.232329 0)
(2.7432 0.232885 0)
(2.75799 0.233246 0)
(2.76359 0.236152 0)
(2.77793 0.235433 0)
(1.54888 0.862284 0)
(1.62319 0.842313 0)
(1.70623 0.810862 0)
(1.78308 0.783507 0)
(1.85866 0.75089 0)
(1.95009 0.691096 0)
(2.02432 0.638021 0)
(2.07441 0.620923 0)
(2.14286 0.572546 0)
(2.23029 0.483868 0)
(2.28746 0.420956 0)
(2.31397 0.419643 0)
(2.34271 0.387126 0)
(2.41151 0.300985 0)
(2.45931 0.218433 0)
(2.48453 0.20649 0)
(2.48532 0.202685 0)
(2.53069 0.140873 0)
(2.56984 0.056963 0)
(2.59598 0.0226917 0)
(2.60347 0.0309024 0)
(2.62217 -0.0014879 0)
(2.65143 -0.0745084 0)
(2.66929 -0.102685 0)
(2.68264 -0.109056 0)
(2.71296 -0.159248 0)
(2.72366 -0.21614 0)
(2.73274 -0.224378 0)
(2.73817 -0.225788 0)
(2.76047 -0.266722 0)
(2.76918 -0.297746 0)
(2.77632 -0.306671 0)
(2.77073 -0.314369 0)
(2.74209 -0.366348 0)
(2.60548 -0.557321 0)
(2.36362 -0.846544 0)
(2.2571 -0.909982 0)
(2.2168 -0.983663 0)
(2.19476 -0.96296 0)
(2.19009 -0.914845 0)
(2.21077 -0.846466 0)
(2.2472 -0.790437 0)
(2.27381 -0.754488 0)
(2.28138 -0.745531 0)
(2.28724 -0.743899 0)
(2.29331 -0.714545 0)
(2.31037 -0.674207 0)
(2.31743 -0.637244 0)
(2.32322 -0.619315 0)
(2.32628 -0.608865 0)
(2.32824 -0.599629 0)
(2.3473 -0.593772 0)
(2.37916 -0.594792 0)
(2.40987 -0.59197 0)
(2.43375 -0.582667 0)
(2.45485 -0.577568 0)
(2.47703 -0.570086 0)
(2.48771 -0.558783 0)
(2.48901 -0.540344 0)
(2.49327 -0.523835 0)
(2.50531 -0.516243 0)
(2.52225 -0.510266 0)
(2.54051 -0.499746 0)
(2.56326 -0.486145 0)
(2.58485 -0.480632 0)
(2.60483 -0.483891 0)
(2.61999 -0.487185 0)
(2.63834 -0.49083 0)
(2.65568 -0.492111 0)
(2.66527 -0.483505 0)
(2.66934 -0.460567 0)
(2.67576 -0.437655 0)
(2.68408 -0.42541 0)
(2.6939 -0.419263 0)
(2.70793 -0.418598 0)
(2.71967 -0.420499 0)
(2.73045 -0.417812 0)
(2.74635 -0.408015 0)
(2.75311 -0.378964 0)
(2.75534 -0.331628 0)
(2.74959 -0.263105 0)
(2.73642 -0.161428 0)
(2.72084 -0.0700891 0)
(2.72803 -0.00447143 0)
(2.693 0.103563 0)
(2.69394 0.161534 0)
(2.69964 0.186343 0)
(2.69301 0.215392 0)
(2.69132 0.245524 0)
(2.69725 0.248893 0)
(2.71303 0.246545 0)
(2.74109 0.246485 0)
(2.75696 0.251458 0)
(2.76987 0.256186 0)
(2.78439 0.265486 0)
(2.79603 0.268366 0)
(1.5676 0.85885 0)
(1.63456 0.840026 0)
(1.70833 0.814214 0)
(1.77655 0.79094 0)
(1.84875 0.757474 0)
(1.9281 0.706327 0)
(1.98962 0.673808 0)
(2.04059 0.653435 0)
(2.11437 0.599896 0)
(2.18565 0.522543 0)
(2.22989 0.490479 0)
(2.25538 0.486571 0)
(2.3103 0.434486 0)
(2.37288 0.347282 0)
(2.4097 0.293775 0)
(2.42303 0.2968 0)
(2.44225 0.269201 0)
(2.4969 0.199113 0)
(2.53135 0.129874 0)
(2.55314 0.117699 0)
(2.55923 0.111546 0)
(2.59683 0.0552194 0)
(2.62038 -0.0110643 0)
(2.63853 -0.024293 0)
(2.64998 -0.0242858 0)
(2.67976 -0.0706091 0)
(2.69311 -0.120964 0)
(2.70252 -0.131716 0)
(2.71899 -0.142512 0)
(2.74368 -0.18042 0)
(2.73132 -0.188459 0)
(2.73874 -0.237579 0)
(2.70533 -0.338147 0)
(2.57086 -0.571889 0)
(2.30442 -0.88971 0)
(2.21652 -0.962993 0)
(2.18673 -0.985138 0)
(2.19585 -0.991873 0)
(2.21296 -0.99107 0)
(2.23951 -0.973794 0)
(2.2537 -0.934512 0)
(2.2798 -0.906032 0)
(2.3054 -0.889068 0)
(2.32118 -0.871571 0)
(2.32896 -0.844822 0)
(2.33596 -0.804637 0)
(2.34976 -0.759355 0)
(2.36052 -0.715132 0)
(2.36379 -0.672619 0)
(2.35969 -0.631815 0)
(2.36802 -0.599727 0)
(2.38122 -0.588786 0)
(2.40026 -0.585542 0)
(2.42843 -0.576891 0)
(2.44399 -0.573445 0)
(2.46445 -0.572355 0)
(2.48895 -0.563413 0)
(2.50622 -0.554551 0)
(2.51239 -0.5451 0)
(2.51889 -0.528413 0)
(2.52906 -0.507784 0)
(2.54231 -0.491696 0)
(2.55688 -0.481259 0)
(2.57405 -0.47341 0)
(2.59393 -0.466384 0)
(2.61178 -0.461267 0)
(2.62924 -0.461707 0)
(2.64872 -0.464598 0)
(2.66758 -0.469855 0)
(2.68435 -0.47124 0)
(2.69992 -0.461304 0)
(2.71036 -0.444328 0)
(2.71499 -0.422113 0)
(2.7137 -0.405047 0)
(2.71641 -0.401735 0)
(2.72926 -0.40314 0)
(2.74263 -0.405036 0)
(2.75826 -0.40568 0)
(2.77574 -0.401746 0)
(2.7946 -0.391029 0)
(2.80946 -0.378155 0)
(2.81299 -0.351278 0)
(2.81531 -0.309922 0)
(2.80947 -0.242526 0)
(2.79879 -0.165993 0)
(2.78462 -0.0693901 0)
(2.76665 0.0367187 0)
(2.75786 0.0945092 0)
(2.762 0.124779 0)
(2.73683 0.189693 0)
(2.74333 0.231814 0)
(2.75738 0.228843 0)
(2.78493 0.239087 0)
(2.80426 0.24722 0)
(2.81346 0.257228 0)
(2.82231 0.277239 0)
(1.57343 0.877678 0)
(1.63539 0.858339 0)
(1.70058 0.835023 0)
(1.76201 0.812859 0)
(1.82784 0.780341 0)
(1.89858 0.735935 0)
(1.95777 0.708046 0)
(2.01392 0.680904 0)
(2.08729 0.624768 0)
(2.14862 0.561252 0)
(2.18721 0.54638 0)
(2.22126 0.527921 0)
(2.28809 0.463477 0)
(2.34233 0.382019 0)
(2.37393 0.356582 0)
(2.38248 0.35907 0)
(2.41953 0.313747 0)
(2.47356 0.235048 0)
(2.50702 0.177056 0)
(2.52761 0.174383 0)
(2.53462 0.164769 0)
(2.57131 0.109459 0)
(2.59761 0.0448408 0)
(2.61701 0.0308426 0)
(2.63051 0.0214754 0)
(2.66017 -0.0281612 0)
(2.67354 -0.0708748 0)
(2.68277 -0.0760882 0)
(2.70791 -0.0952074 0)
(2.72774 -0.109302 0)
(2.69817 -0.171446 0)
(2.64348 -0.307631 0)
(2.49151 -0.570257 0)
(2.23791 -0.871985 0)
(2.18612 -0.940377 0)
(2.17418 -0.959993 0)
(2.20362 -0.954799 0)
(2.24139 -0.951736 0)
(2.25884 -0.948835 0)
(2.26067 -0.935921 0)
(2.27271 -0.934051 0)
(2.29159 -0.926035 0)
(2.31714 -0.921437 0)
(2.33891 -0.913016 0)
(2.36676 -0.906553 0)
(2.3896 -0.895684 0)
(2.40707 -0.878926 0)
(2.41008 -0.845994 0)
(2.41251 -0.797908 0)
(2.42219 -0.752904 0)
(2.4257 -0.710766 0)
(2.43017 -0.659082 0)
(2.43788 -0.605969 0)
(2.45701 -0.576594 0)
(2.48197 -0.56445 0)
(2.49707 -0.563672 0)
(2.50619 -0.564317 0)
(2.51833 -0.551595 0)
(2.52934 -0.535894 0)
(2.54302 -0.523993 0)
(2.56028 -0.502274 0)
(2.57326 -0.480533 0)
(2.58287 -0.471148 0)
(2.59749 -0.464369 0)
(2.61246 -0.455462 0)
(2.62229 -0.446966 0)
(2.63921 -0.444086 0)
(2.65931 -0.446738 0)
(2.67875 -0.44973 0)
(2.69972 -0.450074 0)
(2.71589 -0.448256 0)
(2.73557 -0.43913 0)
(2.74923 -0.421798 0)
(2.7471 -0.402915 0)
(2.73773 -0.386985 0)
(2.74518 -0.382347 0)
(2.7586 -0.382414 0)
(2.77324 -0.382518 0)
(2.78911 -0.378449 0)
(2.80474 -0.372608 0)
(2.82311 -0.364697 0)
(2.83899 -0.356772 0)
(2.85268 -0.352946 0)
(2.86509 -0.343732 0)
(2.86594 -0.330779 0)
(2.85954 -0.291321 0)
(2.859 -0.240359 0)
(2.85163 -0.174629 0)
(2.83662 -0.0912266 0)
(2.82344 -0.0250912 0)
(2.81134 0.0498552 0)
(2.80689 0.120677 0)
(2.81866 0.181756 0)
(2.84807 0.192245 0)
(2.85948 0.22141 0)
(2.86997 0.239824 0)
(1.59263 0.882738 0)
(1.6491 0.863123 0)
(1.7061 0.843541 0)
(1.7596 0.824587 0)
(1.82123 0.792595 0)
(1.88642 0.754204 0)
(1.94218 0.729262 0)
(1.99594 0.700849 0)
(2.05961 0.650234 0)
(2.11127 0.606038 0)
(2.14837 0.595374 0)
(2.19457 0.563594 0)
(2.25921 0.494659 0)
(2.30105 0.43275 0)
(2.32518 0.429092 0)
(2.34233 0.417198 0)
(2.39809 0.357737 0)
(2.44208 0.280027 0)
(2.46791 0.248516 0)
(2.47547 0.257002 0)
(2.50136 0.225906 0)
(2.54684 0.156808 0)
(2.57115 0.10266 0)
(2.58565 0.1008 0)
(2.59387 0.0951645 0)
(2.62516 0.044897 0)
(2.63899 0.012858 0)
(2.66217 -0.0176341 0)
(2.68505 -0.025822 0)
(2.66484 -0.0856613 0)
(2.59136 -0.237607 0)
(2.41081 -0.526159 0)
(2.17907 -0.804436 0)
(2.12874 -0.89918 0)
(2.15005 -0.900458 0)
(2.18849 -0.894321 0)
(2.23075 -0.877949 0)
(2.25998 -0.884163 0)
(2.27195 -0.899139 0)
(2.27556 -0.898805 0)
(2.28829 -0.89918 0)
(2.30992 -0.899629 0)
(2.3349 -0.89742 0)
(2.3642 -0.895442 0)
(2.38781 -0.897093 0)
(2.41259 -0.897934 0)
(2.43641 -0.88853 0)
(2.45279 -0.878217 0)
(2.45705 -0.871005 0)
(2.46122 -0.841566 0)
(2.47066 -0.802957 0)
(2.48291 -0.766744 0)
(2.49243 -0.720311 0)
(2.50065 -0.672776 0)
(2.5163 -0.63794 0)
(2.52421 -0.598391 0)
(2.5382 -0.580238 0)
(2.5624 -0.560969 0)
(2.57266 -0.54067 0)
(2.57015 -0.528125 0)
(2.58059 -0.50023 0)
(2.58944 -0.477315 0)
(2.60009 -0.468052 0)
(2.61683 -0.462268 0)
(2.63703 -0.447933 0)
(2.64991 -0.428273 0)
(2.65942 -0.423011 0)
(2.67534 -0.426575 0)
(2.68954 -0.429785 0)
(2.70694 -0.42977 0)
(2.72857 -0.426524 0)
(2.74988 -0.421139 0)
(2.77076 -0.411029 0)
(2.78128 -0.396408 0)
(2.77206 -0.380858 0)
(2.76445 -0.367337 0)
(2.77767 -0.365494 0)
(2.791 -0.36482 0)
(2.80556 -0.360591 0)
(2.82049 -0.355169 0)
(2.83533 -0.346106 0)
(2.84906 -0.336944 0)
(2.86365 -0.331409 0)
(2.87786 -0.33096 0)
(2.89085 -0.332259 0)
(2.8994 -0.331117 0)
(2.89778 -0.321722 0)
(2.89516 -0.300691 0)
(2.89871 -0.266014 0)
(2.90458 -0.230221 0)
(2.90375 -0.183917 0)
(2.89792 -0.129533 0)
(2.89258 -0.0571684 0)
(2.90322 0.0120975 0)
(2.90935 0.0722115 0)
(2.93412 0.154685 0)
(1.60926 0.905343 0)
(1.65783 0.884914 0)
(1.70501 0.867281 0)
(1.75608 0.844142 0)
(1.81712 0.809107 0)
(1.87465 0.776977 0)
(1.91941 0.758316 0)
(1.97083 0.727802 0)
(2.03551 0.67709 0)
(2.08827 0.639543 0)
(2.12621 0.625672 0)
(2.173 0.589679 0)
(2.22996 0.525819 0)
(2.2696 0.48078 0)
(2.29575 0.476667 0)
(2.32534 0.448916 0)
(2.38073 0.384043 0)
(2.41773 0.319382 0)
(2.44141 0.305747 0)
(2.45019 0.302303 0)
(2.48798 0.257086 0)
(2.52689 0.18876 0)
(2.55021 0.154034 0)
(2.56099 0.155504 0)
(2.58039 0.132727 0)
(2.6088 0.0854409 0)
(2.62618 0.0476999 0)
(2.64453 0.0260109 0)
(2.62991 -0.0287378 0)
(2.52876 -0.204038 0)
(2.30308 -0.524669 0)
(2.16213 -0.709193 0)
(2.09903 -0.833578 0)
(2.11963 -0.837732 0)
(2.15685 -0.832442 0)
(2.20204 -0.818729 0)
(2.23791 -0.816625 0)
(2.2624 -0.827986 0)
(2.27816 -0.849078 0)
(2.28915 -0.862492 0)
(2.30471 -0.858208 0)
(2.32711 -0.848627 0)
(2.35091 -0.847537 0)
(2.37673 -0.848942 0)
(2.40186 -0.853172 0)
(2.42573 -0.856754 0)
(2.44739 -0.857551 0)
(2.47163 -0.852255 0)
(2.49077 -0.848704 0)
(2.50614 -0.840585 0)
(2.51051 -0.827618 0)
(2.50965 -0.810228 0)
(2.53329 -0.791169 0)
(2.54728 -0.763554 0)
(2.5639 -0.742481 0)
(2.57349 -0.707815 0)
(2.58318 -0.664454 0)
(2.60163 -0.637581 0)
(2.60489 -0.590972 0)
(2.61026 -0.562214 0)
(2.62355 -0.539102 0)
(2.63096 -0.513734 0)
(2.64757 -0.478833 0)
(2.65393 -0.463888 0)
(2.66089 -0.451339 0)
(2.67318 -0.428315 0)
(2.68433 -0.414991 0)
(2.69496 -0.413235 0)
(2.71002 -0.409377 0)
(2.7229 -0.403297 0)
(2.73758 -0.398667 0)
(2.75728 -0.39743 0)
(2.77902 -0.391605 0)
(2.79802 -0.383011 0)
(2.80412 -0.371512 0)
(2.79668 -0.357541 0)
(2.80313 -0.352376 0)
(2.81517 -0.351189 0)
(2.82726 -0.349654 0)
(2.84208 -0.343635 0)
(2.85597 -0.333116 0)
(2.86748 -0.322034 0)
(2.87644 -0.314557 0)
(2.88655 -0.311547 0)
(2.89864 -0.310985 0)
(2.91025 -0.314123 0)
(2.92084 -0.313588 0)
(2.93051 -0.303027 0)
(2.93651 -0.2862 0)
(2.93705 -0.270235 0)
(2.94915 -0.248908 0)
(2.95532 -0.235085 0)
(2.96076 -0.221587 0)
(2.96643 -0.196837 0)
(2.9703 -0.163195 0)
(2.99264 -0.0785425 0)
(1.63222 0.917501 0)
(1.6726 0.899562 0)
(1.71253 0.883119 0)
(1.76422 0.853148 0)
(1.82126 0.815979 0)
(1.86362 0.799438 0)
(1.90128 0.784379 0)
(1.96189 0.743015 0)
(2.02617 0.688539 0)
(2.06873 0.670155 0)
(2.09621 0.662464 0)
(2.14736 0.623031 0)
(2.20664 0.558328 0)
(2.24617 0.525525 0)
(2.2688 0.521589 0)
(2.30566 0.48546 0)
(2.35726 0.419115 0)
(2.39005 0.370284 0)
(2.40801 0.371149 0)
(2.41994 0.357512 0)
(2.46731 0.302056 0)
(2.50093 0.23495 0)
(2.51993 0.216403 0)
(2.53611 0.212691 0)
(2.55276 0.197991 0)
(2.57641 0.158848 0)
(2.59392 0.103385 0)
(2.56975 0.00217806 0)
(2.46004 -0.219536 0)
(2.20331 -0.552123 0)
(2.11793 -0.66733 0)
(2.08105 -0.748263 0)
(2.10771 -0.753784 0)
(2.13867 -0.757946 0)
(2.16962 -0.760163 0)
(2.20595 -0.760031 0)
(2.2348 -0.762469 0)
(2.26141 -0.777273 0)
(2.28521 -0.790604 0)
(2.30546 -0.796906 0)
(2.32182 -0.793574 0)
(2.33875 -0.786658 0)
(2.3607 -0.786615 0)
(2.38555 -0.793447 0)
(2.41137 -0.80213 0)
(2.43729 -0.808431 0)
(2.46152 -0.808802 0)
(2.48463 -0.806425 0)
(2.50671 -0.809303 0)
(2.52908 -0.809636 0)
(2.54766 -0.802244 0)
(2.55681 -0.792022 0)
(2.55533 -0.777637 0)
(2.5716 -0.765784 0)
(2.58719 -0.75571 0)
(2.6075 -0.744479 0)
(2.626 -0.726897 0)
(2.64031 -0.707753 0)
(2.65199 -0.678645 0)
(2.6634 -0.646158 0)
(2.67284 -0.614652 0)
(2.67215 -0.574522 0)
(2.67781 -0.524907 0)
(2.68875 -0.493882 0)
(2.70212 -0.486883 0)
(2.71406 -0.461316 0)
(2.71662 -0.438578 0)
(2.7325 -0.405135 0)
(2.74806 -0.394289 0)
(2.75632 -0.385216 0)
(2.76798 -0.377411 0)
(2.77871 -0.374823 0)
(2.79088 -0.371896 0)
(2.80462 -0.365366 0)
(2.81945 -0.354831 0)
(2.82762 -0.343874 0)
(2.83672 -0.341619 0)
(2.84578 -0.341479 0)
(2.85636 -0.339943 0)
(2.86801 -0.335344 0)
(2.88055 -0.327286 0)
(2.89045 -0.315634 0)
(2.89238 -0.304801 0)
(2.89459 -0.297766 0)
(2.90226 -0.291975 0)
(2.91758 -0.285671 0)
(2.93529 -0.282563 0)
(2.94966 -0.27872 0)
(2.9622 -0.275184 0)
(2.97198 -0.266354 0)
(2.976 -0.250282 0)
(2.97672 -0.236085 0)
(2.98451 -0.228712 0)
(2.99567 -0.227815 0)
(3.00291 -0.224471 0)
(3.0173 -0.204329 0)
(1.66144 0.930805 0)
(1.69479 0.914927 0)
(1.73387 0.893068 0)
(1.78147 0.862279 0)
(1.82375 0.837774 0)
(1.85842 0.824643 0)
(1.90389 0.795886 0)
(1.96464 0.74828 0)
(2.00963 0.716189 0)
(2.03768 0.714009 0)
(2.07469 0.691398 0)
(2.14057 0.632991 0)
(2.19205 0.577894 0)
(2.22073 0.573238 0)
(2.23735 0.56654 0)
(2.28831 0.518101 0)
(2.33924 0.445667 0)
(2.37144 0.41251 0)
(2.38587 0.41692 0)
(2.40568 0.389894 0)
(2.45241 0.327847 0)
(2.48102 0.274658 0)
(2.49825 0.267266 0)
(2.51874 0.263847 0)
(2.54085 0.235385 0)
(2.54931 0.169601 0)
(2.50952 0.0453578 0)
(2.35978 -0.232979 0)
(2.1185 -0.556132 0)
(2.06781 -0.64261 0)
(2.05851 -0.680502 0)
(2.09353 -0.6849 0)
(2.13027 -0.683898 0)
(2.15321 -0.687598 0)
(2.17488 -0.700693 0)
(2.20409 -0.710552 0)
(2.23345 -0.717841 0)
(2.26518 -0.725156 0)
(2.29545 -0.736955 0)
(2.32173 -0.74825 0)
(2.34314 -0.75128 0)
(2.35985 -0.743668 0)
(2.37706 -0.73704 0)
(2.39883 -0.739816 0)
(2.42295 -0.746676 0)
(2.44795 -0.751862 0)
(2.47313 -0.754399 0)
(2.49795 -0.755281 0)
(2.52186 -0.754561 0)
(2.54319 -0.754695 0)
(2.56238 -0.756912 0)
(2.57686 -0.764583 0)
(2.5857 -0.766523 0)
(2.60487 -0.744923 0)
(2.6213 -0.723389 0)
(2.63005 -0.720501 0)
(2.643 -0.718855 0)
(2.65766 -0.713382 0)
(2.68168 -0.70039 0)
(2.70318 -0.681411 0)
(2.71857 -0.656975 0)
(2.72319 -0.648901 0)
(2.72763 -0.63656 0)
(2.7322 -0.596853 0)
(2.74428 -0.562401 0)
(2.75392 -0.526835 0)
(2.75495 -0.477834 0)
(2.76942 -0.462681 0)
(2.78592 -0.445904 0)
(2.7978 -0.418984 0)
(2.80065 -0.40731 0)
(2.81221 -0.38457 0)
(2.82092 -0.364645 0)
(2.82645 -0.354284 0)
(2.83843 -0.333985 0)
(2.84681 -0.323547 0)
(2.85355 -0.323282 0)
(2.86077 -0.323363 0)
(2.87074 -0.321897 0)
(2.88079 -0.32147 0)
(2.89361 -0.319942 0)
(2.90763 -0.310054 0)
(2.91514 -0.29342 0)
(2.91738 -0.280081 0)
(2.92023 -0.271955 0)
(2.928 -0.266981 0)
(2.94204 -0.26202 0)
(2.95964 -0.253421 0)
(2.97531 -0.24134 0)
(2.98718 -0.237607 0)
(2.9978 -0.237017 0)
(2.99896 -0.230077 0)
(2.99831 -0.220439 0)
(3.00729 -0.216456 0)
(3.01644 -0.213416 0)
(3.03034 -0.206177 0)
(1.67513 0.958738 0)
(1.7154 0.938266 0)
(1.75095 0.917311 0)
(1.78967 0.891575 0)
(1.82724 0.868886 0)
(1.86229 0.84863 0)
(1.90571 0.817782 0)
(1.95535 0.778008 0)
(1.9946 0.753979 0)
(2.02517 0.741689 0)
(2.07048 0.706271 0)
(2.1245 0.653638 0)
(2.16209 0.623622 0)
(2.18495 0.624936 0)
(2.21847 0.597536 0)
(2.2768 0.534817 0)
(2.31528 0.475228 0)
(2.33872 0.468162 0)
(2.34669 0.470315 0)
(2.38701 0.429272 0)
(2.43246 0.36034 0)
(2.45538 0.325165 0)
(2.47835 0.318626 0)
(2.48921 0.319369 0)
(2.49504 0.253906 0)
(2.44405 0.10268 0)
(2.22713 -0.251921 0)
(2.08445 -0.476761 0)
(2.02297 -0.60403 0)
(2.02336 -0.634587 0)
(2.0662 -0.637888 0)
(2.11061 -0.628731 0)
(2.13887 -0.620185 0)
(2.1607 -0.633161 0)
(2.18358 -0.655055 0)
(2.20893 -0.664235 0)
(2.23961 -0.669031 0)
(2.27353 -0.675474 0)
(2.30741 -0.684798 0)
(2.33768 -0.693512 0)
(2.36247 -0.697048 0)
(2.37979 -0.693597 0)
(2.39268 -0.687054 0)
(2.41005 -0.686683 0)
(2.43261 -0.69002 0)
(2.45731 -0.690097 0)
(2.48121 -0.686323 0)
(2.50311 -0.684323 0)
(2.52498 -0.687005 0)
(2.54772 -0.690715 0)
(2.56968 -0.691111 0)
(2.58822 -0.690507 0)
(2.60341 -0.692521 0)
(2.61964 -0.694391 0)
(2.63875 -0.694219 0)
(2.6571 -0.692637 0)
(2.67272 -0.687846 0)
(2.68337 -0.681665 0)
(2.69927 -0.671386 0)
(2.72245 -0.658929 0)
(2.73689 -0.647417 0)
(2.74779 -0.644602 0)
(2.75625 -0.647295 0)
(2.76044 -0.643073 0)
(2.77711 -0.615055 0)
(2.79211 -0.594752 0)
(2.80236 -0.56431 0)
(2.80762 -0.524455 0)
(2.82159 -0.504621 0)
(2.83289 -0.4869 0)
(2.83812 -0.463623 0)
(2.84741 -0.454573 0)
(2.85542 -0.430044 0)
(2.86459 -0.395198 0)
(2.86124 -0.354671 0)
(2.86994 -0.31273 0)
(2.88565 -0.298652 0)
(2.89285 -0.294408 0)
(2.89925 -0.287971 0)
(2.90225 -0.285661 0)
(2.90597 -0.289519 0)
(2.91391 -0.29186 0)
(2.926 -0.287899 0)
(2.93875 -0.274771 0)
(2.95087 -0.261324 0)
(2.95787 -0.253657 0)
(2.96422 -0.244845 0)
(2.97464 -0.232648 0)
(2.98705 -0.220024 0)
(2.99568 -0.209918 0)
(3.00239 -0.209634 0)
(3.00899 -0.213442 0)
(3.01687 -0.209574 0)
(3.02221 -0.204064 0)
(3.02908 -0.199739 0)
(3.04311 -0.19292 0)
(1.68627 0.976067 0)
(1.72613 0.958445 0)
(1.77073 0.933173 0)
(1.80879 0.906424 0)
(1.83792 0.891455 0)
(1.86823 0.873632 0)
(1.91618 0.835062 0)
(1.96159 0.793682 0)
(1.98856 0.783892 0)
(2.01235 0.773742 0)
(2.06336 0.735012 0)
(2.11724 0.676226 0)
(2.15225 0.65178 0)
(2.1716 0.650159 0)
(2.2048 0.621307 0)
(2.25617 0.56517 0)
(2.29227 0.517031 0)
(2.31196 0.514485 0)
(2.32684 0.498246 0)
(2.37721 0.446214 0)
(2.41063 0.396067 0)
(2.43379 0.373508 0)
(2.45671 0.369015 0)
(2.43718 0.302699 0)
(2.35347 0.103487 0)
(2.11793 -0.254891 0)
(2.02433 -0.430908 0)
(1.97995 -0.546555 0)
(2.0059 -0.561346 0)
(2.04771 -0.569811 0)
(2.09317 -0.576465 0)
(2.12886 -0.574666 0)
(2.14971 -0.573927 0)
(2.17 -0.589126 0)
(2.19353 -0.604979 0)
(2.2211 -0.611997 0)
(2.25255 -0.615897 0)
(2.2867 -0.622415 0)
(2.32116 -0.631537 0)
(2.3524 -0.64049 0)
(2.37831 -0.646958 0)
(2.39803 -0.648027 0)
(2.41217 -0.643812 0)
(2.42696 -0.642622 0)
(2.44803 -0.646284 0)
(2.47371 -0.648862 0)
(2.5003 -0.648858 0)
(2.52518 -0.648113 0)
(2.54759 -0.647866 0)
(2.56823 -0.64603 0)
(2.58734 -0.642678 0)
(2.60496 -0.642188 0)
(2.62148 -0.643603 0)
(2.63754 -0.642695 0)
(2.65388 -0.639551 0)
(2.67013 -0.639151 0)
(2.68669 -0.645402 0)
(2.7022 -0.652491 0)
(2.72052 -0.647439 0)
(2.74396 -0.630496 0)
(2.763 -0.611379 0)
(2.77722 -0.606643 0)
(2.78451 -0.617164 0)
(2.78507 -0.625326 0)
(2.78562 -0.616644 0)
(2.80482 -0.59746 0)
(2.82747 -0.57328 0)
(2.83792 -0.549646 0)
(2.85327 -0.535002 0)
(2.86735 -0.533571 0)
(2.8778 -0.530204 0)
(2.87881 -0.517232 0)
(2.88131 -0.492191 0)
(2.89081 -0.467385 0)
(2.90323 -0.428991 0)
(2.90476 -0.386978 0)
(2.91847 -0.361255 0)
(2.93124 -0.339655 0)
(2.93089 -0.308544 0)
(2.92545 -0.280589 0)
(2.92799 -0.271361 0)
(2.93179 -0.271324 0)
(2.93985 -0.268739 0)
(2.95801 -0.257638 0)
(2.96785 -0.251193 0)
(2.97733 -0.245881 0)
(2.9864 -0.236227 0)
(2.999 -0.220055 0)
(3.00717 -0.205069 0)
(3.0079 -0.194678 0)
(3.0032 -0.190124 0)
(3.01196 -0.188855 0)
(3.02114 -0.18832 0)
(3.03155 -0.187418 0)
(3.04326 -0.185333 0)
(3.05929 -0.178115 0)
(1.7455 0.982329 0)
(1.73633 0.983203 0)
(1.77493 0.957875 0)
(1.81405 0.934384 0)
(1.8422 0.920341 0)
(1.88504 0.888468 0)
(1.93193 0.845981 0)
(1.95766 0.828471 0)
(1.97687 0.823716 0)
(2.01914 0.790884 0)
(2.07835 0.732835 0)
(2.11399 0.696115 0)
(2.12881 0.700679 0)
(2.14857 0.691568 0)
(2.20312 0.640197 0)
(2.25218 0.569749 0)
(2.27993 0.549523 0)
(2.28461 0.560666 0)
(2.31344 0.535621 0)
(2.36393 0.481977 0)
(2.39567 0.435094 0)
(2.41688 0.404596 0)
(2.38879 0.328236 0)
(2.25586 0.0770141 0)
(2.03963 -0.247583 0)
(1.93353 -0.422995 0)
(1.93979 -0.504406 0)
(1.97809 -0.506083 0)
(2.02695 -0.503276 0)
(2.07485 -0.511839 0)
(2.11246 -0.522787 0)
(2.14163 -0.526602 0)
(2.16605 -0.534051 0)
(2.18526 -0.547671 0)
(2.20753 -0.556993 0)
(2.23663 -0.562645 0)
(2.26951 -0.56835 0)
(2.30421 -0.574663 0)
(2.33834 -0.579915 0)
(2.36881 -0.583561 0)
(2.39362 -0.587398 0)
(2.41295 -0.592382 0)
(2.42892 -0.59548 0)
(2.44494 -0.595362 0)
(2.46391 -0.593741 0)
(2.48698 -0.590585 0)
(2.51246 -0.586976 0)
(2.5375 -0.585794 0)
(2.5606 -0.587821 0)
(2.58161 -0.588486 0)
(2.59993 -0.584444 0)
(2.61419 -0.57847 0)
(2.62709 -0.574409 0)
(2.64343 -0.572602 0)
(2.66254 -0.572438 0)
(2.67999 -0.574385 0)
(2.69543 -0.578914 0)
(2.71158 -0.584435 0)
(2.72904 -0.585937 0)
(2.75025 -0.582242 0)
(2.7762 -0.574174 0)
(2.79739 -0.565579 0)
(2.80946 -0.572364 0)
(2.81139 -0.586051 0)
(2.80358 -0.588732 0)
(2.8142 -0.569193 0)
(2.83919 -0.551357 0)
(2.85509 -0.533628 0)
(2.86929 -0.522054 0)
(2.88073 -0.527294 0)
(2.89213 -0.528465 0)
(2.89977 -0.527708 0)
(2.90377 -0.518227 0)
(2.91267 -0.495987 0)
(2.92504 -0.474467 0)
(2.93123 -0.445935 0)
(2.94053 -0.421995 0)
(2.95593 -0.407051 0)
(2.95993 -0.375486 0)
(2.95731 -0.355758 0)
(2.95091 -0.321694 0)
(2.95484 -0.285126 0)
(2.96286 -0.267102 0)
(2.97042 -0.254783 0)
(2.98364 -0.241383 0)
(3.00248 -0.22708 0)
(3.01203 -0.220279 0)
(3.01764 -0.215938 0)
(3.02472 -0.203699 0)
(3.02545 -0.188907 0)
(3.01937 -0.174702 0)
(3.01803 -0.164262 0)
(3.02665 -0.158287 0)
(3.03889 -0.154168 0)
(3.04938 -0.15264 0)
(3.05894 -0.150823 0)
(2.06979 0.862978 0)
(1.78671 0.985202 0)
(1.78275 0.982635 0)
(1.81907 0.959572 0)
(1.86143 0.93147 0)
(1.90227 0.899403 0)
(1.92824 0.879945 0)
(1.95303 0.866462 0)
(1.99235 0.835966 0)
(2.03551 0.796905 0)
(2.06653 0.766593 0)
(2.09208 0.74994 0)
(2.1204 0.73461 0)
(2.15998 0.698205 0)
(2.20345 0.647201 0)
(2.23154 0.607342 0)
(2.24865 0.608662 0)
(2.26466 0.601908 0)
(2.32235 0.553191 0)
(2.35047 0.51069 0)
(2.36871 0.455443 0)
(2.32467 0.33601 0)
(2.1346 0.0304389 0)
(1.98276 -0.24863 0)
(1.89935 -0.387453 0)
(1.91427 -0.44149 0)
(1.95813 -0.446667 0)
(2.00315 -0.439511 0)
(2.05038 -0.445751 0)
(2.09432 -0.462895 0)
(2.12723 -0.474276 0)
(2.15671 -0.488851 0)
(2.18459 -0.503451 0)
(2.2075 -0.509817 0)
(2.22832 -0.508498 0)
(2.25441 -0.509242 0)
(2.28657 -0.516285 0)
(2.32137 -0.525376 0)
(2.35586 -0.532569 0)
(2.3869 -0.535553 0)
(2.41141 -0.535548 0)
(2.42967 -0.536923 0)
(2.44599 -0.540758 0)
(2.46392 -0.544681 0)
(2.48414 -0.546542 0)
(2.50681 -0.544621 0)
(2.53089 -0.540036 0)
(2.55456 -0.537139 0)
(2.5771 -0.540553 0)
(2.59809 -0.546402 0)
(2.61751 -0.549732 0)
(2.63541 -0.550376 0)
(2.65328 -0.547745 0)
(2.67141 -0.539561 0)
(2.68734 -0.526534 0)
(2.70054 -0.519674 0)
(2.71477 -0.527317 0)
(2.72965 -0.540728 0)
(2.74553 -0.549483 0)
(2.76564 -0.544939 0)
(2.78706 -0.529027 0)
(2.80387 -0.510942 0)
(2.81448 -0.506938 0)
(2.821 -0.524988 0)
(2.82155 -0.543617 0)
(2.83193 -0.541158 0)
(2.85357 -0.527209 0)
(2.87002 -0.509844 0)
(2.88496 -0.495044 0)
(2.89689 -0.49555 0)
(2.90512 -0.500195 0)
(2.91192 -0.501396 0)
(2.91227 -0.499355 0)
(2.91525 -0.486791 0)
(2.92962 -0.469103 0)
(2.94328 -0.453845 0)
(2.9574 -0.438388 0)
(2.97202 -0.4256 0)
(2.97955 -0.420056 0)
(2.98158 -0.412257 0)
(2.97989 -0.391721 0)
(2.97862 -0.357092 0)
(2.98528 -0.32681 0)
(2.99456 -0.306898 0)
(3.00081 -0.279898 0)
(3.01138 -0.24256 0)
(3.02656 -0.21937 0)
(3.03663 -0.216156 0)
(3.04082 -0.216562 0)
(3.0502 -0.204148 0)
(3.0484 -0.176266 0)
(3.03537 -0.158427 0)
(3.03162 -0.151065 0)
(3.04041 -0.139234 0)
(3.05356 -0.128766 0)
(3.06898 -0.121544 0)
(2.68706 0.427675 0)
(2.0105 0.901929 0)
(1.82573 0.988972 0)
(1.82731 0.984537 0)
(1.86859 0.95565 0)
(1.90333 0.9295 0)
(1.93493 0.903478 0)
(1.97052 0.875313 0)
(1.99886 0.858052 0)
(2.02944 0.833459 0)
(2.06962 0.790579 0)
(2.10355 0.758485 0)
(2.12655 0.752415 0)
(2.14699 0.737723 0)
(2.18988 0.689647 0)
(2.22808 0.636084 0)
(2.24395 0.632744 0)
(2.27851 0.611853 0)
(2.30956 0.59885 0)
(2.29981 0.51233 0)
(2.23676 0.3293 0)
(2.01769 -0.0317557 0)
(1.89381 -0.243537 0)
(1.87517 -0.374429 0)
(1.89553 -0.402754 0)
(1.94484 -0.403052 0)
(1.98685 -0.388184 0)
(2.02531 -0.38978 0)
(2.06846 -0.407177 0)
(2.10613 -0.424743 0)
(2.13923 -0.437516 0)
(2.17141 -0.447469 0)
(2.20194 -0.458388 0)
(2.22903 -0.464871 0)
(2.25312 -0.464841 0)
(2.27838 -0.465336 0)
(2.30807 -0.470762 0)
(2.34016 -0.478258 0)
(2.37165 -0.48396 0)
(2.40048 -0.485359 0)
(2.42552 -0.483781 0)
(2.4471 -0.483514 0)
(2.46642 -0.486062 0)
(2.48488 -0.490087 0)
(2.50424 -0.4935 0)
(2.52599 -0.493752 0)
(2.54916 -0.490862 0)
(2.57167 -0.486521 0)
(2.59147 -0.484457 0)
(2.60803 -0.485307 0)
(2.62453 -0.486987 0)
(2.64339 -0.490488 0)
(2.6647 -0.492373 0)
(2.68674 -0.486855 0)
(2.70273 -0.471061 0)
(2.70495 -0.453671 0)
(2.70752 -0.45455 0)
(2.72419 -0.467936 0)
(2.74422 -0.477949 0)
(2.76882 -0.481231 0)
(2.79401 -0.47799 0)
(2.81514 -0.471083 0)
(2.8301 -0.465341 0)
(2.83377 -0.46675 0)
(2.82189 -0.470935 0)
(2.82302 -0.46695 0)
(2.84443 -0.458186 0)
(2.867 -0.452108 0)
(2.89009 -0.453084 0)
(2.90856 -0.46196 0)
(2.91714 -0.465676 0)
(2.92306 -0.4635 0)
(2.92648 -0.459506 0)
(2.92904 -0.449891 0)
(2.93627 -0.438647 0)
(2.94601 -0.432457 0)
(2.95885 -0.424796 0)
(2.97456 -0.411496 0)
(2.98746 -0.399606 0)
(2.99372 -0.396187 0)
(2.99694 -0.398093 0)
(2.99771 -0.395388 0)
(3.00197 -0.371813 0)
(3.00903 -0.347505 0)
(3.01943 -0.333451 0)
(3.0305 -0.308436 0)
(3.04265 -0.277773 0)
(3.05387 -0.253145 0)
(3.0632 -0.23432 0)
(3.06648 -0.220268 0)
(3.06614 -0.201481 0)
(3.0564 -0.171083 0)
(3.04998 -0.148703 0)
(3.05139 -0.14235 0)
(3.0566 -0.138337 0)
(3.07455 -0.113651 0)
(2.98473 0.0459469 0)
(2.55875 0.535932 0)
(1.98804 0.930349 0)
(1.86026 0.990923 0)
(1.86873 0.982043 0)
(1.90829 0.951693 0)
(1.94575 0.923264 0)
(1.97082 0.907787 0)
(2.00393 0.882469 0)
(2.04372 0.842357 0)
(2.07242 0.813372 0)
(2.09205 0.80525 0)
(2.11715 0.793063 0)
(2.15738 0.749169 0)
(2.20072 0.68828 0)
(2.2137 0.682231 0)
(2.23508 0.674429 0)
(2.26826 0.654162 0)
(2.251 0.550627 0)
(2.13906 0.298006 0)
(1.90834 -0.0699972 0)
(1.84668 -0.215471 0)
(1.84991 -0.31104 0)
(1.88441 -0.324289 0)
(1.93363 -0.334224 0)
(1.97992 -0.336332 0)
(2.01697 -0.339103 0)
(2.05382 -0.357773 0)
(2.08709 -0.376712 0)
(2.11876 -0.38999 0)
(2.15191 -0.400914 0)
(2.18745 -0.411454 0)
(2.22218 -0.41709 0)
(2.25195 -0.415527 0)
(2.27641 -0.412431 0)
(2.30111 -0.41572 0)
(2.3299 -0.424961 0)
(2.36048 -0.434966 0)
(2.38973 -0.441785 0)
(2.41689 -0.442996 0)
(2.44272 -0.440078 0)
(2.46712 -0.436915 0)
(2.489 -0.43522 0)
(2.50676 -0.434875 0)
(2.52156 -0.435691 0)
(2.53914 -0.436787 0)
(2.56194 -0.437978 0)
(2.58607 -0.439241 0)
(2.60839 -0.440875 0)
(2.62705 -0.440938 0)
(2.6426 -0.439254 0)
(2.65972 -0.443677 0)
(2.67998 -0.450624 0)
(2.70192 -0.451932 0)
(2.72179 -0.443774 0)
(2.73418 -0.427062 0)
(2.73502 -0.413177 0)
(2.73708 -0.418607 0)
(2.74931 -0.428162 0)
(2.77131 -0.42954 0)
(2.79988 -0.42364 0)
(2.82507 -0.413259 0)
(2.84142 -0.411075 0)
(2.85085 -0.425645 0)
(2.85063 -0.43739 0)
(2.85336 -0.433004 0)
(2.86057 -0.415566 0)
(2.86562 -0.396277 0)
(2.87201 -0.389163 0)
(2.89229 -0.397044 0)
(2.91165 -0.406952 0)
(2.92756 -0.416943 0)
(2.94311 -0.425106 0)
(2.95428 -0.420346 0)
(2.95693 -0.405916 0)
(2.95604 -0.396723 0)
(2.95981 -0.393058 0)
(2.97102 -0.385129 0)
(2.98581 -0.371241 0)
(2.99897 -0.36271 0)
(3.00728 -0.362626 0)
(3.00887 -0.364655 0)
(3.00729 -0.366298 0)
(3.01332 -0.357813 0)
(3.03443 -0.349617 0)
(3.04517 -0.337515 0)
(3.05793 -0.314051 0)
(3.07029 -0.301781 0)
(3.07791 -0.29759 0)
(3.08419 -0.288862 0)
(3.08496 -0.262311 0)
(3.07399 -0.219116 0)
(3.06987 -0.20109 0)
(3.06963 -0.183394 0)
(3.07219 -0.180266 0)
(3.08094 -0.139659 0)
(2.99968 0.00141697 0)
(2.96547 0.077529 0)
(2.46396 0.617063 0)
(1.99053 0.94213 0)
(1.89397 0.990356 0)
(1.90635 0.980505 0)
(1.94151 0.956124 0)
(1.98558 0.920907 0)
(2.01429 0.896343 0)
(2.03946 0.875401 0)
(2.06558 0.852362 0)
(2.104 0.819084 0)
(2.12599 0.803033 0)
(2.15822 0.772384 0)
(2.18573 0.744037 0)
(2.20602 0.724375 0)
(2.23038 0.685695 0)
(2.1974 0.565268 0)
(2.03437 0.25403 0)
(1.81117 -0.100095 0)
(1.77041 -0.248974 0)
(1.80493 -0.28602 0)
(1.86289 -0.292589 0)
(1.91683 -0.298014 0)
(1.96502 -0.298284 0)
(2.00444 -0.299453 0)
(2.04128 -0.3084 0)
(2.07651 -0.322466 0)
(2.10784 -0.336896 0)
(2.13884 -0.349925 0)
(2.17282 -0.36227 0)
(2.20859 -0.370674 0)
(2.24386 -0.371851 0)
(2.27503 -0.367658 0)
(2.30078 -0.366701 0)
(2.32472 -0.374101 0)
(2.35072 -0.384921 0)
(2.37852 -0.393159 0)
(2.40625 -0.395749 0)
(2.43335 -0.392568 0)
(2.45971 -0.388193 0)
(2.48549 -0.387444 0)
(2.50924 -0.390294 0)
(2.52867 -0.393484 0)
(2.54373 -0.393678 0)
(2.5573 -0.389557 0)
(2.57275 -0.384094 0)
(2.59192 -0.381389 0)
(2.61363 -0.38271 0)
(2.63446 -0.384428 0)
(2.65278 -0.384271 0)
(2.66997 -0.386871 0)
(2.68785 -0.392759 0)
(2.70812 -0.39404 0)
(2.73043 -0.387599 0)
(2.74844 -0.378163 0)
(2.75668 -0.370164 0)
(2.75928 -0.368694 0)
(2.76671 -0.376826 0)
(2.77701 -0.382292 0)
(2.79267 -0.378081 0)
(2.81221 -0.365217 0)
(2.82762 -0.353845 0)
(2.84432 -0.35514 0)
(2.86233 -0.36526 0)
(2.87369 -0.375672 0)
(2.88138 -0.378489 0)
(2.88857 -0.368007 0)
(2.89473 -0.355403 0)
(2.89491 -0.35004 0)
(2.89685 -0.358451 0)
(2.9105 -0.363833 0)
(2.92781 -0.363614 0)
(2.94662 -0.361284 0)
(2.96523 -0.358278 0)
(2.97729 -0.355441 0)
(2.98246 -0.353174 0)
(2.98206 -0.348008 0)
(2.97998 -0.337874 0)
(2.98463 -0.327673 0)
(2.99495 -0.325979 0)
(3.00572 -0.329807 0)
(3.01528 -0.335038 0)
(3.02198 -0.335171 0)
(3.03276 -0.326236 0)
(3.04916 -0.314181 0)
(3.06237 -0.30458 0)
(3.07426 -0.297918 0)
(3.08253 -0.2972 0)
(3.08624 -0.300132 0)
(3.08402 -0.292858 0)
(3.07494 -0.259058 0)
(3.07238 -0.235857 0)
(3.07447 -0.225774 0)
(3.0806 -0.209483 0)
(3.0905 -0.172598 0)
(3 4.35079e-06 0)
(2.9992 0.00336976 0)
(2.94174 0.113164 0)
(2.39632 0.67409 0)
(2.00737 0.94799 0)
(1.92904 0.986497 0)
(1.943 0.976567 0)
(1.98014 0.949833 0)
(2.00998 0.925679 0)
(2.04739 0.891077 0)
(2.07634 0.863263 0)
(2.09584 0.854858 0)
(2.11434 0.841501 0)
(2.17024 0.790859 0)
(2.18791 0.770152 0)
(2.19724 0.71727 0)
(2.12667 0.551208 0)
(1.9272 0.203047 0)
(1.76839 -0.0678418 0)
(1.76958 -0.160262 0)
(1.79672 -0.19106 0)
(1.84525 -0.212554 0)
(1.90234 -0.233789 0)
(1.94879 -0.252508 0)
(1.98534 -0.256687 0)
(2.01963 -0.257133 0)
(2.05719 -0.26729 0)
(2.0947 -0.281279 0)
(2.12961 -0.293189 0)
(2.16374 -0.303599 0)
(2.19815 -0.313787 0)
(2.23165 -0.320847 0)
(2.26373 -0.320825 0)
(2.29344 -0.315674 0)
(2.31923 -0.313961 0)
(2.34241 -0.322297 0)
(2.36588 -0.335815 0)
(2.39192 -0.345351 0)
(2.42142 -0.347047 0)
(2.45141 -0.343517 0)
(2.47922 -0.339262 0)
(2.50407 -0.337314 0)
(2.5249 -0.338902 0)
(2.54217 -0.343194 0)
(2.55815 -0.347517 0)
(2.57484 -0.348637 0)
(2.59246 -0.345403 0)
(2.60966 -0.33927 0)
(2.6263 -0.334553 0)
(2.64558 -0.33438 0)
(2.66577 -0.338097 0)
(2.68487 -0.344755 0)
(2.70251 -0.351504 0)
(2.71976 -0.351756 0)
(2.73362 -0.338656 0)
(2.74416 -0.316919 0)
(2.75609 -0.30352 0)
(2.77045 -0.308594 0)
(2.78481 -0.326428 0)
(2.7985 -0.345408 0)
(2.80932 -0.349148 0)
(2.82205 -0.335458 0)
(2.83451 -0.316454 0)
(2.84299 -0.302945 0)
(2.85042 -0.304882 0)
(2.86278 -0.309785 0)
(2.87906 -0.309211 0)
(2.89379 -0.30602 0)
(2.90513 -0.303306 0)
(2.90701 -0.307386 0)
(2.89693 -0.308269 0)
(2.90097 -0.308003 0)
(2.92223 -0.309384 0)
(2.94324 -0.307448 0)
(2.96192 -0.299737 0)
(2.97979 -0.296471 0)
(2.99358 -0.300034 0)
(3.00101 -0.304185 0)
(2.99408 -0.294413 0)
(2.98379 -0.281208 0)
(2.99681 -0.284719 0)
(3.01177 -0.291877 0)
(3.02496 -0.299359 0)
(3.03914 -0.303218 0)
(3.0504 -0.293037 0)
(3.05595 -0.279363 0)
(3.06114 -0.270047 0)
(3.06762 -0.268035 0)
(3.07365 -0.26977 0)
(3.07687 -0.271336 0)
(3.07377 -0.268065 0)
(3.06181 -0.254465 0)
(3.06363 -0.238149 0)
(3.0734 -0.23652 0)
(3.08327 -0.234593 0)
(3.09773 -0.219394 0)
(3 4.51346e-09 0)
(3 1.5078e-05 0)
(2.99847 0.00606047 0)
(2.91014 0.151278 0)
(2.37285 0.703717 0)
(2.0227 0.951162 0)
(1.95796 0.986793 0)
(1.96873 0.976919 0)
(2.00944 0.944688 0)
(2.04419 0.915175 0)
(2.07279 0.896639 0)
(2.08933 0.883342 0)
(2.13752 0.837621 0)
(2.1659 0.829253 0)
(2.15334 0.756814 0)
(2.02939 0.517298 0)
(1.8086 0.133655 0)
(1.68836 -0.0993726 0)
(1.72049 -0.191315 0)
(1.76084 -0.188043 0)
(1.82025 -0.174206 0)
(1.87481 -0.172475 0)
(1.93006 -0.190129 0)
(1.97614 -0.211624 0)
(2.01294 -0.227484 0)
(2.04807 -0.239027 0)
(2.08373 -0.24501 0)
(2.11823 -0.24812 0)
(2.1528 -0.253474 0)
(2.1886 -0.262206 0)
(2.22371 -0.271699 0)
(2.25579 -0.277363 0)
(2.28495 -0.275396 0)
(2.31202 -0.268888 0)
(2.33702 -0.267096 0)
(2.36052 -0.276132 0)
(2.38311 -0.290251 0)
(2.4071 -0.299111 0)
(2.43585 -0.298746 0)
(2.46657 -0.29343 0)
(2.49508 -0.28902 0)
(2.51907 -0.287664 0)
(2.53709 -0.288505 0)
(2.5514 -0.29089 0)
(2.56785 -0.294196 0)
(2.58774 -0.296733 0)
(2.60842 -0.296804 0)
(2.62703 -0.292812 0)
(2.6407 -0.284971 0)
(2.64904 -0.278514 0)
(2.6641 -0.281372 0)
(2.68882 -0.290857 0)
(2.71043 -0.299814 0)
(2.73 -0.308664 0)
(2.74475 -0.30154 0)
(2.75456 -0.275307 0)
(2.75669 -0.253454 0)
(2.76129 -0.255336 0)
(2.77258 -0.274122 0)
(2.78784 -0.288964 0)
(2.81146 -0.291393 0)
(2.83112 -0.281779 0)
(2.84102 -0.269633 0)
(2.85171 -0.268791 0)
(2.86225 -0.265823 0)
(2.8739 -0.260391 0)
(2.88313 -0.259292 0)
(2.88908 -0.26068 0)
(2.88953 -0.258216 0)
(2.88858 -0.256701 0)
(2.90053 -0.263956 0)
(2.91499 -0.264376 0)
(2.92881 -0.260331 0)
(2.93961 -0.253861 0)
(2.95005 -0.249916 0)
(2.96266 -0.249273 0)
(2.97558 -0.249635 0)
(2.98722 -0.248525 0)
(2.99504 -0.245607 0)
(2.99813 -0.236278 0)
(2.9974 -0.230052 0)
(3.00093 -0.237659 0)
(3.00769 -0.250418 0)
(3.01443 -0.254573 0)
(3.02389 -0.248952 0)
(3.0383 -0.238918 0)
(3.05251 -0.229865 0)
(3.06442 -0.226181 0)
(3.07333 -0.226678 0)
(3.07838 -0.229376 0)
(3.07704 -0.228764 0)
(3.06494 -0.216422 0)
(3.05978 -0.209246 0)
(3.06755 -0.212804 0)
(3.07771 -0.212482 0)
(3.09547 -0.208476 0)
(3 5.88599e-13 0)
(3 2.06844e-08 0)
(2.99999 3.61785e-05 0)
(2.99706 0.00947499 0)
(2.89241 0.18036 0)
(2.35481 0.725014 0)
(2.03256 0.958952 0)
(1.9865 0.983639 0)
(2.00024 0.972634 0)
(2.04399 0.936727 0)
(2.06913 0.919813 0)
(2.10934 0.886169 0)
(2.13395 0.871144 0)
(2.1144 0.790877 0)
(1.91959 0.466479 0)
(1.69141 0.0830792 0)
(1.67731 -0.0395266 0)
(1.69694 -0.0794781 0)
(1.74667 -0.117217 0)
(1.79831 -0.134176 0)
(1.85554 -0.140935 0)
(1.90725 -0.151575 0)
(1.95307 -0.160139 0)
(1.99475 -0.169117 0)
(2.03272 -0.17725 0)
(2.06795 -0.184977 0)
(2.10182 -0.192598 0)
(2.13611 -0.200308 0)
(2.17158 -0.208503 0)
(2.20749 -0.216878 0)
(2.2418 -0.224658 0)
(2.2726 -0.229809 0)
(2.30046 -0.229492 0)
(2.32677 -0.223611 0)
(2.35071 -0.217163 0)
(2.37169 -0.218482 0)
(2.39304 -0.22869 0)
(2.41717 -0.238833 0)
(2.44452 -0.243069 0)
(2.47516 -0.241921 0)
(2.50584 -0.239507 0)
(2.531 -0.240207 0)
(2.54915 -0.242271 0)
(2.56386 -0.242996 0)
(2.58078 -0.24313 0)
(2.60127 -0.244268 0)
(2.62328 -0.245594 0)
(2.64362 -0.245149 0)
(2.65903 -0.243374 0)
(2.66876 -0.238103 0)
(2.6766 -0.230259 0)
(2.68642 -0.23174 0)
(2.69769 -0.242097 0)
(2.7115 -0.245311 0)
(2.73628 -0.238286 0)
(2.75608 -0.226779 0)
(2.76872 -0.213741 0)
(2.77481 -0.212238 0)
(2.7854 -0.224025 0)
(2.79399 -0.235009 0)
(2.799 -0.237226 0)
(2.8123 -0.226875 0)
(2.82398 -0.214942 0)
(2.83618 -0.21111 0)
(2.85834 -0.214828 0)
(2.87927 -0.217548 0)
(2.89721 -0.21973 0)
(2.90143 -0.216341 0)
(2.89818 -0.210984 0)
(2.89462 -0.204809 0)
(2.89414 -0.201214 0)
(2.90635 -0.204426 0)
(2.92325 -0.206763 0)
(2.94009 -0.205714 0)
(2.95221 -0.202527 0)
(2.96258 -0.205856 0)
(2.97519 -0.209001 0)
(2.98675 -0.204878 0)
(2.99787 -0.193408 0)
(3.00612 -0.183277 0)
(3.01097 -0.183185 0)
(3.01328 -0.19403 0)
(3.01348 -0.207058 0)
(3.01524 -0.210918 0)
(3.02336 -0.208898 0)
(3.03948 -0.201845 0)
(3.05511 -0.194015 0)
(3.06877 -0.19041 0)
(3.08059 -0.190581 0)
(3.08861 -0.193313 0)
(3.08821 -0.194307 0)
(3.07529 -0.184023 0)
(3.06827 -0.17869 0)
(3.0741 -0.178231 0)
(3.08789 -0.174058 0)
(3.10498 -0.168717 0)
(3 -1.4759e-15 0)
(3 3.81622e-12 0)
(3 6.11881e-08 0)
(2.99998 7.35209e-05 0)
(2.99606 0.0125427 0)
(2.87488 0.204359 0)
(2.33703 0.742419 0)
(2.07225 0.943866 0)
(2.02244 0.974677 0)
(2.03165 0.967936 0)
(2.06607 0.944683 0)
(2.10323 0.918666 0)
(2.07844 0.808593 0)
(1.81418 0.402852 0)
(1.59215 0.0646584 0)
(1.61061 -0.0902866 0)
(1.65339 -0.0893519 0)
(1.70472 -0.0832779 0)
(1.75905 -0.0806954 0)
(1.82312 -0.0970756 0)
(1.88661 -0.119172 0)
(1.93903 -0.133566 0)
(1.98148 -0.138633 0)
(2.01882 -0.140857 0)
(2.05471 -0.145849 0)
(2.09006 -0.15381 0)
(2.12459 -0.161011 0)
(2.15893 -0.166171 0)
(2.19307 -0.171178 0)
(2.22613 -0.176418 0)
(2.25695 -0.180489 0)
(2.28498 -0.18267 0)
(2.31112 -0.183125 0)
(2.3373 -0.181869 0)
(2.36415 -0.180163 0)
(2.39053 -0.180633 0)
(2.41479 -0.184808 0)
(2.43826 -0.189864 0)
(2.4626 -0.193032 0)
(2.48812 -0.19332 0)
(2.51601 -0.191378 0)
(2.54061 -0.191105 0)
(2.55685 -0.193212 0)
(2.5717 -0.194475 0)
(2.58973 -0.193989 0)
(2.6087 -0.192435 0)
(2.62508 -0.190905 0)
(2.6375 -0.18961 0)
(2.64973 -0.186147 0)
(2.66611 -0.182118 0)
(2.68492 -0.181997 0)
(2.70392 -0.186962 0)
(2.71984 -0.193029 0)
(2.73106 -0.191867 0)
(2.73772 -0.187497 0)
(2.74349 -0.179447 0)
(2.74897 -0.168165 0)
(2.75509 -0.164618 0)
(2.76872 -0.172164 0)
(2.78803 -0.18344 0)
(2.80704 -0.190137 0)
(2.8255 -0.186605 0)
(2.8418 -0.175737 0)
(2.85495 -0.163849 0)
(2.86407 -0.164299 0)
(2.86864 -0.176253 0)
(2.86926 -0.182999 0)
(2.86537 -0.175443 0)
(2.86509 -0.158084 0)
(2.88194 -0.152825 0)
(2.90359 -0.158636 0)
(2.92353 -0.165772 0)
(2.94064 -0.170864 0)
(2.95485 -0.169711 0)
(2.96528 -0.162498 0)
(2.96834 -0.157699 0)
(2.96614 -0.161668 0)
(2.96925 -0.161599 0)
(2.97819 -0.153126 0)
(2.98669 -0.14472 0)
(2.99091 -0.143542 0)
(2.9914 -0.153354 0)
(2.99044 -0.166284 0)
(2.99476 -0.170007 0)
(3.00763 -0.166755 0)
(3.02413 -0.160321 0)
(3.03908 -0.152936 0)
(3.0529 -0.149422 0)
(3.06511 -0.149673 0)
(3.0725 -0.153356 0)
(3.06913 -0.157811 0)
(3.054 -0.148901 0)
(3.04992 -0.146094 0)
(3.05505 -0.147911 0)
(3.06802 -0.144851 0)
(3.08612 -0.141686 0)
(3 -1.59227e-15 0)
(3 -4.65727e-16 0)
(3 1.49512e-11 0)
(3 1.49424e-07 0)
(2.99996 0.000110226 0)
(2.99443 0.0160121 0)
(2.86884 0.209655 0)
(2.35504 0.736324 0)
(2.10128 0.934726 0)
(2.05675 0.982809 0)
(2.06559 0.969347 0)
(2.03723 0.813403 0)
(1.76556 0.354398 0)
(1.55989 0.0846462 0)
(1.5596 0.00965142 0)
(1.6112 -0.0146701 0)
(1.67778 -0.0437378 0)
(1.73835 -0.0607203 0)
(1.78983 -0.0767224 0)
(1.84297 -0.0837217 0)
(1.89951 -0.0904599 0)
(1.95114 -0.0951118 0)
(1.99297 -0.0960087 0)
(2.02857 -0.0980744 0)
(2.06305 -0.102926 0)
(2.09803 -0.107733 0)
(2.13394 -0.111558 0)
(2.17016 -0.115778 0)
(2.20571 -0.121261 0)
(2.2383 -0.126318 0)
(2.26623 -0.128308 0)
(2.28984 -0.12805 0)
(2.31228 -0.128909 0)
(2.3358 -0.131277 0)
(2.3622 -0.131377 0)
(2.38873 -0.12828 0)
(2.41681 -0.124822 0)
(2.44039 -0.123952 0)
(2.4607 -0.126468 0)
(2.47787 -0.135199 0)
(2.49362 -0.140235 0)
(2.51185 -0.138097 0)
(2.53207 -0.135676 0)
(2.55433 -0.133888 0)
(2.57631 -0.132899 0)
(2.59592 -0.132851 0)
(2.61156 -0.133757 0)
(2.62253 -0.133531 0)
(2.63025 -0.130179 0)
(2.64024 -0.126511 0)
(2.65629 -0.124203 0)
(2.67555 -0.124219 0)
(2.69567 -0.127014 0)
(2.71469 -0.130797 0)
(2.73013 -0.131498 0)
(2.74014 -0.125173 0)
(2.74646 -0.116781 0)
(2.75357 -0.114979 0)
(2.76399 -0.120476 0)
(2.7746 -0.127905 0)
(2.78425 -0.130362 0)
(2.79741 -0.123299 0)
(2.81361 -0.112357 0)
(2.83181 -0.107484 0)
(2.84979 -0.112368 0)
(2.85956 -0.121316 0)
(2.8584 -0.126099 0)
(2.85395 -0.120526 0)
(2.85827 -0.109305 0)
(2.86947 -0.104201 0)
(2.88627 -0.108175 0)
(2.90254 -0.114159 0)
(2.91565 -0.11681 0)
(2.92788 -0.113575 0)
(2.94027 -0.106326 0)
(2.9529 -0.104157 0)
(2.96291 -0.1092 0)
(2.96749 -0.110754 0)
(2.97077 -0.104917 0)
(2.97424 -0.0974884 0)
(2.97792 -0.0951107 0)
(2.9828 -0.101867 0)
(2.98818 -0.110544 0)
(2.99668 -0.113229 0)
(3.00977 -0.111599 0)
(3.02459 -0.106983 0)
(3.03922 -0.101009 0)
(3.05333 -0.0982236 0)
(3.06537 -0.0976792 0)
(3.07176 -0.10079 0)
(3.06637 -0.105768 0)
(3.05001 -0.0993682 0)
(3.04758 -0.097761 0)
(3.05607 -0.100685 0)
(3.07053 -0.0980109 0)
(3.09044 -0.0964748 0)
(3 -7.7751e-16 0)
(3 -7.73358e-16 0)
(3 9.76993e-16 0)
(3 4.73687e-11 0)
(3 2.23599e-07 0)
(2.99993 0.000183691 0)
(2.99571 0.0142044 0)
(2.83205 0.237473 0)
(2.47717 0.679854 0)
(2.15487 1.02985 0)
(1.98087 0.834634 0)
(1.5203 0.239258 0)
(1.33727 -0.0732374 0)
(1.44256 -0.0829646 0)
(1.54164 -0.0417813 0)
(1.62487 -0.0193194 0)
(1.69814 -0.0247284 0)
(1.76964 -0.0398953 0)
(1.82644 -0.0516914 0)
(1.87445 -0.0541726 0)
(1.9195 -0.0534658 0)
(1.96326 -0.0544926 0)
(2.00474 -0.0586093 0)
(2.04341 -0.0653765 0)
(2.08056 -0.0709419 0)
(2.11838 -0.0730182 0)
(2.15691 -0.0738879 0)
(2.19425 -0.0756996 0)
(2.22818 -0.079129 0)
(2.25757 -0.0815474 0)
(2.28436 -0.0808624 0)
(2.31105 -0.0783644 0)
(2.33502 -0.0787395 0)
(2.35223 -0.0819896 0)
(2.36897 -0.0832284 0)
(2.39934 -0.0800658 0)
(2.43085 -0.0758862 0)
(2.46099 -0.0744452 0)
(2.48469 -0.0763051 0)
(2.50164 -0.0817826 0)
(2.51017 -0.0869029 0)
(2.51967 -0.0878246 0)
(2.53967 -0.0852847 0)
(2.56434 -0.0822222 0)
(2.58806 -0.0802068 0)
(2.60774 -0.0794665 0)
(2.62174 -0.0796254 0)
(2.63052 -0.0790987 0)
(2.63769 -0.0775681 0)
(2.64859 -0.0759748 0)
(2.6652 -0.0742012 0)
(2.68554 -0.0745906 0)
(2.70654 -0.0780593 0)
(2.72451 -0.0820306 0)
(2.73714 -0.0818806 0)
(2.7457 -0.0762008 0)
(2.75317 -0.0692968 0)
(2.76199 -0.0673851 0)
(2.77203 -0.0716437 0)
(2.78127 -0.0771798 0)
(2.79084 -0.0778469 0)
(2.80378 -0.0721557 0)
(2.82013 -0.0656171 0)
(2.8392 -0.0644683 0)
(2.85642 -0.0694865 0)
(2.86548 -0.0759607 0)
(2.86441 -0.0782112 0)
(2.86029 -0.0724723 0)
(2.86357 -0.0645971 0)
(2.87608 -0.0625408 0)
(2.89282 -0.0655667 0)
(2.90802 -0.0691047 0)
(2.92104 -0.0706657 0)
(2.93342 -0.0690268 0)
(2.94619 -0.065211 0)
(2.95952 -0.064529 0)
(2.97044 -0.0676517 0)
(2.97616 -0.0686724 0)
(2.97841 -0.0640245 0)
(2.97971 -0.0579388 0)
(2.9826 -0.0570566 0)
(2.98823 -0.0652114 0)
(2.99685 -0.0718563 0)
(3.00855 -0.0718828 0)
(3.02016 -0.070522 0)
(3.03374 -0.0669625 0)
(3.04859 -0.0621334 0)
(3.06367 -0.0603539 0)
(3.07654 -0.0600972 0)
(3.08313 -0.0631513 0)
(3.07613 -0.0676645 0)
(3.05773 -0.063057 0)
(3.05653 -0.0625038 0)
(3.06657 -0.0663639 0)
(3.08208 -0.0643365 0)
(3.10259 -0.0634516 0)
(3 3.18558e-16 0)
(3 -4.73118e-17 0)
(3 -1.43268e-16 0)
(3 3.50608e-15 0)
(3 6.76758e-11 0)
(3 3.16081e-07 0)
(2.99994 0.000145855 0)
(2.99059 0.0124715 0)
(2.82818 0.178391 0)
(2.34045 0.547943 0)
(1.765 0.580865 0)
(1.25473 0.300974 0)
(1.27578 0.14716 0)
(1.48896 0.0245101 0)
(1.60493 -0.0155955 0)
(1.66417 -0.0163867 0)
(1.72403 -0.019083 0)
(1.79031 -0.0229063 0)
(1.85272 -0.0252173 0)
(1.90222 -0.0257058 0)
(1.94109 -0.0228972 0)
(1.9767 -0.0195579 0)
(2.01329 -0.0186891 0)
(2.05088 -0.0202758 0)
(2.08855 -0.0225317 0)
(2.12685 -0.0241226 0)
(2.16601 -0.0248959 0)
(2.20508 -0.0256953 0)
(2.24134 -0.0267736 0)
(2.27247 -0.0271156 0)
(2.29665 -0.0257802 0)
(2.31285 -0.0251952 0)
(2.32678 -0.025722 0)
(2.3497 -0.0255193 0)
(2.37858 -0.0252518 0)
(2.40646 -0.0268993 0)
(2.42946 -0.032536 0)
(2.4488 -0.0361503 0)
(2.46493 -0.0366749 0)
(2.47643 -0.0323676 0)
(2.48737 -0.032264 0)
(2.50442 -0.0359486 0)
(2.52584 -0.0372783 0)
(2.54901 -0.0376644 0)
(2.5711 -0.0383389 0)
(2.5892 -0.0394652 0)
(2.60156 -0.0406612 0)
(2.60904 -0.0406224 0)
(2.61609 -0.039365 0)
(2.62803 -0.03848 0)
(2.64586 -0.0382883 0)
(2.66636 -0.0398122 0)
(2.68529 -0.0428551 0)
(2.69934 -0.0452908 0)
(2.70897 -0.0443041 0)
(2.71808 -0.0395484 0)
(2.7296 -0.0353563 0)
(2.74262 -0.0357313 0)
(2.75282 -0.0398342 0)
(2.7591 -0.0437355 0)
(2.76688 -0.0434127 0)
(2.78042 -0.0390962 0)
(2.7986 -0.0354804 0)
(2.81917 -0.0355084 0)
(2.83562 -0.0389829 0)
(2.84189 -0.0425009 0)
(2.83923 -0.043415 0)
(2.8367 -0.0405192 0)
(2.84221 -0.0358411 0)
(2.85547 -0.0338379 0)
(2.87218 -0.0358234 0)
(2.88792 -0.0390744 0)
(2.90118 -0.0402955 0)
(2.91327 -0.0387978 0)
(2.92592 -0.0360559 0)
(2.93942 -0.0357449 0)
(2.95075 -0.0385516 0)
(2.95671 -0.0400388 0)
(2.95883 -0.0367561 0)
(2.96029 -0.0329324 0)
(2.96339 -0.0328461 0)
(2.96593 -0.0403425 0)
(2.97315 -0.0420749 0)
(2.98643 -0.040394 0)
(2.99832 -0.0397004 0)
(3.01267 -0.0369711 0)
(3.02896 -0.0344776 0)
(3.0462 -0.0343385 0)
(3.06018 -0.0354168 0)
(3.06564 -0.0389527 0)
(3.054 -0.0411408 0)
(3.03435 -0.0349557 0)
(3.03614 -0.0354366 0)
(3.04597 -0.0385749 0)
(3.06189 -0.0369121 0)
(3.08268 -0.036546 0)
)
;

boundaryField
{
    inlet
    {
        type            fixedValue;
        value           uniform (3 0 0);
    }
    outlet
    {
        type            inletOutlet;
        inletValue      uniform (3 0 0);
        value           nonuniform List<vector> 
32
(
(2.72401 0.0112109 0)
(2.72606 0.0335718 0)
(2.72165 0.0643865 0)
(2.71801 0.0723216 0)
(2.70969 0.0954218 0)
(2.70744 0.123651 0)
(2.70763 0.158417 0)
(2.72451 0.177307 0)
(2.75022 0.183972 0)
(2.7679 0.201997 0)
(2.77793 0.235433 0)
(2.79603 0.268366 0)
(2.82231 0.277239 0)
(2.86997 0.239824 0)
(2.93412 0.154685 0)
(2.99264 -0.0785425 0)
(3.0173 -0.204329 0)
(3.03034 -0.206177 0)
(3.04311 -0.19292 0)
(3.05929 -0.178115 0)
(3.05894 -0.150823 0)
(3.06898 -0.121544 0)
(3.07455 -0.113651 0)
(3.08094 -0.139659 0)
(3.0905 -0.172598 0)
(3.09773 -0.219394 0)
(3.09547 -0.208476 0)
(3.10498 -0.168717 0)
(3.08612 -0.141686 0)
(3.09044 -0.0964748 0)
(3.10259 -0.0634516 0)
(3.08268 -0.036546 0)
)
;
    }
    bottom
    {
        type            symmetryPlane;
    }
    top
    {
        type            symmetryPlane;
    }
    obstacle
    {
        type            slip;
    }
    defaultFaces
    {
        type            empty;
    }
}


// ************************************************************************* //
