/*--------------------------------*- C++ -*----------------------------------*\
  =========                 |
  \\      /  F ield         | OpenFOAM: The Open Source CFD Toolbox
   \\    /   O peration     | Website:  https://openfoam.org
    \\  /    A nd           | Version:  7
     \\/     M anipulation  |
\*---------------------------------------------------------------------------*/
FoamFile
{
    version     2.0;
    format      ascii;
    class       volVectorField;
    location    "2.1";
    object      U;
}
// * * * * * * * * * * * * * * * * * * * * * * * * * * * * * * * * * * * * * //

dimensions      [0 1 -1 0 0 0 0];

internalField   nonuniform List<vector> 
4032
(
(3 -8.99569e-17 0)
(3 -8.96998e-17 0)
(3 3.2713e-16 0)
(3 3.4773e-16 0)
(3 2.33208e-16 0)
(3 8.43466e-16 0)
(3 1.07279e-15 0)
(3 9.04293e-16 0)
(3 3.84524e-16 0)
(3 3.1473e-16 0)
(3 5.60129e-16 0)
(3 4.93068e-17 0)
(1.29299 0.0159274 0)
(0.731237 0.0160693 0)
(0.671452 0.022159 0)
(0.615467 0.0247461 0)
(0.555831 0.0264298 0)
(0.495935 0.0278627 0)
(0.434427 0.0296397 0)
(0.369459 0.0320245 0)
(0.299169 0.0349141 0)
(0.221806 0.0386797 0)
(0.137471 0.0412617 0)
(0.0503641 0.045288 0)
(3 1.27312e-16 0)
(3 -3.26343e-17 0)
(3 -1.19427e-16 0)
(3 1.17263e-17 0)
(3 -1.40967e-16 0)
(3 4.69847e-16 0)
(3 1.54159e-15 0)
(3 1.5172e-15 0)
(3 9.44498e-16 0)
(3 3.82258e-16 0)
(3 3.6983e-16 0)
(3 -1.78279e-16 0)
(1.3214 0.0736619 0)
(0.724739 0.0651602 0)
(0.657269 0.0686404 0)
(0.599875 0.0744671 0)
(0.539066 0.0786951 0)
(0.478561 0.0827228 0)
(0.417194 0.0881341 0)
(0.353512 0.0958824 0)
(0.285769 0.105414 0)
(0.212278 0.11801 0)
(0.131595 0.127202 0)
(0.048595 0.139674 0)
(3 3.75467e-17 0)
(3 9.98598e-17 0)
(3 -2.8686e-16 0)
(3 -1.75669e-16 0)
(3 -4.07695e-17 0)
(3 -1.4635e-16 0)
(3 -6.58677e-18 0)
(3 1.79676e-16 0)
(3 1.62187e-18 0)
(3 -2.85679e-16 0)
(3 2.30473e-16 0)
(3 -5.22746e-16 0)
(1.40939 0.129805 0)
(0.73677 0.115566 0)
(0.660856 0.119485 0)
(0.600865 0.128265 0)
(0.537244 0.135009 0)
(0.474145 0.141021 0)
(0.410599 0.148716 0)
(0.345596 0.159954 0)
(0.27742 0.173729 0)
(0.205422 0.193352 0)
(0.126345 0.20847 0)
(0.0469129 0.228561 0)
(3 -2.15275e-16 0)
(3 -3.8749e-16 0)
(3 2.66082e-17 0)
(3 3.33651e-16 0)
(3 6.24581e-16 0)
(3 4.04045e-16 0)
(3 -6.40337e-16 0)
(3 -8.69218e-16 0)
(3 -6.52951e-16 0)
(3 9.497e-17 0)
(3 9.71135e-16 0)
(3 1.08236e-15 0)
(1.55093 0.182228 0)
(0.75488 0.16958 0)
(0.669237 0.172146 0)
(0.610197 0.182966 0)
(0.547382 0.192337 0)
(0.484655 0.200935 0)
(0.420535 0.211609 0)
(0.354217 0.227189 0)
(0.283809 0.245314 0)
(0.210509 0.271403 0)
(0.129099 0.29255 0)
(0.0470318 0.317918 0)
(3 4.44208e-17 0)
(3 1.45454e-16 0)
(3 3.70314e-16 0)
(3 3.19819e-16 0)
(3 3.30253e-16 0)
(3 1.4618e-16 0)
(3 4.61989e-16 0)
(3 9.79474e-16 0)
(3 1.23263e-15 0)
(3 1.49148e-15 0)
(3 1.3058e-15 0)
(3 1.23709e-15 0)
(1.75877 0.228613 0)
(0.782725 0.227553 0)
(0.679209 0.223889 0)
(0.622419 0.235513 0)
(0.562849 0.247447 0)
(0.502793 0.259428 0)
(0.440168 0.273949 0)
(0.375485 0.294634 0)
(0.305903 0.317461 0)
(0.232846 0.350795 0)
(0.14668 0.381949 0)
(0.0557201 0.41607 0)
(3 5.79098e-17 0)
(3 8.11968e-17 0)
(3 -3.82306e-16 0)
(3 -6.48471e-16 0)
(3 -5.05341e-16 0)
(3 -4.89301e-17 0)
(3 1.10089e-15 0)
(3 1.19353e-15 0)
(3 1.00812e-15 0)
(3 7.70639e-16 0)
(3 1.01038e-15 0)
(3 -9.38634e-16 0)
(2.03707 0.273052 0)
(0.817327 0.29789 0)
(0.681692 0.284484 0)
(0.62501 0.290111 0)
(0.569193 0.303282 0)
(0.514013 0.319101 0)
(0.455754 0.337982 0)
(0.394365 0.364614 0)
(0.323943 0.395388 0)
(0.245971 0.440626 0)
(0.157166 0.489496 0)
(0.0534016 0.532589 0)
(3 -5.55007e-17 0)
(3 -4.87255e-16 0)
(3 -1.14967e-15 0)
(3 -1.19212e-15 0)
(3 -8.8016e-16 0)
(3 2.73199e-16 0)
(3 8.24247e-16 0)
(3 4.58776e-16 0)
(3 4.67023e-16 0)
(3 7.0291e-16 0)
(3 1.69527e-15 0)
(3 -8.19428e-17 0)
(2.43681 0.297396 0)
(0.901419 0.381112 0)
(0.726079 0.342421 0)
(0.670306 0.346027 0)
(0.612144 0.358669 0)
(0.556636 0.376522 0)
(0.49922 0.400231 0)
(0.44006 0.435231 0)
(0.373449 0.476561 0)
(0.305735 0.531165 0)
(0.22167 0.595613 0)
(0.0979524 0.668956 0)
(3 -1.22201e-16 0)
(3 -4.53718e-16 0)
(3 -3.30228e-16 0)
(3 -8.41639e-18 0)
(3 -7.89874e-17 0)
(3 2.75869e-16 0)
(3 1.02747e-15 0)
(3 1.47797e-15 0)
(3 1.33717e-15 0)
(3 1.40245e-15 0)
(3 9.40529e-16 0)
(3 1.95599e-16 0)
(2.93831 0.143298 0)
(1.07386 0.429318 0)
(0.815135 0.377603 0)
(0.758633 0.386596 0)
(0.69364 0.406047 0)
(0.632647 0.42889 0)
(0.573907 0.458428 0)
(0.516988 0.499466 0)
(0.455669 0.546401 0)
(0.388099 0.623999 0)
(0.27179 0.752139 0)
(0.149583 0.927639 0)
(3 -6.3985e-17 0)
(3 -2.96092e-16 0)
(3 9.21907e-17 0)
(3 3.04191e-16 0)
(3 1.73479e-16 0)
(3 -1.06408e-16 0)
(3 6.87478e-17 0)
(3 8.39759e-16 0)
(3 1.06732e-15 0)
(3 7.15746e-16 0)
(3 -1.33728e-16 0)
(3 -7.90037e-18 0)
(3.03605 0.00882472 0)
(1.26077 0.410954 0)
(0.852955 0.430465 0)
(0.808953 0.456198 0)
(0.756478 0.469971 0)
(0.70383 0.489085 0)
(0.651087 0.519101 0)
(0.599645 0.566161 0)
(0.545178 0.626981 0)
(0.498411 0.739429 0)
(0.46657 0.913576 0)
(0.583298 1.20009 0)
(3 1.92706e-16 0)
(3 3.41084e-16 0)
(3 2.42378e-16 0)
(3 -7.48472e-17 0)
(3 -2.61886e-16 0)
(3 -8.00297e-16 0)
(3 -1.16531e-15 0)
(3 -8.44305e-16 0)
(3 -2.06271e-16 0)
(3 -6.12577e-16 0)
(3 -8.19511e-17 0)
(3 1.85603e-16 0)
(3.00109 -5.34621e-06 0)
(1.52411 0.426422 0)
(0.84831 0.47516 0)
(0.797257 0.498815 0)
(0.762073 0.519149 0)
(0.731098 0.545739 0)
(0.699093 0.579946 0)
(0.670596 0.629843 0)
(0.646195 0.698679 0)
(0.635234 0.81302 0)
(0.693724 0.952733 0)
(0.975397 1.12498 0)
(3 7.20961e-17 0)
(3 6.47771e-16 0)
(3 6.34209e-16 0)
(3 1.604e-17 0)
(3 -1.21005e-16 0)
(3 -2.51536e-16 0)
(3 -1.11552e-16 0)
(3 -1.32359e-16 0)
(3 7.69523e-18 0)
(3 1.19575e-16 0)
(3 8.90232e-16 0)
(3 9.10547e-16 0)
(3 -1.18857e-07 0)
(2.06556 0.462908 0)
(0.908097 0.547078 0)
(0.81287 0.529487 0)
(0.791186 0.553107 0)
(0.773308 0.582873 0)
(0.75468 0.619353 0)
(0.74429 0.670993 0)
(0.750436 0.744402 0)
(0.774326 0.846252 0)
(0.887861 0.957048 0)
(1.18594 1.05987 0)
(3 -1.05887e-16 0)
(3 7.99613e-17 0)
(3 4.83242e-16 0)
(3 4.74358e-16 0)
(3 4.60777e-16 0)
(3 -2.61549e-16 0)
(3 -3.52895e-16 0)
(3 -2.33288e-16 0)
(3 -1.88167e-16 0)
(3 2.88967e-16 0)
(3 2.22065e-16 0)
(3 5.64393e-16 0)
(3 -1.20362e-07 0)
(2.8372 0.266348 0)
(1.09966 0.604815 0)
(0.890305 0.548283 0)
(0.855825 0.569033 0)
(0.835547 0.604586 0)
(0.820948 0.645503 0)
(0.820121 0.697375 0)
(0.842081 0.766423 0)
(0.894407 0.852373 0)
(1.0315 0.940771 0)
(1.28058 0.997892 0)
(3 1.61167e-17 0)
(3 -7.94556e-17 0)
(3 -9.20896e-17 0)
(3 4.86471e-16 0)
(3 1.07844e-16 0)
(3 -4.77013e-16 0)
(3 -1.30157e-15 0)
(3 -1.20611e-15 0)
(3 -6.19015e-16 0)
(3 -1.23455e-16 0)
(3 2.69223e-16 0)
(3 7.14513e-16 0)
(3 -2.38252e-08 0)
(3.06473 0.0176297 0)
(1.41743 0.599524 0)
(0.959845 0.629591 0)
(0.904386 0.623733 0)
(0.88057 0.645484 0)
(0.874739 0.679639 0)
(0.88759 0.723631 0)
(0.920736 0.781095 0)
(0.991508 0.852017 0)
(1.13155 0.918177 0)
(1.33868 0.955323 0)
(3 -1.23588e-16 0)
(3 -3.85478e-16 0)
(3 8.93292e-18 0)
(3 1.77097e-16 0)
(3 7.44725e-17 0)
(3 2.49015e-16 0)
(3 5.61142e-17 0)
(3 -8.36338e-17 0)
(3 -1.27997e-16 0)
(3 1.29456e-16 0)
(3 6.67206e-16 0)
(3 1.49908e-15 0)
(3 -2.19261e-09 0)
(3.00263 2.26252e-05 0)
(1.95974 0.5854 0)
(1.01979 0.699815 0)
(0.95994 0.671801 0)
(0.941626 0.674571 0)
(0.939881 0.697993 0)
(0.956821 0.734813 0)
(0.994782 0.782901 0)
(1.06911 0.83835 0)
(1.19443 0.886815 0)
(1.35972 0.91049 0)
(3 -7.22062e-17 0)
(3 1.16987e-16 0)
(3 -1.05296e-16 0)
(3 -4.72838e-16 0)
(3 9.22438e-17 0)
(3 5.96811e-16 0)
(3 8.72707e-16 0)
(3 1.0232e-15 0)
(3 7.94177e-16 0)
(3 4.88047e-16 0)
(3 4.97752e-16 0)
(3 9.61972e-16 0)
(3 -5.82845e-11 0)
(3.00001 -2.59283e-07 0)
(2.88472 0.249492 0)
(1.23002 0.685696 0)
(1.04005 0.692176 0)
(1.03198 0.69369 0)
(1.02641 0.721409 0)
(1.03385 0.754712 0)
(1.06674 0.79689 0)
(1.13649 0.838064 0)
(1.24337 0.871021 0)
(1.37834 0.885999 0)
(3 2.4105e-16 0)
(3 3.66978e-16 0)
(3 -3.20897e-17 0)
(3 -3.878e-16 0)
(3 -6.40147e-16 0)
(3 -5.36273e-16 0)
(3 2.24476e-16 0)
(3 1.05537e-15 0)
(3 1.23246e-15 0)
(3 1.15009e-15 0)
(3 8.03424e-16 0)
(3 2.1536e-16 0)
(3 -1.04824e-13 0)
(3 -3.2105e-07 0)
(3.04905 0.0104139 0)
(1.51055 0.6492 0)
(1.06316 0.738274 0)
(1.07025 0.747643 0)
(1.06929 0.769636 0)
(1.08809 0.786954 0)
(1.12329 0.807346 0)
(1.1886 0.831529 0)
(1.27956 0.851722 0)
(1.39109 0.860395 0)
(3 3.04386e-16 0)
(3 -8.57124e-17 0)
(3 -4.79754e-16 0)
(3 -2.89787e-16 0)
(3 -3.0343e-16 0)
(3 -2.03413e-16 0)
(3 -1.32079e-16 0)
(3 4.12575e-16 0)
(3 1.0037e-15 0)
(3 9.0681e-16 0)
(3 3.57539e-16 0)
(3 5.44584e-16 0)
(3 -5.76146e-16 0)
(3 -5.92069e-08 0)
(3.00113 4.88607e-05 0)
(2.25186 0.55065 0)
(1.15714 0.780433 0)
(1.09946 0.785245 0)
(1.10869 0.788982 0)
(1.13225 0.800476 0)
(1.16981 0.817461 0)
(1.23017 0.835384 0)
(1.31126 0.849342 0)
(1.40593 0.852761 0)
(3 -3.37998e-17 0)
(3 -4.4798e-16 0)
(3 -2.4398e-16 0)
(3 -4.79176e-17 0)
(3 5.33169e-16 0)
(3 8.52315e-16 0)
(3 7.37101e-16 0)
(3 3.33025e-16 0)
(3 5.48312e-16 0)
(3 4.22717e-16 0)
(3 1.63506e-16 0)
(3 -2.62704e-16 0)
(3 -8.01143e-16 0)
(3 -2.60279e-09 0)
(3 -2.13505e-07 0)
(3.04497 0.104759 0)
(1.49492 0.775925 0)
(1.15994 0.782178 0)
(1.17067 0.788921 0)
(1.1861 0.805852 0)
(1.21975 0.819797 0)
(1.27218 0.832412 0)
(1.34179 0.841021 0)
(1.42381 0.841178 0)
(3 -3.94069e-16 0)
(3 -3.15885e-16 0)
(3 2.06926e-16 0)
(3 1.40562e-16 0)
(3 3.42713e-16 0)
(3 4.75313e-16 0)
(3 2.65773e-16 0)
(3 2.39621e-17 0)
(3 -5.44879e-17 0)
(3 6.48929e-17 0)
(3 3.20039e-17 0)
(3 -6.79271e-16 0)
(3 -7.06378e-16 0)
(3 -7.3102e-12 0)
(3 -3.90863e-07 0)
(3.01286 0.00185687 0)
(2.11378 0.676162 0)
(1.22084 0.844494 0)
(1.19888 0.837528 0)
(1.22748 0.837065 0)
(1.25978 0.842955 0)
(1.30808 0.848964 0)
(1.36896 0.851373 0)
(1.44054 0.847443 0)
(3 -4.41329e-17 0)
(3 -3.21919e-17 0)
(3 -4.49849e-16 0)
(3 -3.02674e-16 0)
(3 -1.61265e-16 0)
(3 -6.29038e-16 0)
(3 -9.60315e-16 0)
(3 -9.99118e-16 0)
(3 -1.32616e-15 0)
(3 -8.49496e-16 0)
(3 1.24562e-16 0)
(3 -1.63098e-16 0)
(3 -2.05958e-16 0)
(3 -7.42509e-15 0)
(3 -9.85486e-08 0)
(3.00007 1.6864e-05 0)
(2.99829 0.178732 0)
(1.54242 0.841293 0)
(1.24766 0.830922 0)
(1.28132 0.835752 0)
(1.30823 0.843371 0)
(1.35112 0.84762 0)
(1.40463 0.847643 0)
(1.46617 0.843806 0)
(3 3.77608e-17 0)
(3 -1.14869e-16 0)
(3 4.24126e-18 0)
(3 2.38332e-16 0)
(3 -2.44625e-16 0)
(3 -6.15921e-16 0)
(3 -7.4552e-16 0)
(3 -1.1365e-15 0)
(3 -1.16758e-15 0)
(3 -1.167e-15 0)
(3 -9.00167e-16 0)
(3 -4.66762e-16 0)
(3 -4.16957e-16 0)
(3 -9.01252e-16 0)
(3 -3.97862e-09 0)
(3 -3.96357e-07 0)
(3.01801 0.00530189 0)
(2.1807 0.699907 0)
(1.31765 0.886449 0)
(1.30235 0.880046 0)
(1.33812 0.875887 0)
(1.37678 0.874586 0)
(1.42552 0.869651 0)
(1.47984 0.863149 0)
(3 1.56999e-16 0)
(3 1.21166e-16 0)
(3 4.2951e-16 0)
(3 6.01078e-16 0)
(3 1.44271e-16 0)
(3 1.09798e-16 0)
(3 -1.7759e-16 0)
(3 -5.61687e-16 0)
(3 -1.17488e-15 0)
(3 -2.06815e-15 0)
(3 -2.22399e-15 0)
(3 -1.61243e-15 0)
(3 -1.13021e-15 0)
(3 -5.11031e-16 0)
(3 -1.94169e-11 0)
(3 -9.79818e-08 0)
(3.00013 9.01115e-05 0)
(2.99156 0.169183 0)
(1.67776 0.868402 0)
(1.33923 0.880268 0)
(1.38323 0.876602 0)
(1.41359 0.873702 0)
(1.45589 0.866919 0)
(1.5038 0.859585 0)
(3 2.13763e-16 0)
(3 3.17454e-16 0)
(3 -3.34452e-17 0)
(3 -1.09007e-16 0)
(3 -1.07609e-16 0)
(3 1.85148e-17 0)
(3 8.00818e-17 0)
(3 -9.27986e-17 0)
(3 -5.72948e-16 0)
(3 -8.2351e-16 0)
(3 -4.16176e-16 0)
(3 -7.84638e-16 0)
(3 -1.08862e-15 0)
(3 -7.33617e-16 0)
(3 -1.13028e-14 0)
(3 -8.84239e-09 0)
(3 6.46842e-08 0)
(3.01066 0.00723098 0)
(2.47994 0.621675 0)
(1.4496 0.930984 0)
(1.40835 0.912981 0)
(1.44263 0.898646 0)
(1.4772 0.888716 0)
(1.52107 0.877392 0)
(3 -8.5017e-17 0)
(3 -5.36363e-18 0)
(3 1.43205e-17 0)
(3 -3.23633e-16 0)
(3 -3.89352e-16 0)
(3 -4.0616e-16 0)
(3 8.17033e-17 0)
(3 5.76189e-16 0)
(3 5.77836e-16 0)
(3 4.92044e-16 0)
(3 2.7862e-16 0)
(3 -4.74248e-17 0)
(3 -3.13147e-16 0)
(3 -5.81822e-16 0)
(3 -6.76636e-16 0)
(3 -3.02288e-10 0)
(3 -2.86679e-10 0)
(3.00005 0.000113331 0)
(3.03294 0.0859141 0)
(1.90785 0.829614 0)
(1.45139 0.922188 0)
(1.48698 0.908556 0)
(1.51417 0.89809 0)
(1.55139 0.884905 0)
(3 -9.85715e-17 0)
(3 -2.30653e-17 0)
(3 1.84992e-16 0)
(3 -2.45432e-16 0)
(3 -2.59741e-16 0)
(3 -7.1269e-17 0)
(3 3.67407e-16 0)
(3 1.26636e-15 0)
(3 8.47785e-16 0)
(3 5.08368e-16 0)
(3 2.47764e-16 0)
(3 -1.76067e-16 0)
(3 -1.13469e-16 0)
(3 -3.86707e-16 0)
(3 -8.36709e-17 0)
(3 -2.07056e-12 0)
(3 -8.17057e-11 0)
(3 1.18842e-07 0)
(3.00318 0.00388202 0)
(2.74409 0.402474 0)
(1.6762 0.933529 0)
(1.4963 0.933281 0)
(1.54162 0.92417 0)
(1.57434 0.911395 0)
(3 2.43497e-17 0)
(3 3.59603e-17 0)
(3 -1.91951e-17 0)
(3 3.74738e-16 0)
(3 1.41812e-16 0)
(3 3.96876e-16 0)
(3 5.15678e-16 0)
(3 4.29317e-16 0)
(3 1.22829e-16 0)
(3 2.37115e-16 0)
(3 8.71304e-16 0)
(3 7.32692e-16 0)
(3 1.50639e-16 0)
(3 2.92573e-16 0)
(3 7.28391e-16 0)
(3 -2.27792e-15 0)
(3 -8.64787e-12 0)
(3 1.78559e-11 0)
(3 2.81969e-05 0)
(3.01281 0.0318704 0)
(2.29779 0.717881 0)
(1.57361 0.953333 0)
(1.56388 0.949535 0)
(1.59681 0.930133 0)
(3 2.70788e-17 0)
(3 1.52771e-16 0)
(3 2.79836e-16 0)
(3 5.11492e-16 0)
(3 1.00862e-15 0)
(3 7.17044e-16 0)
(3 1.8589e-16 0)
(3 -1.7902e-16 0)
(3 1.60971e-16 0)
(3 6.98878e-16 0)
(3 1.12586e-15 0)
(3 1.6813e-15 0)
(3 1.67051e-15 0)
(3 1.23851e-15 0)
(3 4.26238e-16 0)
(3 8.00011e-17 0)
(3 -3.79813e-13 0)
(3 -3.5544e-13 0)
(3 1.80895e-08 0)
(3.00023 0.00110949 0)
(2.95829 0.166544 0)
(1.96837 0.84701 0)
(1.61058 0.953591 0)
(1.62309 0.944345 0)
(3 2.58235e-17 0)
(3 2.26957e-16 0)
(3 1.65326e-16 0)
(3 4.76468e-18 0)
(3 4.01949e-16 0)
(3 4.52007e-16 0)
(3 8.71344e-17 0)
(3 -1.78458e-16 0)
(3 4.09071e-17 0)
(3 6.77007e-16 0)
(3 4.48657e-16 0)
(3 7.12229e-16 0)
(3 9.57941e-16 0)
(3 7.31607e-16 0)
(3 -9.88997e-16 0)
(3 -8.74298e-16 0)
(3 -5.30444e-15 0)
(3 -1.08013e-13 0)
(3 4.84039e-12 0)
(3 3.27315e-06 0)
(3.00218 0.00985128 0)
(2.70808 0.410695 0)
(1.83108 0.919637 0)
(1.64457 0.964722 0)
(3 6.94987e-17 0)
(3 3.09593e-16 0)
(3 1.6827e-16 0)
(3 -1.95847e-16 0)
(3 -3.10005e-16 0)
(3 -2.43051e-16 0)
(3 -9.81537e-17 0)
(3 -2.98171e-16 0)
(3 1.7153e-17 0)
(3 1.29595e-16 0)
(3 -7.9694e-17 0)
(3 -4.92243e-16 0)
(3 -2.80836e-16 0)
(3 -6.05223e-17 0)
(3 -3.23649e-16 0)
(3 -5.01863e-16 0)
(3 -3.99859e-16 0)
(3 -1.2293e-14 0)
(3 -1.14982e-14 0)
(3 1.87785e-09 0)
(2.99999 0.000122699 0)
(2.9977 0.0385274 0)
(2.42619 0.624937 0)
(1.77064 0.964326 0)
(3 4.9324e-17 0)
(3 7.80575e-17 0)
(3 1.29216e-16 0)
(3 -5.36212e-18 0)
(3 -8.66069e-17 0)
(3 -6.62745e-16 0)
(3 -5.14864e-16 0)
(3 -2.21651e-16 0)
(3 -9.18141e-17 0)
(3 -4.51266e-16 0)
(3 -3.94851e-16 0)
(3 -1.28217e-15 0)
(3 -1.82592e-15 0)
(3 -1.59708e-15 0)
(3 -4.4103e-16 0)
(3 -2.25836e-16 0)
(3 -2.95044e-16 0)
(3 -1.13371e-15 0)
(3 -4.69796e-15 0)
(3 4.10653e-13 0)
(3 1.51511e-07 0)
(2.99993 0.00129703 0)
(2.95458 0.11394 0)
(2.22838 0.766233 0)
(3 1.74517e-17 0)
(3 -1.23666e-16 0)
(3 -1.23102e-16 0)
(3 1.77146e-16 0)
(3 2.17344e-16 0)
(3 2.17093e-16 0)
(3 1.57743e-16 0)
(3 3.10175e-16 0)
(3 -1.09838e-17 0)
(3 -3.99985e-16 0)
(3 -5.31209e-16 0)
(3 -6.44199e-16 0)
(3 -1.4324e-15 0)
(3 -1.47475e-15 0)
(3 -6.64525e-16 0)
(3 -1.23239e-16 0)
(3 -5.6617e-16 0)
(3 -3.1687e-16 0)
(3 -8.90738e-16 0)
(3 -1.604e-15 0)
(3 8.13177e-11 0)
(3 3.97331e-06 0)
(2.99937 0.00609763 0)
(2.85548 0.252973 0)
(3 3.78903e-17 0)
(3 4.27782e-17 0)
(3 -3.08246e-17 0)
(3 1.97908e-16 0)
(3 2.43976e-16 0)
(3 8.09486e-16 0)
(3 1.05646e-15 0)
(3 6.00397e-16 0)
(3 -9.94887e-17 0)
(3 -1.87906e-16 0)
(3 -2.32924e-16 0)
(3 -1.32859e-16 0)
(3 6.26653e-17 0)
(3 4.41611e-16 0)
(3 5.11254e-16 0)
(3 4.0663e-16 0)
(3 9.56604e-16 0)
(3 5.69064e-16 0)
(3 2.19029e-16 0)
(3 -5.57529e-17 0)
(3 8.92514e-15 0)
(3 3.4338e-09 0)
(2.99999 4.7391e-05 0)
(2.99624 0.0188185 0)
(3 -2.73712e-17 0)
(3 -2.25902e-16 0)
(3 -5.49794e-17 0)
(3 -3.49083e-16 0)
(3 -4.13652e-16 0)
(3 -4.66488e-16 0)
(3 -4.9736e-16 0)
(3 -4.7853e-16 0)
(3 -4.77152e-16 0)
(3 -5.42724e-16 0)
(3 -1.17908e-15 0)
(3 -8.73028e-16 0)
(3 1.38351e-17 0)
(3 6.07177e-16 0)
(3 3.54093e-16 0)
(3 -1.5226e-16 0)
(3 1.33779e-16 0)
(3 7.5835e-16 0)
(3 6.99377e-16 0)
(3 1.15819e-15 0)
(3 3.46105e-16 0)
(3 6.88095e-13 0)
(3 6.11e-08 0)
(2.99992 0.00032847 0)
(3 -2.24786e-16 0)
(3 -8.24118e-16 0)
(3 -7.18539e-16 0)
(3 -4.95653e-16 0)
(3 -8.00663e-16 0)
(3 -1.34366e-15 0)
(3 -1.22946e-15 0)
(3 -9.35291e-16 0)
(3 -3.544e-16 0)
(3 -3.77239e-16 0)
(3 -8.32789e-16 0)
(3 -1.14462e-15 0)
(3 -2.08373e-16 0)
(3 1.33262e-16 0)
(3 -4.60118e-16 0)
(3 -2.96958e-17 0)
(3 5.73982e-17 0)
(3 6.26861e-16 0)
(3 1.30602e-15 0)
(3 1.09736e-15 0)
(3 1.33648e-16 0)
(3 3.37472e-16 0)
(3 2.72997e-11 0)
(3 6.48296e-07 0)
(3 -1.72134e-16 0)
(3 -3.05374e-16 0)
(3 -5.94658e-16 0)
(3 -2.116e-16 0)
(3 -2.03446e-16 0)
(3 -6.38194e-16 0)
(3 -4.81239e-16 0)
(3 -1.27453e-16 0)
(3 -1.69851e-16 0)
(3 1.16729e-17 0)
(3 3.50332e-16 0)
(3 5.6819e-17 0)
(3 -6.79142e-16 0)
(3 -6.63186e-16 0)
(3 -6.5303e-16 0)
(3 -6.42825e-16 0)
(3 -6.10395e-16 0)
(3 -5.50538e-16 0)
(3 -3.89063e-16 0)
(3 -6.5169e-16 0)
(3 -8.62389e-16 0)
(3 -2.36117e-16 0)
(3 2.47986e-15 0)
(3 5.26602e-10 0)
(3 1.56606e-16 0)
(3 2.8664e-16 0)
(3 1.50651e-16 0)
(3 -3.77165e-16 0)
(3 -4.28279e-16 0)
(3 2.36642e-16 0)
(3 7.11185e-17 0)
(3 -1.65924e-16 0)
(3 -5.86231e-16 0)
(3 -5.89465e-16 0)
(3 -3.06246e-16 0)
(3 1.9326e-16 0)
(3 -1.33665e-16 0)
(3 -5.33211e-17 0)
(3 -7.48966e-17 0)
(3 -2.14072e-16 0)
(3 -3.52381e-16 0)
(3 -6.67046e-16 0)
(3 -1.31168e-15 0)
(3 -1.324e-15 0)
(3 -7.53143e-16 0)
(3 -2.51058e-16 0)
(3 1.21027e-16 0)
(3 4.89553e-14 0)
(3 1.60975e-17 0)
(3 -6.45187e-17 0)
(3 -2.38583e-16 0)
(3 -8.79447e-16 0)
(3 -9.55744e-16 0)
(3 -1.71305e-17 0)
(3 -7.54293e-17 0)
(3 -6.90739e-16 0)
(3 -9.40144e-16 0)
(3 -1.11781e-15 0)
(3 -1.22382e-15 0)
(3 -8.46715e-16 0)
(3 -7.74645e-16 0)
(3 -3.36336e-16 0)
(3 6.19298e-16 0)
(3 8.12572e-16 0)
(3 1.7034e-16 0)
(3 -2.76337e-16 0)
(3 -5.91992e-16 0)
(3 -6.15992e-16 0)
(3 8.67318e-17 0)
(3 6.13044e-16 0)
(3 1.15545e-15 0)
(3 -1.54787e-16 0)
(3 -1.22461e-16 0)
(3 -4.13452e-16 0)
(3 -8.06334e-16 0)
(3 -6.2188e-16 0)
(3 -4.06606e-16 0)
(3 -4.1642e-16 0)
(3 -8.80843e-17 0)
(3 6.80817e-17 0)
(3 -8.41328e-17 0)
(3 -4.90225e-16 0)
(3 -7.1339e-16 0)
(3 -8.12499e-16 0)
(3 -3.97459e-16 0)
(3 3.32196e-16 0)
(3 6.27628e-16 0)
(3 6.36891e-16 0)
(3 -6.39693e-17 0)
(3 -5.09055e-16 0)
(3 -5.15489e-16 0)
(3 -4.29595e-16 0)
(3 2.9294e-17 0)
(3 3.27101e-16 0)
(3 3.02026e-16 0)
(3 -3.32992e-16 0)
(3 1.31266e-16 0)
(3 4.11014e-16 0)
(3 4.77358e-16 0)
(3 4.50876e-16 0)
(3 7.10572e-16 0)
(3 5.36452e-16 0)
(3 4.69645e-16 0)
(3 2.52337e-16 0)
(3 -2.73097e-16 0)
(3 -7.44387e-16 0)
(3 -7.24791e-16 0)
(3 -6.83406e-16 0)
(3 -1.75634e-17 0)
(3 1.95228e-16 0)
(3 -4.84408e-17 0)
(3 1.29514e-15 0)
(3 1.26528e-15 0)
(3 2.12594e-16 0)
(3 -4.53894e-16 0)
(3 -3.76713e-16 0)
(3 -6.0993e-16 0)
(3 -3.46204e-16 0)
(3 -5.54353e-16 0)
(3 -5.73211e-16 0)
(3 1.79797e-16 0)
(3 4.84134e-16 0)
(3 6.2558e-16 0)
(3 6.61171e-16 0)
(3 8.90238e-16 0)
(3 7.82632e-16 0)
(3 3.19401e-16 0)
(3 -8.00538e-17 0)
(3 -9.27417e-17 0)
(3 -2.88333e-16 0)
(3 -4.58414e-16 0)
(3 -7.95439e-16 0)
(3 -2.33467e-16 0)
(3 -4.46822e-16 0)
(3 -3.81412e-16 0)
(3 3.00756e-16 0)
(3 2.75888e-16 0)
(3 -3.83378e-17 0)
(3 -3.81345e-16 0)
(3 -4.81468e-16 0)
(3 -6.9856e-16 0)
(3 -5.06039e-16 0)
(3 -4.59022e-16 0)
(3 -6.00143e-16 0)
(1.4848 1.29108 0)
(2.00556 1.21351 0)
(2.44426 1.22957 0)
(2.53858 0.854888 0)
(2.4988 0.350639 0)
(2.49631 -0.00179877 0)
(2.48135 -0.26998 0)
(2.51987 -0.363385 0)
(2.53869 -0.318427 0)
(2.50615 -0.278915 0)
(2.45719 -0.243263 0)
(2.4234 -0.172396 0)
(2.41099 -0.115744 0)
(2.41263 -0.111278 0)
(2.44465 -0.118452 0)
(2.44658 -0.106325 0)
(2.43079 -0.0708857 0)
(2.39257 -0.0401262 0)
(2.38465 -0.0253605 0)
(2.39506 -0.0173542 0)
(2.42142 -0.00832001 0)
(2.45144 -0.0105377 0)
(2.45028 -0.0147552 0)
(2.44205 -0.0155999 0)
(2.42272 -0.0114393 0)
(2.40819 -0.00199648 0)
(2.40573 0.000911753 0)
(2.41121 0.00107253 0)
(2.43304 -0.00492205 0)
(2.4458 -0.0101952 0)
(2.44429 -0.0111792 0)
(2.43543 -0.010137 0)
(2.42401 -0.00378841 0)
(2.42199 -0.000198428 0)
(2.42483 0.000272282 0)
(2.44082 -0.00133577 0)
(2.46426 -0.00273154 0)
(2.47018 -0.000815542 0)
(2.46156 -0.0071302 0)
(2.41035 -0.0440899 0)
(2.18528 -0.139471 0)
(1.76582 -0.274938 0)
(1.47647 -0.258929 0)
(1.39599 -0.159059 0)
(1.411 -0.080903 0)
(1.49589 -0.0290898 0)
(1.55715 -0.00435257 0)
(1.58286 -0.00277042 0)
(1.61596 -0.00410465 0)
(1.66126 -0.00224861 0)
(1.69694 -0.00222627 0)
(1.72384 -0.0015235 0)
(1.74678 0.00128383 0)
(1.76206 0.00459696 0)
(1.78184 0.00500219 0)
(1.8061 0.00407583 0)
(1.8344 0.00130347 0)
(1.86468 -0.00138053 0)
(1.89034 -0.00139845 0)
(1.91455 0.000247506 0)
(1.93257 0.00353367 0)
(1.94199 0.00790351 0)
(1.95211 0.0108612 0)
(1.97199 0.0112005 0)
(1.99449 0.0107983 0)
(2.0231 0.00885484 0)
(2.05466 0.00482344 0)
(2.0791 0.00268155 0)
(2.10275 0.00203541 0)
(2.11775 0.00286024 0)
(2.11633 0.00648416 0)
(2.11901 0.0103013 0)
(2.13629 0.0109149 0)
(2.1572 0.0107992 0)
(2.18107 0.0104554 0)
(2.21094 0.00995167 0)
(2.2386 0.00888167 0)
(2.259 0.00788128 0)
(2.27823 0.00724351 0)
(2.292 0.00659897 0)
(2.28491 0.00832706 0)
(2.27065 0.0114243 0)
(2.28234 0.0121415 0)
(2.30154 0.0122277 0)
(2.32121 0.0122181 0)
(2.34415 0.0118818 0)
(2.37253 0.010517 0)
(2.39596 0.00881141 0)
(2.41801 0.00822321 0)
(2.43891 0.00740047 0)
(2.44749 0.00644543 0)
(2.43029 0.00827099 0)
(2.4251 0.010463 0)
(2.44417 0.0113728 0)
(2.46161 0.011576 0)
(2.48908 0.0115795 0)
(1.7549 1.1108 0)
(2.2828 0.779205 0)
(2.55567 0.341147 0)
(2.6572 0.0787343 0)
(2.70766 -0.175336 0)
(2.6787 -0.471829 0)
(2.68442 -0.564653 0)
(2.71316 -0.634601 0)
(2.69931 -0.594127 0)
(2.65647 -0.479065 0)
(2.59902 -0.341651 0)
(2.53113 -0.215644 0)
(2.49245 -0.122623 0)
(2.49311 -0.0786556 0)
(2.5066 -0.0802563 0)
(2.48338 -0.0799292 0)
(2.45951 -0.0603871 0)
(2.45074 -0.0332171 0)
(2.44479 -0.00689685 0)
(2.44574 0.00921516 0)
(2.45763 0.0202239 0)
(2.47002 0.0172286 0)
(2.4655 0.000133549 0)
(2.45822 -0.0185101 0)
(2.44526 -0.0293204 0)
(2.4385 -0.0184968 0)
(2.43983 -4.32859e-05 0)
(2.44805 0.0136293 0)
(2.45839 0.00923571 0)
(2.46832 -0.00970176 0)
(2.46788 -0.0181112 0)
(2.46368 -0.0206131 0)
(2.45434 -0.0127825 0)
(2.45112 0.00158484 0)
(2.45445 0.00742077 0)
(2.46575 0.0108941 0)
(2.48316 0.0172107 0)
(2.4799 -0.00170789 0)
(2.43447 -0.0805726 0)
(2.28423 -0.293106 0)
(2.04766 -0.525149 0)
(1.95372 -0.630808 0)
(1.79117 -0.445711 0)
(1.59312 -0.153118 0)
(1.48598 0.0148348 0)
(1.52183 0.0253151 0)
(1.55578 0.0177326 0)
(1.58243 0.00477317 0)
(1.62651 -0.00196688 0)
(1.67478 0.00606575 0)
(1.70786 0.00151637 0)
(1.73592 0.00181157 0)
(1.7621 0.00557687 0)
(1.78083 0.0147082 0)
(1.79385 0.0214661 0)
(1.81449 0.0197017 0)
(1.83892 0.0128979 0)
(1.86956 8.11394e-05 0)
(1.89664 -0.00792688 0)
(1.9217 -0.0100969 0)
(1.94502 -0.00935945 0)
(1.96317 -0.000672505 0)
(1.97434 0.0164378 0)
(1.98477 0.0309073 0)
(2.00432 0.0350397 0)
(2.0275 0.0341024 0)
(2.0556 0.0251957 0)
(2.08238 0.012576 0)
(2.10319 0.00238094 0)
(2.12032 -0.00679031 0)
(2.13037 -0.00605816 0)
(2.13778 0.00742681 0)
(2.14851 0.0225809 0)
(2.16649 0.0302911 0)
(2.18662 0.0333555 0)
(2.21057 0.0347972 0)
(2.23423 0.0311004 0)
(2.25515 0.0255916 0)
(2.27494 0.0179917 0)
(2.29117 0.00774169 0)
(2.2975 0.0023363 0)
(2.29171 0.014737 0)
(2.29294 0.0297084 0)
(2.30875 0.0347278 0)
(2.32656 0.0363443 0)
(2.34605 0.0381522 0)
(2.36986 0.0360161 0)
(2.39331 0.0294694 0)
(2.41535 0.0223893 0)
(2.43609 0.0136838 0)
(2.45003 0.00391254 0)
(2.44695 0.00589232 0)
(2.43815 0.0212486 0)
(2.44818 0.031989 0)
(2.46473 0.0345774 0)
(2.49049 0.0356472 0)
(1.69254 1.00858 0)
(2.04876 0.866874 0)
(2.27407 0.670562 0)
(2.51066 0.333111 0)
(2.63612 0.0963522 0)
(2.69054 0.0187441 0)
(2.69909 -0.114417 0)
(2.71325 -0.266688 0)
(2.74471 -0.344687 0)
(2.78671 -0.409866 0)
(2.79502 -0.427106 0)
(2.75138 -0.419769 0)
(2.69396 -0.372494 0)
(2.68847 -0.342075 0)
(2.68152 -0.328949 0)
(2.62786 -0.25081 0)
(2.57284 -0.155258 0)
(2.56356 -0.127682 0)
(2.56005 -0.0872878 0)
(2.542 -0.0179865 0)
(2.53379 -0.00813287 0)
(2.52124 -0.00494804 0)
(2.51492 -0.000778524 0)
(2.5077 0.000866731 0)
(2.50215 -0.00719266 0)
(2.50527 -0.0157307 0)
(2.51067 -0.0146765 0)
(2.51466 -0.0109582 0)
(2.51844 -0.0101429 0)
(2.51979 -0.0168145 0)
(2.5132 -0.0270692 0)
(2.50453 -0.0311442 0)
(2.49985 -0.0273839 0)
(2.50109 -0.0175411 0)
(2.50619 -0.00815835 0)
(2.51691 0.0070359 0)
(2.51413 -0.00408009 0)
(2.47358 -0.0699723 0)
(2.27713 -0.31908 0)
(2.05794 -0.586496 0)
(1.99447 -0.602893 0)
(2.03177 -0.672637 0)
(2.01578 -0.647651 0)
(1.93328 -0.490284 0)
(1.77928 -0.240471 0)
(1.66655 -0.0892949 0)
(1.618 -0.0145823 0)
(1.63289 0.018964 0)
(1.67734 0.0205639 0)
(1.71838 0.0103788 0)
(1.7447 -0.00414441 0)
(1.77217 -0.0105079 0)
(1.79572 -0.00826815 0)
(1.81742 0.00252571 0)
(1.83177 0.0184803 0)
(1.84358 0.0273961 0)
(1.86335 0.0267516 0)
(1.88613 0.0234657 0)
(1.91253 0.0151468 0)
(1.93989 0.00963557 0)
(1.965 0.00734977 0)
(1.98798 0.00694523 0)
(2.00742 0.0125221 0)
(2.02001 0.027663 0)
(2.0281 0.0409001 0)
(2.04414 0.042834 0)
(2.06529 0.040297 0)
(2.0856 0.0339795 0)
(2.10505 0.0233478 0)
(2.12486 0.0135907 0)
(2.14442 0.00861478 0)
(2.16349 0.0105782 0)
(2.17846 0.0235966 0)
(2.18793 0.0416312 0)
(2.20213 0.0511117 0)
(2.22195 0.052337 0)
(2.24165 0.0504422 0)
(2.26002 0.0452133 0)
(2.2763 0.0364356 0)
(2.28899 0.026259 0)
(2.30043 0.0191229 0)
(2.3118 0.0211597 0)
(2.31915 0.0359564 0)
(2.32446 0.0528942 0)
(2.34019 0.0588926 0)
(2.35878 0.0598318 0)
(2.37844 0.0580179 0)
(2.39802 0.0518502 0)
(2.41629 0.0425226 0)
(2.43166 0.0306247 0)
(2.44162 0.0192632 0)
(2.44935 0.0142648 0)
(2.45688 0.0216749 0)
(2.46458 0.0384306 0)
(2.47384 0.0534983 0)
(2.50037 0.0581914 0)
(1.61779 0.967027 0)
(1.90087 0.862172 0)
(2.13714 0.702593 0)
(2.33045 0.49963 0)
(2.47001 0.302875 0)
(2.56877 0.188348 0)
(2.62503 0.0942604 0)
(2.68708 -0.101095 0)
(2.73414 -0.28616 0)
(2.74029 -0.370214 0)
(2.78573 -0.423652 0)
(2.82257 -0.494645 0)
(2.81529 -0.501657 0)
(2.77578 -0.455238 0)
(2.75374 -0.436518 0)
(2.71094 -0.379483 0)
(2.67968 -0.304177 0)
(2.67869 -0.274677 0)
(2.67498 -0.235783 0)
(2.63708 -0.146335 0)
(2.62919 -0.106725 0)
(2.6041 -0.0860947 0)
(2.57873 -0.0599632 0)
(2.56545 -0.0447461 0)
(2.55837 -0.032822 0)
(2.56469 -0.0094128 0)
(2.57191 0.0104883 0)
(2.5717 0.0128025 0)
(2.56964 0.0122828 0)
(2.56433 0.00498044 0)
(2.55327 -0.00846624 0)
(2.54916 -0.0153068 0)
(2.55037 -0.0150975 0)
(2.55494 -0.00920425 0)
(2.55827 -0.00339426 0)
(2.55205 -0.0150441 0)
(2.50367 -0.087976 0)
(2.34056 -0.296516 0)
(2.08552 -0.570894 0)
(1.99415 -0.690435 0)
(1.99334 -0.66186 0)
(2.03776 -0.646034 0)
(2.06547 -0.650378 0)
(2.07101 -0.640158 0)
(2.03161 -0.559908 0)
(1.89186 -0.348081 0)
(1.77238 -0.148376 0)
(1.72941 -0.0182931 0)
(1.73379 0.00688471 0)
(1.75555 0.025074 0)
(1.78615 0.0287863 0)
(1.81732 0.0190715 0)
(1.8402 0.00683108 0)
(1.86163 0.00573266 0)
(1.87822 0.0167962 0)
(1.8868 0.0304252 0)
(1.89874 0.0336747 0)
(1.91873 0.0309047 0)
(1.94149 0.0277257 0)
(1.96769 0.0252371 0)
(1.99268 0.0263819 0)
(2.01661 0.0295284 0)
(2.03936 0.0315158 0)
(2.05783 0.0344785 0)
(2.06349 0.0414047 0)
(2.06483 0.043721 0)
(2.07884 0.0382375 0)
(2.09882 0.0320291 0)
(2.1212 0.0284572 0)
(2.14372 0.0280577 0)
(2.16688 0.0300909 0)
(2.18862 0.03287 0)
(2.20861 0.0384852 0)
(2.22066 0.0509765 0)
(2.22435 0.0627624 0)
(2.23506 0.0635213 0)
(2.25159 0.0594128 0)
(2.26791 0.0536658 0)
(2.28147 0.0462516 0)
(2.29538 0.0400866 0)
(2.31247 0.0389713 0)
(2.33039 0.0402104 0)
(2.34657 0.0464343 0)
(2.35565 0.062285 0)
(2.35849 0.0772795 0)
(2.37088 0.0782077 0)
(2.38815 0.0735656 0)
(2.4047 0.0661827 0)
(2.41923 0.0566674 0)
(2.42956 0.0463829 0)
(2.43967 0.0382476 0)
(2.4549 0.035871 0)
(2.4718 0.0370054 0)
(2.4871 0.0447522 0)
(2.49522 0.0581329 0)
(2.51429 0.0661583 0)
(1.57785 0.933659 0)
(1.81361 0.848027 0)
(2.00998 0.740708 0)
(2.16284 0.62208 0)
(2.32558 0.454968 0)
(2.44926 0.278105 0)
(2.53185 0.167966 0)
(2.57046 0.136196 0)
(2.59666 0.0249031 0)
(2.67096 -0.127746 0)
(2.69527 -0.216212 0)
(2.73665 -0.287568 0)
(2.77216 -0.316199 0)
(2.76623 -0.335086 0)
(2.72911 -0.370121 0)
(2.72292 -0.369329 0)
(2.72726 -0.369726 0)
(2.73328 -0.372289 0)
(2.72793 -0.356052 0)
(2.70787 -0.2923 0)
(2.69381 -0.23111 0)
(2.67443 -0.195235 0)
(2.63804 -0.149001 0)
(2.62031 -0.120454 0)
(2.61789 -0.0907637 0)
(2.62062 -0.0458107 0)
(2.61576 -0.0316519 0)
(2.60519 -0.0312692 0)
(2.5996 -0.0276494 0)
(2.58345 -0.0126511 0)
(2.5736 -0.00255351 0)
(2.57149 0.00290528 0)
(2.58193 0.012581 0)
(2.58722 0.0106659 0)
(2.5798 -0.0089089 0)
(2.50494 -0.122998 0)
(2.32793 -0.344766 0)
(2.13573 -0.520126 0)
(2.02098 -0.679811 0)
(2.0013 -0.7001 0)
(2.01138 -0.686062 0)
(2.04677 -0.653278 0)
(2.07827 -0.637147 0)
(2.10332 -0.644634 0)
(2.11921 -0.646834 0)
(2.09612 -0.600459 0)
(2.00713 -0.44102 0)
(1.89747 -0.21943 0)
(1.83673 -0.0859399 0)
(1.80519 0.000382897 0)
(1.82419 0.00786765 0)
(1.84597 0.0194874 0)
(1.86693 0.029954 0)
(1.88943 0.0292318 0)
(1.91111 0.029418 0)
(1.92508 0.0375868 0)
(1.9312 0.0433286 0)
(1.94779 0.0436362 0)
(1.96828 0.0428965 0)
(1.99123 0.0426885 0)
(2.01754 0.0441818 0)
(2.04178 0.0445312 0)
(2.06628 0.0448239 0)
(2.08787 0.0455051 0)
(2.09633 0.0491459 0)
(2.08805 0.0540603 0)
(2.09441 0.0515843 0)
(2.11457 0.048168 0)
(2.1359 0.0451068 0)
(2.16153 0.0426584 0)
(2.18832 0.0442948 0)
(2.21092 0.0478338 0)
(2.23274 0.0530316 0)
(2.24909 0.0625493 0)
(2.24948 0.0752964 0)
(2.24489 0.0785266 0)
(2.25581 0.0714647 0)
(2.27188 0.0639293 0)
(2.28954 0.0588552 0)
(2.3079 0.0584156 0)
(2.32786 0.0601274 0)
(2.34741 0.0630273 0)
(2.36587 0.0660292 0)
(2.3812 0.0733251 0)
(2.38553 0.0882844 0)
(2.38102 0.0998339 0)
(2.38847 0.0953838 0)
(2.40302 0.0843612 0)
(2.41613 0.0695868 0)
(2.4299 0.0561985 0)
(2.44718 0.0528413 0)
(2.4651 0.0547007 0)
(2.48361 0.0585762 0)
(2.50215 0.0645368 0)
(2.51504 0.0719541 0)
(2.52968 0.076585 0)
(1.54897 0.897985 0)
(1.74345 0.841149 0)
(1.92219 0.748365 0)
(2.06113 0.66212 0)
(2.17613 0.574036 0)
(2.32044 0.433346 0)
(2.43005 0.276295 0)
(2.49384 0.170002 0)
(2.53531 0.136937 0)
(2.5526 0.0635753 0)
(2.62618 -0.0514324 0)
(2.6634 -0.160181 0)
(2.69928 -0.218691 0)
(2.71881 -0.255865 0)
(2.72678 -0.357061 0)
(2.72433 -0.410016 0)
(2.73952 -0.39658 0)
(2.74214 -0.37896 0)
(2.73641 -0.381843 0)
(2.73844 -0.383382 0)
(2.73299 -0.367651 0)
(2.72261 -0.339298 0)
(2.69583 -0.293102 0)
(2.67344 -0.235049 0)
(2.66646 -0.165337 0)
(2.66312 -0.0860508 0)
(2.65791 -0.0755985 0)
(2.6373 -0.0712681 0)
(2.61412 -0.0661474 0)
(2.59719 -0.0373671 0)
(2.5913 -0.0185027 0)
(2.59449 -0.000226443 0)
(2.60382 0.0106882 0)
(2.59325 -0.0113099 0)
(2.49123 -0.139698 0)
(2.27322 -0.426205 0)
(2.06508 -0.623652 0)
(2.03161 -0.621898 0)
(2.04135 -0.658621 0)
(2.03958 -0.670303 0)
(2.0462 -0.66959 0)
(2.0616 -0.655986 0)
(2.0892 -0.646508 0)
(2.11418 -0.642475 0)
(2.13273 -0.644888 0)
(2.14258 -0.648665 0)
(2.13944 -0.618088 0)
(2.10578 -0.51463 0)
(2.02074 -0.333542 0)
(1.91231 -0.132261 0)
(1.88212 -0.0466477 0)
(1.87407 0.00281065 0)
(1.89375 0.0271936 0)
(1.90628 0.0416151 0)
(1.92994 0.0492279 0)
(1.94834 0.0516491 0)
(1.95557 0.0573952 0)
(1.96456 0.0615619 0)
(1.98546 0.0610086 0)
(2.00749 0.0591017 0)
(2.0346 0.0578009 0)
(2.05893 0.0562445 0)
(2.08189 0.0549742 0)
(2.10376 0.0517819 0)
(2.11693 0.0498957 0)
(2.11364 0.0559252 0)
(2.1126 0.0649772 0)
(2.13045 0.0670119 0)
(2.15036 0.0663877 0)
(2.17427 0.0627916 0)
(2.20194 0.0582995 0)
(2.22381 0.0578421 0)
(2.24627 0.0591427 0)
(2.2659 0.0625597 0)
(2.27168 0.0700532 0)
(2.25991 0.0800189 0)
(2.26221 0.0823551 0)
(2.27937 0.0820882 0)
(2.29795 0.0829028 0)
(2.31811 0.0832514 0)
(2.34139 0.0831857 0)
(2.3622 0.0846037 0)
(2.3807 0.087227 0)
(2.39828 0.0911316 0)
(2.40827 0.0991734 0)
(2.40106 0.108809 0)
(2.39244 0.107759 0)
(2.39873 0.0975471 0)
(2.41396 0.0873738 0)
(2.43201 0.082818 0)
(2.45133 0.0797575 0)
(2.47369 0.0784452 0)
(2.491 0.0790647 0)
(2.50993 0.0809093 0)
(2.52621 0.0846508 0)
(2.54371 0.0883618 0)
(1.5326 0.873349 0)
(1.68779 0.836495 0)
(1.84082 0.77431 0)
(1.98805 0.679787 0)
(2.10416 0.597063 0)
(2.19202 0.535621 0)
(2.30197 0.424057 0)
(2.40474 0.287797 0)
(2.46427 0.189016 0)
(2.4992 0.158382 0)
(2.5276 0.0977003 0)
(2.57843 -0.0031083 0)
(2.61196 -0.0563335 0)
(2.65247 -0.118053 0)
(2.68044 -0.197692 0)
(2.6944 -0.252991 0)
(2.6971 -0.244888 0)
(2.68138 -0.268424 0)
(2.70292 -0.301536 0)
(2.71881 -0.350366 0)
(2.73327 -0.358272 0)
(2.73634 -0.355717 0)
(2.73373 -0.359882 0)
(2.72541 -0.34688 0)
(2.71945 -0.306226 0)
(2.71106 -0.245872 0)
(2.69963 -0.183796 0)
(2.6807 -0.16054 0)
(2.64329 -0.1222 0)
(2.61432 -0.0677305 0)
(2.61005 -0.0514712 0)
(2.62193 -0.00373746 0)
(2.61251 -0.015024 0)
(2.51451 -0.140495 0)
(2.24305 -0.413695 0)
(2.03856 -0.691096 0)
(1.99569 -0.685311 0)
(2.02458 -0.647265 0)
(2.05064 -0.652864 0)
(2.06474 -0.655396 0)
(2.07907 -0.66256 0)
(2.08338 -0.65991 0)
(2.09806 -0.65304 0)
(2.12196 -0.646051 0)
(2.14424 -0.638597 0)
(2.16219 -0.637144 0)
(2.17482 -0.631564 0)
(2.18068 -0.613935 0)
(2.16779 -0.556381 0)
(2.11205 -0.43725 0)
(2.03341 -0.268443 0)
(1.94739 -0.0920375 0)
(1.92688 -0.0101876 0)
(1.94569 0.0270974 0)
(1.95414 0.0404117 0)
(1.96228 0.059921 0)
(1.97339 0.0730727 0)
(1.98399 0.07781 0)
(1.99914 0.0755673 0)
(2.02072 0.0748716 0)
(2.04346 0.0744894 0)
(2.06835 0.070795 0)
(2.09072 0.0657948 0)
(2.11085 0.0612588 0)
(2.12698 0.0584339 0)
(2.13477 0.0632164 0)
(2.13555 0.0769781 0)
(2.14498 0.0858094 0)
(2.16441 0.0869004 0)
(2.18417 0.085291 0)
(2.20861 0.0790536 0)
(2.23129 0.0739067 0)
(2.25259 0.0723928 0)
(2.27226 0.0705549 0)
(2.28327 0.0717939 0)
(2.27783 0.0822315 0)
(2.27405 0.0966012 0)
(2.28957 0.103559 0)
(2.30811 0.107118 0)
(2.3279 0.110612 0)
(2.3507 0.113545 0)
(2.3739 0.114384 0)
(2.39208 0.113827 0)
(2.41016 0.113479 0)
(2.42283 0.111534 0)
(2.41535 0.109554 0)
(2.4015 0.106457 0)
(2.40943 0.1032 0)
(2.42627 0.103828 0)
(2.44215 0.105592 0)
(2.45961 0.107038 0)
(2.48056 0.107443 0)
(2.49901 0.106459 0)
(2.51495 0.106954 0)
(2.5308 0.104705 0)
(2.54873 0.09948 0)
(1.52168 0.849602 0)
(1.65592 0.820675 0)
(1.77847 0.78371 0)
(1.91225 0.716296 0)
(2.04322 0.624373 0)
(2.1359 0.552283 0)
(2.20026 0.503668 0)
(2.28269 0.419061 0)
(2.38217 0.303544 0)
(2.43947 0.22462 0)
(2.48284 0.154644 0)
(2.5106 0.101118 0)
(2.52564 0.0762405 0)
(2.57353 0.0145259 0)
(2.62881 -0.0837969 0)
(2.65275 -0.158924 0)
(2.66824 -0.179739 0)
(2.67219 -0.209337 0)
(2.69717 -0.291312 0)
(2.70955 -0.345542 0)
(2.72102 -0.341533 0)
(2.73634 -0.350738 0)
(2.73918 -0.367779 0)
(2.74313 -0.376909 0)
(2.74559 -0.36893 0)
(2.73862 -0.341074 0)
(2.73058 -0.324708 0)
(2.71282 -0.289438 0)
(2.68558 -0.234854 0)
(2.66636 -0.195012 0)
(2.6443 -0.118416 0)
(2.64226 -0.0657492 0)
(2.49121 -0.23029 0)
(2.27008 -0.451763 0)
(2.12882 -0.594737 0)
(2.04937 -0.705946 0)
(2.01245 -0.699047 0)
(2.03182 -0.675643 0)
(2.05621 -0.632177 0)
(2.07721 -0.629807 0)
(2.09515 -0.644127 0)
(2.10235 -0.65023 0)
(2.11004 -0.644637 0)
(2.12903 -0.638764 0)
(2.15238 -0.627362 0)
(2.17458 -0.619361 0)
(2.19203 -0.615127 0)
(2.20273 -0.609557 0)
(2.20505 -0.600137 0)
(2.20719 -0.567275 0)
(2.19383 -0.513048 0)
(2.13538 -0.387777 0)
(2.05347 -0.206101 0)
(2.02866 -0.08203 0)
(1.98907 0.00953307 0)
(1.99687 0.0522229 0)
(2.00128 0.0664428 0)
(2.00673 0.0868709 0)
(2.01503 0.0954549 0)
(2.03388 0.0940361 0)
(2.05894 0.0902831 0)
(2.08108 0.0860518 0)
(2.10172 0.0801432 0)
(2.11929 0.0739098 0)
(2.13546 0.071298 0)
(2.15042 0.0742336 0)
(2.16157 0.0848044 0)
(2.16733 0.0999252 0)
(2.17571 0.106404 0)
(2.19349 0.105223 0)
(2.21296 0.100737 0)
(2.23338 0.0941822 0)
(2.25359 0.0906819 0)
(2.27287 0.0875998 0)
(2.28878 0.0857146 0)
(2.29655 0.0917915 0)
(2.29506 0.109534 0)
(2.29945 0.126017 0)
(2.31764 0.132899 0)
(2.33729 0.136829 0)
(2.35843 0.139677 0)
(2.37961 0.139778 0)
(2.39904 0.135672 0)
(2.41431 0.127723 0)
(2.42352 0.119272 0)
(2.42213 0.114184 0)
(2.41457 0.117408 0)
(2.42379 0.123278 0)
(2.43962 0.125757 0)
(2.45506 0.127514 0)
(2.4717 0.129691 0)
(2.48883 0.132306 0)
(2.50602 0.132657 0)
(2.52242 0.130424 0)
(2.53278 0.119635 0)
(2.53758 0.112667 0)
(1.51597 0.842644 0)
(1.62758 0.820914 0)
(1.74082 0.783569 0)
(1.85917 0.730461 0)
(1.96399 0.672573 0)
(2.05671 0.61072 0)
(2.14467 0.533703 0)
(2.22784 0.465255 0)
(2.29483 0.403771 0)
(2.35947 0.326071 0)
(2.4097 0.256661 0)
(2.46379 0.179025 0)
(2.50014 0.12479 0)
(2.52766 0.0844928 0)
(2.56693 0.0205017 0)
(2.59727 -0.0333766 0)
(2.62042 -0.0596496 0)
(2.65049 -0.120918 0)
(2.66376 -0.180805 0)
(2.66876 -0.20666 0)
(2.67419 -0.212795 0)
(2.68216 -0.228847 0)
(2.70618 -0.274318 0)
(2.72014 -0.308599 0)
(2.72344 -0.319276 0)
(2.71731 -0.333654 0)
(2.71679 -0.333498 0)
(2.72072 -0.330888 0)
(2.72115 -0.319786 0)
(2.70982 -0.304898 0)
(2.6948 -0.261744 0)
(2.58682 -0.355354 0)
(2.21878 -0.688805 0)
(2.10873 -0.733389 0)
(2.09522 -0.788185 0)
(2.05508 -0.766012 0)
(2.03975 -0.740628 0)
(2.04535 -0.691943 0)
(2.06992 -0.629898 0)
(2.09052 -0.61862 0)
(2.09668 -0.625534 0)
(2.1045 -0.630564 0)
(2.11887 -0.627457 0)
(2.13749 -0.622395 0)
(2.15687 -0.61448 0)
(2.18062 -0.608361 0)
(2.2025 -0.60311 0)
(2.21791 -0.600914 0)
(2.2295 -0.596006 0)
(2.23637 -0.581488 0)
(2.24676 -0.564307 0)
(2.24906 -0.54039 0)
(2.22955 -0.47859 0)
(2.1747 -0.336481 0)
(2.10005 -0.159842 0)
(2.08856 -0.0560587 0)
(2.06079 0.0254134 0)
(2.03571 0.0813121 0)
(2.03812 0.105922 0)
(2.05031 0.112703 0)
(2.066 0.114807 0)
(2.08775 0.11111 0)
(2.10965 0.103828 0)
(2.1296 0.0961196 0)
(2.14735 0.0901598 0)
(2.16562 0.0902769 0)
(2.18297 0.0964 0)
(2.19456 0.108126 0)
(2.19747 0.122172 0)
(2.20328 0.126237 0)
(2.22018 0.121278 0)
(2.23692 0.116251 0)
(2.2552 0.113259 0)
(2.27458 0.111404 0)
(2.29352 0.110665 0)
(2.3103 0.112766 0)
(2.32116 0.12249 0)
(2.32428 0.141022 0)
(2.3301 0.154166 0)
(2.34739 0.156643 0)
(2.36692 0.155871 0)
(2.3854 0.153254 0)
(2.40125 0.147484 0)
(2.41367 0.139173 0)
(2.42193 0.131303 0)
(2.42799 0.127795 0)
(2.43474 0.134223 0)
(2.44124 0.145127 0)
(2.45178 0.149426 0)
(2.46739 0.150435 0)
(2.48218 0.150316 0)
(2.49748 0.149978 0)
(2.51275 0.149613 0)
(2.52361 0.145867 0)
(2.52697 0.134348 0)
(2.53338 0.131184 0)
(1.51891 0.831928 0)
(1.61201 0.816752 0)
(1.71802 0.781455 0)
(1.82733 0.732844 0)
(1.90741 0.700956 0)
(1.98789 0.655625 0)
(2.09985 0.568094 0)
(2.18929 0.492081 0)
(2.23455 0.461639 0)
(2.27624 0.416337 0)
(2.36002 0.321898 0)
(2.4221 0.243879 0)
(2.44328 0.219914 0)
(2.47064 0.171554 0)
(2.51615 0.0987755 0)
(2.55202 0.0516503 0)
(2.56819 0.0347015 0)
(2.58831 -0.00911017 0)
(2.61556 -0.084436 0)
(2.63388 -0.123841 0)
(2.64419 -0.138293 0)
(2.66136 -0.17593 0)
(2.69025 -0.231759 0)
(2.70734 -0.280173 0)
(2.71288 -0.29455 0)
(2.71274 -0.314797 0)
(2.71528 -0.342939 0)
(2.73427 -0.342039 0)
(2.73773 -0.338117 0)
(2.72255 -0.356547 0)
(2.62585 -0.483383 0)
(2.31214 -0.803442 0)
(2.0939 -0.978528 0)
(2.07355 -0.950837 0)
(2.0772 -0.881606 0)
(2.08789 -0.820195 0)
(2.08973 -0.772643 0)
(2.09033 -0.734467 0)
(2.09669 -0.695794 0)
(2.10654 -0.660877 0)
(2.10685 -0.637057 0)
(2.11555 -0.623838 0)
(2.12972 -0.621398 0)
(2.14862 -0.614244 0)
(2.16852 -0.608551 0)
(2.19743 -0.605987 0)
(2.21724 -0.60006 0)
(2.2322 -0.592845 0)
(2.24873 -0.585527 0)
(2.26243 -0.573783 0)
(2.26521 -0.560033 0)
(2.27781 -0.55417 0)
(2.29196 -0.54764 0)
(2.29302 -0.520261 0)
(2.27295 -0.44447 0)
(2.22236 -0.292275 0)
(2.16689 -0.135569 0)
(2.13405 -0.0227475 0)
(2.11302 0.0545966 0)
(2.09562 0.0948416 0)
(2.08744 0.127078 0)
(2.09808 0.128635 0)
(2.12065 0.129435 0)
(2.14374 0.124622 0)
(2.1608 0.118055 0)
(2.18132 0.116095 0)
(2.20252 0.116977 0)
(2.21859 0.120941 0)
(2.22626 0.130741 0)
(2.22405 0.143992 0)
(2.23002 0.144842 0)
(2.24713 0.138998 0)
(2.26448 0.135308 0)
(2.28328 0.135132 0)
(2.30319 0.137493 0)
(2.32272 0.14029 0)
(2.34147 0.143667 0)
(2.35429 0.151695 0)
(2.35609 0.165546 0)
(2.35957 0.172973 0)
(2.37431 0.171787 0)
(2.38983 0.167731 0)
(2.40398 0.161883 0)
(2.41555 0.154825 0)
(2.42562 0.15005 0)
(2.43907 0.153034 0)
(2.45321 0.159181 0)
(2.46421 0.166926 0)
(2.47018 0.174522 0)
(2.47839 0.17621 0)
(2.49202 0.173018 0)
(2.50566 0.168829 0)
(2.51805 0.164793 0)
(2.52646 0.158369 0)
(2.52975 0.152224 0)
(2.54124 0.156105 0)
(1.51959 0.83955 0)
(1.60441 0.820298 0)
(1.69901 0.787612 0)
(1.78271 0.758434 0)
(1.85966 0.727387 0)
(1.96012 0.663045 0)
(2.04797 0.597758 0)
(2.0961 0.570863 0)
(2.15278 0.528329 0)
(2.24122 0.440307 0)
(2.3065 0.369214 0)
(2.33402 0.350911 0)
(2.36027 0.312988 0)
(2.42349 0.231639 0)
(2.47026 0.157441 0)
(2.4979 0.141804 0)
(2.50919 0.125753 0)
(2.54955 0.0563384 0)
(2.57763 -0.0150724 0)
(2.59574 -0.0420219 0)
(2.60548 -0.0496992 0)
(2.63431 -0.0989664 0)
(2.65552 -0.141063 0)
(2.66717 -0.163104 0)
(2.67022 -0.176805 0)
(2.6865 -0.217666 0)
(2.69894 -0.239118 0)
(2.71837 -0.27672 0)
(2.70603 -0.314258 0)
(2.58289 -0.502823 0)
(2.36062 -0.778783 0)
(2.08332 -1.00762 0)
(2.04657 -1.03139 0)
(2.05504 -1.00183 0)
(2.09466 -0.958332 0)
(2.12561 -0.922811 0)
(2.14446 -0.90968 0)
(2.15623 -0.884005 0)
(2.16065 -0.842931 0)
(2.1556 -0.783192 0)
(2.15298 -0.744348 0)
(2.15143 -0.702371 0)
(2.16305 -0.666114 0)
(2.18465 -0.627478 0)
(2.20486 -0.616134 0)
(2.21662 -0.608719 0)
(2.22941 -0.597829 0)
(2.24729 -0.588679 0)
(2.26755 -0.578528 0)
(2.2803 -0.564005 0)
(2.28702 -0.554663 0)
(2.29342 -0.548678 0)
(2.30693 -0.540469 0)
(2.32479 -0.535618 0)
(2.33904 -0.522851 0)
(2.34588 -0.493712 0)
(2.32692 -0.412837 0)
(2.27076 -0.25614 0)
(2.22647 -0.102375 0)
(2.17855 0.0113485 0)
(2.15743 0.0752009 0)
(2.13898 0.109511 0)
(2.1446 0.137306 0)
(2.16238 0.142924 0)
(2.18125 0.146058 0)
(2.20304 0.144471 0)
(2.22305 0.140874 0)
(2.23985 0.140899 0)
(2.25157 0.146447 0)
(2.25312 0.155924 0)
(2.25218 0.164077 0)
(2.26345 0.162385 0)
(2.28062 0.158676 0)
(2.29903 0.157974 0)
(2.31845 0.159457 0)
(2.33937 0.161061 0)
(2.36012 0.162417 0)
(2.37736 0.166025 0)
(2.38406 0.176142 0)
(2.37664 0.188859 0)
(2.37613 0.189652 0)
(2.39162 0.183905 0)
(2.40868 0.176674 0)
(2.42413 0.168384 0)
(2.44008 0.166591 0)
(2.45611 0.171372 0)
(2.47252 0.179985 0)
(2.48688 0.188331 0)
(2.49397 0.195759 0)
(2.4964 0.198505 0)
(2.50561 0.19557 0)
(2.51606 0.190256 0)
(2.52438 0.179239 0)
(2.53098 0.169299 0)
(2.54255 0.167873 0)
(2.55886 0.176941 0)
(1.53303 0.83555 0)
(1.61134 0.815494 0)
(1.69356 0.789635 0)
(1.76222 0.770786 0)
(1.84124 0.733412 0)
(1.93584 0.674221 0)
(2.00581 0.634689 0)
(2.0511 0.611304 0)
(2.11976 0.557398 0)
(2.20239 0.478171 0)
(2.26044 0.425398 0)
(2.2868 0.40807 0)
(2.32274 0.362733 0)
(2.3824 0.290166 0)
(2.429 0.230596 0)
(2.45761 0.205414 0)
(2.47483 0.178401 0)
(2.5056 0.126189 0)
(2.53643 0.0728145 0)
(2.55484 0.0464063 0)
(2.57647 0.0103492 0)
(2.60174 -0.0341111 0)
(2.6244 -0.0761469 0)
(2.64264 -0.0986255 0)
(2.65529 -0.120351 0)
(2.67305 -0.147553 0)
(2.68791 -0.197861 0)
(2.67309 -0.262395 0)
(2.55955 -0.438191 0)
(2.31735 -0.733927 0)
(2.09003 -0.926711 0)
(2.05953 -1.00228 0)
(2.07747 -0.994964 0)
(2.09995 -0.969402 0)
(2.12605 -0.942764 0)
(2.14746 -0.943878 0)
(2.16462 -0.946565 0)
(2.1807 -0.947738 0)
(2.19283 -0.940027 0)
(2.19508 -0.912323 0)
(2.20465 -0.865359 0)
(2.21242 -0.816858 0)
(2.21355 -0.760116 0)
(2.2274 -0.723652 0)
(2.23739 -0.678097 0)
(2.24902 -0.656215 0)
(2.27344 -0.629558 0)
(2.28785 -0.604147 0)
(2.29119 -0.587399 0)
(2.29694 -0.570235 0)
(2.30336 -0.555811 0)
(2.31317 -0.54433 0)
(2.32722 -0.529208 0)
(2.3466 -0.518757 0)
(2.36449 -0.519423 0)
(2.37973 -0.515955 0)
(2.39441 -0.500481 0)
(2.39812 -0.459534 0)
(2.38235 -0.378654 0)
(2.3213 -0.230846 0)
(2.28666 -0.107564 0)
(2.22717 0.0161395 0)
(2.18915 0.1125 0)
(2.19251 0.137567 0)
(2.21512 0.163848 0)
(2.22949 0.161426 0)
(2.23857 0.160615 0)
(2.25597 0.166527 0)
(2.2736 0.16816 0)
(2.28011 0.168611 0)
(2.28164 0.18198 0)
(2.28121 0.18929 0)
(2.29479 0.187207 0)
(2.31345 0.183739 0)
(2.33502 0.180227 0)
(2.35532 0.180956 0)
(2.37522 0.181959 0)
(2.39328 0.182039 0)
(2.40593 0.183492 0)
(2.40458 0.192012 0)
(2.39176 0.20462 0)
(2.39509 0.206328 0)
(2.41164 0.202529 0)
(2.42927 0.200637 0)
(2.44738 0.199025 0)
(2.46973 0.197842 0)
(2.48686 0.198987 0)
(2.50566 0.202366 0)
(2.51921 0.209075 0)
(2.51997 0.217336 0)
(2.51288 0.216307 0)
(2.51388 0.208175 0)
(2.52348 0.201803 0)
(2.53867 0.198591 0)
(2.55139 0.201798 0)
(2.57152 0.205926 0)
(1.54172 0.850727 0)
(1.61299 0.828972 0)
(1.68071 0.81008 0)
(1.74567 0.788878 0)
(1.82678 0.746707 0)
(1.90439 0.698756 0)
(1.95697 0.67977 0)
(2.01318 0.647615 0)
(2.09884 0.578046 0)
(2.16603 0.511677 0)
(2.19775 0.499113 0)
(2.22483 0.475881 0)
(2.29581 0.405612 0)
(2.35637 0.322424 0)
(2.38847 0.297363 0)
(2.38872 0.2971 0)
(2.42941 0.247503 0)
(2.4818 0.162567 0)
(2.51443 0.1115 0)
(2.5234 0.113326 0)
(2.53083 0.0947594 0)
(2.56835 0.0393101 0)
(2.59925 -0.0173145 0)
(2.61771 -0.0385523 0)
(2.63572 -0.0561172 0)
(2.64791 -0.0796934 0)
(2.62918 -0.149534 0)
(2.53491 -0.322602 0)
(2.23243 -0.680773 0)
(2.08661 -0.83785 0)
(2.04733 -0.916372 0)
(2.07135 -0.915428 0)
(2.09722 -0.903904 0)
(2.11208 -0.895534 0)
(2.13279 -0.905507 0)
(2.15626 -0.917978 0)
(2.17777 -0.927946 0)
(2.19838 -0.933722 0)
(2.22249 -0.933303 0)
(2.24183 -0.921499 0)
(2.24828 -0.905426 0)
(2.25599 -0.880357 0)
(2.26732 -0.857338 0)
(2.27838 -0.838865 0)
(2.28595 -0.801998 0)
(2.29785 -0.76099 0)
(2.31164 -0.723775 0)
(2.32356 -0.685565 0)
(2.337 -0.650251 0)
(2.35058 -0.616656 0)
(2.35263 -0.579694 0)
(2.35226 -0.545568 0)
(2.35581 -0.525842 0)
(2.3687 -0.515206 0)
(2.38434 -0.511335 0)
(2.4036 -0.503539 0)
(2.42037 -0.496523 0)
(2.44137 -0.487724 0)
(2.45013 -0.473984 0)
(2.44553 -0.435412 0)
(2.42665 -0.358336 0)
(2.37329 -0.224506 0)
(2.33059 -0.0897534 0)
(2.29131 0.0302064 0)
(2.2602 0.139295 0)
(2.2616 0.151498 0)
(2.27438 0.167873 0)
(2.28123 0.17286 0)
(2.28802 0.184259 0)
(2.297 0.197392 0)
(2.31017 0.203061 0)
(2.31103 0.207495 0)
(2.31634 0.204999 0)
(2.33044 0.203721 0)
(2.34718 0.20465 0)
(2.36783 0.204119 0)
(2.38848 0.203362 0)
(2.40649 0.201398 0)
(2.42105 0.198284 0)
(2.42668 0.196769 0)
(2.41841 0.203814 0)
(2.41336 0.216462 0)
(2.42724 0.224519 0)
(2.44388 0.228113 0)
(2.46066 0.230185 0)
(2.4814 0.227997 0)
(2.50199 0.223554 0)
(2.51936 0.222792 0)
(2.53666 0.222907 0)
(2.5425 0.22439 0)
(2.52755 0.227189 0)
(2.52126 0.227254 0)
(2.53451 0.228524 0)
(2.54787 0.231451 0)
(2.5636 0.23339 0)
(2.58585 0.234956 0)
(1.56188 0.846198 0)
(1.62596 0.828154 0)
(1.68348 0.814601 0)
(1.74734 0.790074 0)
(1.82566 0.748452 0)
(1.88701 0.721619 0)
(1.93219 0.706032 0)
(2.00135 0.660615 0)
(2.08057 0.59309 0)
(2.13077 0.560624 0)
(2.15424 0.553058 0)
(2.20412 0.505929 0)
(2.27498 0.429067 0)
(2.32142 0.375879 0)
(2.3394 0.372362 0)
(2.35668 0.343749 0)
(2.41087 0.275874 0)
(2.45221 0.211218 0)
(2.47315 0.196175 0)
(2.48015 0.184976 0)
(2.514 0.135193 0)
(2.54604 0.0748907 0)
(2.56559 0.0592824 0)
(2.5839 0.047998 0)
(2.6021 0.0185167 0)
(2.58368 -0.06268 0)
(2.49523 -0.245259 0)
(2.17478 -0.618196 0)
(2.06053 -0.761393 0)
(2.02004 -0.832352 0)
(2.04772 -0.833147 0)
(2.07834 -0.836441 0)
(2.09797 -0.837112 0)
(2.11569 -0.85732 0)
(2.13388 -0.872886 0)
(2.15479 -0.881752 0)
(2.17883 -0.885946 0)
(2.20473 -0.888652 0)
(2.22965 -0.895516 0)
(2.25704 -0.899274 0)
(2.28076 -0.893588 0)
(2.28804 -0.876026 0)
(2.28576 -0.86287 0)
(2.29784 -0.856638 0)
(2.31827 -0.852028 0)
(2.33818 -0.838439 0)
(2.36158 -0.821134 0)
(2.38048 -0.795727 0)
(2.39302 -0.763876 0)
(2.39909 -0.719096 0)
(2.39725 -0.66278 0)
(2.39915 -0.609659 0)
(2.40721 -0.584212 0)
(2.41236 -0.556802 0)
(2.41291 -0.517272 0)
(2.43285 -0.494764 0)
(2.45337 -0.495611 0)
(2.47078 -0.480403 0)
(2.47599 -0.472313 0)
(2.48571 -0.454109 0)
(2.4972 -0.433238 0)
(2.49493 -0.402438 0)
(2.47563 -0.326885 0)
(2.44042 -0.217796 0)
(2.38218 -0.0681496 0)
(2.35921 0.0263508 0)
(2.34607 0.101296 0)
(2.31349 0.164497 0)
(2.31705 0.196385 0)
(2.32436 0.204999 0)
(2.33163 0.219876 0)
(2.3358 0.230538 0)
(2.33791 0.236957 0)
(2.35246 0.230187 0)
(2.36954 0.221962 0)
(2.38546 0.219984 0)
(2.40312 0.225497 0)
(2.41902 0.226225 0)
(2.43289 0.220487 0)
(2.4413 0.214497 0)
(2.44171 0.216231 0)
(2.44136 0.230424 0)
(2.44584 0.245703 0)
(2.45936 0.253129 0)
(2.4777 0.255396 0)
(2.49565 0.255592 0)
(2.51583 0.251343 0)
(2.5347 0.245768 0)
(2.55032 0.241195 0)
(2.55662 0.233824 0)
(2.54571 0.232481 0)
(2.53977 0.24303 0)
(2.54884 0.251005 0)
(2.56383 0.255614 0)
(2.57736 0.258439 0)
(2.60156 0.260545 0)
(1.57224 0.86337 0)
(1.62583 0.849538 0)
(1.68136 0.832764 0)
(1.74578 0.803099 0)
(1.80805 0.771435 0)
(1.85659 0.758034 0)
(1.91152 0.733414 0)
(1.98868 0.676872 0)
(2.04917 0.623517 0)
(2.08212 0.617532 0)
(2.11527 0.598521 0)
(2.18735 0.536829 0)
(2.24877 0.458899 0)
(2.28192 0.435398 0)
(2.29084 0.43367 0)
(2.33288 0.387231 0)
(2.39106 0.310596 0)
(2.42796 0.259848 0)
(2.44363 0.256493 0)
(2.45128 0.241332 0)
(2.4939 0.186026 0)
(2.52527 0.13257 0)
(2.55211 0.101658 0)
(2.56958 0.0809398 0)
(2.54862 0.0137927 0)
(2.43468 -0.178093 0)
(2.13867 -0.531632 0)
(2.02064 -0.688301 0)
(1.99065 -0.767619 0)
(2.0197 -0.767632 0)
(2.05213 -0.767285 0)
(2.0758 -0.774311 0)
(2.09605 -0.7894 0)
(2.11734 -0.796843 0)
(2.13494 -0.803449 0)
(2.1516 -0.812241 0)
(2.17489 -0.821138 0)
(2.20351 -0.827203 0)
(2.23187 -0.829646 0)
(2.25969 -0.834002 0)
(2.28646 -0.844153 0)
(2.30784 -0.84858 0)
(2.31111 -0.836963 0)
(2.31476 -0.822206 0)
(2.33821 -0.82075 0)
(2.35524 -0.823164 0)
(2.37754 -0.824397 0)
(2.40515 -0.819555 0)
(2.43193 -0.806163 0)
(2.44972 -0.795383 0)
(2.45951 -0.78061 0)
(2.45869 -0.741942 0)
(2.45423 -0.681372 0)
(2.45891 -0.630783 0)
(2.45927 -0.596465 0)
(2.46852 -0.571997 0)
(2.48325 -0.545138 0)
(2.50566 -0.500796 0)
(2.51626 -0.470121 0)
(2.52697 -0.447626 0)
(2.53576 -0.43078 0)
(2.54181 -0.416546 0)
(2.54377 -0.403029 0)
(2.53977 -0.366706 0)
(2.53109 -0.314965 0)
(2.49861 -0.213825 0)
(2.46405 -0.101009 0)
(2.4093 0.0310313 0)
(2.41565 0.0941502 0)
(2.39218 0.162569 0)
(2.37211 0.210166 0)
(2.36175 0.247156 0)
(2.36611 0.25798 0)
(2.373 0.258021 0)
(2.38472 0.25301 0)
(2.40211 0.247859 0)
(2.42096 0.244895 0)
(2.4381 0.244802 0)
(2.44961 0.24465 0)
(2.45604 0.245624 0)
(2.46228 0.246896 0)
(2.46997 0.249417 0)
(2.4781 0.258077 0)
(2.48536 0.27155 0)
(2.49577 0.278573 0)
(2.51182 0.278258 0)
(2.52859 0.275945 0)
(2.54326 0.271585 0)
(2.55338 0.265314 0)
(2.55878 0.259924 0)
(2.56126 0.257404 0)
(2.5634 0.263681 0)
(2.56979 0.269609 0)
(2.5821 0.276296 0)
(2.59417 0.279467 0)
(2.61717 0.282365 0)
(1.59391 0.870486 0)
(1.64033 0.85583 0)
(1.6924 0.836541 0)
(1.74873 0.811026 0)
(1.80004 0.790036 0)
(1.84926 0.772769 0)
(1.91107 0.738578 0)
(1.97501 0.689758 0)
(2.01832 0.662767 0)
(2.05035 0.655857 0)
(2.10577 0.614285 0)
(2.17683 0.542377 0)
(2.22014 0.494896 0)
(2.23827 0.497623 0)
(2.26013 0.474861 0)
(2.32368 0.408115 0)
(2.37158 0.336257 0)
(2.39881 0.318176 0)
(2.39939 0.325355 0)
(2.43317 0.287469 0)
(2.47757 0.22463 0)
(2.50622 0.184435 0)
(2.52399 0.159077 0)
(2.50022 0.0892389 0)
(2.37917 -0.116458 0)
(2.07192 -0.475898 0)
(1.97235 -0.627691 0)
(1.96879 -0.694608 0)
(1.99631 -0.693206 0)
(2.02869 -0.695967 0)
(2.05609 -0.712897 0)
(2.07763 -0.724856 0)
(2.09885 -0.729938 0)
(2.11883 -0.737131 0)
(2.13707 -0.746853 0)
(2.15602 -0.758078 0)
(2.18015 -0.767514 0)
(2.20944 -0.774484 0)
(2.23922 -0.782236 0)
(2.26914 -0.79114 0)
(2.29714 -0.799765 0)
(2.31908 -0.807552 0)
(2.33096 -0.807097 0)
(2.33672 -0.797829 0)
(2.35521 -0.786975 0)
(2.37371 -0.784724 0)
(2.39773 -0.781815 0)
(2.42326 -0.784513 0)
(2.44708 -0.789337 0)
(2.46805 -0.79289 0)
(2.48361 -0.788505 0)
(2.49511 -0.779437 0)
(2.49732 -0.758919 0)
(2.50028 -0.717225 0)
(2.50833 -0.684717 0)
(2.51787 -0.655155 0)
(2.52524 -0.617238 0)
(2.53755 -0.582479 0)
(2.56059 -0.554954 0)
(2.57657 -0.514156 0)
(2.57398 -0.49002 0)
(2.58085 -0.450677 0)
(2.58241 -0.425235 0)
(2.58143 -0.398294 0)
(2.58459 -0.366341 0)
(2.59108 -0.352863 0)
(2.5876 -0.311613 0)
(2.55835 -0.215228 0)
(2.53151 -0.0962788 0)
(2.48312 0.0308162 0)
(2.46966 0.113949 0)
(2.45249 0.189698 0)
(2.42736 0.251007 0)
(2.40264 0.285558 0)
(2.40244 0.281789 0)
(2.41485 0.275588 0)
(2.42975 0.270084 0)
(2.45017 0.269169 0)
(2.46696 0.271715 0)
(2.47658 0.277589 0)
(2.48738 0.276768 0)
(2.49866 0.276801 0)
(2.50852 0.283945 0)
(2.51556 0.292943 0)
(2.5214 0.300232 0)
(2.53134 0.300363 0)
(2.54507 0.297492 0)
(2.55734 0.294537 0)
(2.56478 0.289177 0)
(2.57123 0.286372 0)
(2.57887 0.288424 0)
(2.58642 0.292881 0)
(2.59135 0.297089 0)
(2.60056 0.30044 0)
(2.61294 0.300751 0)
(2.63558 0.302517 0)
(1.61086 0.894019 0)
(1.6511 0.876336 0)
(1.69485 0.857147 0)
(1.74433 0.832851 0)
(1.79614 0.807823 0)
(1.84455 0.786395 0)
(1.89369 0.759907 0)
(1.94775 0.722423 0)
(1.9959 0.695411 0)
(2.03785 0.673954 0)
(2.09303 0.630983 0)
(2.14572 0.574456 0)
(2.18 0.551205 0)
(2.2025 0.545263 0)
(2.25043 0.500254 0)
(2.30691 0.429873 0)
(2.34075 0.383218 0)
(2.3538 0.389996 0)
(2.37182 0.374171 0)
(2.42267 0.31805 0)
(2.45902 0.266836 0)
(2.47899 0.225189 0)
(2.44871 0.14014 0)
(2.31083 -0.104197 0)
(2.01584 -0.421423 0)
(1.9349 -0.54515 0)
(1.93645 -0.62085 0)
(1.97136 -0.630189 0)
(2.00397 -0.631796 0)
(2.0331 -0.650606 0)
(2.05798 -0.665917 0)
(2.08235 -0.675737 0)
(2.10501 -0.682615 0)
(2.1235 -0.687354 0)
(2.14059 -0.694409 0)
(2.16235 -0.703525 0)
(2.18941 -0.711103 0)
(2.21855 -0.717094 0)
(2.24739 -0.722235 0)
(2.27457 -0.72745 0)
(2.29954 -0.732942 0)
(2.32211 -0.736809 0)
(2.34078 -0.736969 0)
(2.35228 -0.734303 0)
(2.36481 -0.732683 0)
(2.38739 -0.738367 0)
(2.41412 -0.746207 0)
(2.44034 -0.751036 0)
(2.46471 -0.751102 0)
(2.48558 -0.754862 0)
(2.5081 -0.755349 0)
(2.52857 -0.75142 0)
(2.54049 -0.742913 0)
(2.53979 -0.72471 0)
(2.53349 -0.702874 0)
(2.54939 -0.682032 0)
(2.56735 -0.669838 0)
(2.58058 -0.653891 0)
(2.59625 -0.630918 0)
(2.61184 -0.610215 0)
(2.61629 -0.580323 0)
(2.61557 -0.541363 0)
(2.61241 -0.485776 0)
(2.62477 -0.451778 0)
(2.62194 -0.41751 0)
(2.62944 -0.396571 0)
(2.63582 -0.367586 0)
(2.64139 -0.333017 0)
(2.63791 -0.282587 0)
(2.61957 -0.215338 0)
(2.58017 -0.0911339 0)
(2.56838 0.0230509 0)
(2.50613 0.166254 0)
(2.50006 0.212205 0)
(2.47861 0.248398 0)
(2.45385 0.278767 0)
(2.45428 0.289293 0)
(2.46148 0.287667 0)
(2.47875 0.298484 0)
(2.49109 0.310453 0)
(2.50461 0.313146 0)
(2.51974 0.31499 0)
(2.53394 0.313751 0)
(2.54437 0.311331 0)
(2.55074 0.314394 0)
(2.55485 0.319519 0)
(2.55602 0.321525 0)
(2.56132 0.319731 0)
(2.57692 0.316833 0)
(2.59064 0.315314 0)
(2.60184 0.314061 0)
(2.61193 0.314156 0)
(2.61891 0.318489 0)
(2.6218 0.325832 0)
(2.63032 0.324783 0)
(2.65103 0.324815 0)
(1.63117 0.910989 0)
(1.66687 0.891412 0)
(1.70652 0.868664 0)
(1.75173 0.843124 0)
(1.79545 0.823599 0)
(1.8366 0.805481 0)
(1.88782 0.771623 0)
(1.94177 0.732507 0)
(1.98121 0.718713 0)
(2.01827 0.701742 0)
(2.07603 0.655584 0)
(2.12865 0.598751 0)
(2.16252 0.584774 0)
(2.1865 0.573663 0)
(2.23438 0.53037 0)
(2.28416 0.464148 0)
(2.31235 0.43686 0)
(2.32942 0.434984 0)
(2.36463 0.40257 0)
(2.40332 0.35546 0)
(2.42747 0.300729 0)
(2.39455 0.19817 0)
(2.20316 -0.0933102 0)
(2.01205 -0.374543 0)
(1.88401 -0.504531 0)
(1.89293 -0.555365 0)
(1.936 -0.565163 0)
(1.97063 -0.565901 0)
(2.00319 -0.581484 0)
(2.03425 -0.602782 0)
(2.06243 -0.620013 0)
(2.09048 -0.630513 0)
(2.11504 -0.635708 0)
(2.13293 -0.638085 0)
(2.14971 -0.643231 0)
(2.17283 -0.651879 0)
(2.20084 -0.659997 0)
(2.23027 -0.666756 0)
(2.25888 -0.672912 0)
(2.28543 -0.679957 0)
(2.3098 -0.688224 0)
(2.33248 -0.695888 0)
(2.35362 -0.700494 0)
(2.37212 -0.700595 0)
(2.38767 -0.69403 0)
(2.4015 -0.683948 0)
(2.41641 -0.680032 0)
(2.43699 -0.683917 0)
(2.46292 -0.691356 0)
(2.48997 -0.699591 0)
(2.51593 -0.70523 0)
(2.53856 -0.705845 0)
(2.55707 -0.708768 0)
(2.57567 -0.703638 0)
(2.58061 -0.68912 0)
(2.57239 -0.670768 0)
(2.57986 -0.657888 0)
(2.59949 -0.6502 0)
(2.61911 -0.642467 0)
(2.63736 -0.633377 0)
(2.65241 -0.628456 0)
(2.66274 -0.622115 0)
(2.66166 -0.592421 0)
(2.66048 -0.54546 0)
(2.66768 -0.498302 0)
(2.66763 -0.448719 0)
(2.67397 -0.433466 0)
(2.68731 -0.412645 0)
(2.68428 -0.372675 0)
(2.68815 -0.339827 0)
(2.68856 -0.305399 0)
(2.66261 -0.207883 0)
(2.62476 -0.0774078 0)
(2.6168 0.0206802 0)
(2.55328 0.166813 0)
(2.5192 0.244481 0)
(2.52119 0.244207 0)
(2.50531 0.264503 0)
(2.51921 0.29664 0)
(2.51797 0.322141 0)
(2.52017 0.339163 0)
(2.53002 0.348788 0)
(2.54223 0.350252 0)
(2.55661 0.348508 0)
(2.57296 0.340149 0)
(2.58131 0.327686 0)
(2.58182 0.326358 0)
(2.58026 0.338035 0)
(2.58243 0.348033 0)
(2.59899 0.350514 0)
(2.61656 0.350278 0)
(2.6313 0.343639 0)
(2.64253 0.336766 0)
(2.65035 0.33282 0)
(2.65393 0.340278 0)
(2.66173 0.347912 0)
(1.65904 0.924609 0)
(1.69099 0.905844 0)
(1.72675 0.882985 0)
(1.76531 0.860351 0)
(1.80235 0.842368 0)
(1.84295 0.818166 0)
(1.89056 0.783881 0)
(1.93079 0.760375 0)
(1.96594 0.748529 0)
(2.01319 0.71789 0)
(2.07006 0.665662 0)
(2.10804 0.631198 0)
(2.13166 0.631354 0)
(2.16338 0.609436 0)
(2.22367 0.550169 0)
(2.26541 0.490074 0)
(2.28714 0.484463 0)
(2.30563 0.481586 0)
(2.3442 0.447149 0)
(2.37102 0.378767 0)
(2.33485 0.250162 0)
(2.12584 -0.0627827 0)
(1.91826 -0.340172 0)
(1.8575 -0.464714 0)
(1.87803 -0.487831 0)
(1.91113 -0.503856 0)
(1.93178 -0.506688 0)
(1.96783 -0.520707 0)
(2.00241 -0.537604 0)
(2.0358 -0.552577 0)
(2.06962 -0.567062 0)
(2.10202 -0.582487 0)
(2.12935 -0.594868 0)
(2.14871 -0.599881 0)
(2.16383 -0.601335 0)
(2.18494 -0.606651 0)
(2.21255 -0.614273 0)
(2.24213 -0.621339 0)
(2.27116 -0.626438 0)
(2.2977 -0.629049 0)
(2.3206 -0.630541 0)
(2.3412 -0.632542 0)
(2.36196 -0.635822 0)
(2.38272 -0.640656 0)
(2.40166 -0.644174 0)
(2.41885 -0.643798 0)
(2.4359 -0.640916 0)
(2.45347 -0.637328 0)
(2.47061 -0.635653 0)
(2.4887 -0.637807 0)
(2.51312 -0.639957 0)
(2.53955 -0.642827 0)
(2.56405 -0.649349 0)
(2.5858 -0.65676 0)
(2.60289 -0.659639 0)
(2.60878 -0.650493 0)
(2.61035 -0.629792 0)
(2.62089 -0.618626 0)
(2.6331 -0.61325 0)
(2.64703 -0.610543 0)
(2.66597 -0.610792 0)
(2.68326 -0.606213 0)
(2.69468 -0.600941 0)
(2.69884 -0.593123 0)
(2.70711 -0.563895 0)
(2.70761 -0.527841 0)
(2.71357 -0.505143 0)
(2.71846 -0.475231 0)
(2.72482 -0.45219 0)
(2.73043 -0.430807 0)
(2.73682 -0.404514 0)
(2.73104 -0.356385 0)
(2.71142 -0.279009 0)
(2.70371 -0.198599 0)
(2.6804 -0.103537 0)
(2.66123 -0.0113236 0)
(2.59785 0.145987 0)
(2.56634 0.243438 0)
(2.57588 0.254981 0)
(2.56575 0.294023 0)
(2.56543 0.328539 0)
(2.56317 0.349011 0)
(2.56326 0.366221 0)
(2.56501 0.379028 0)
(2.57821 0.376471 0)
(2.59061 0.367727 0)
(2.60189 0.35449 0)
(2.60797 0.347095 0)
(2.61179 0.356343 0)
(2.61595 0.374913 0)
(2.62174 0.3809 0)
(2.63846 0.378248 0)
(2.6526 0.374552 0)
(2.66348 0.362501 0)
(2.67144 0.355843 0)
(2.68121 0.362211 0)
(1.67273 0.951038 0)
(1.70929 0.930948 0)
(1.74343 0.908515 0)
(1.77868 0.885664 0)
(1.80951 0.868092 0)
(1.84499 0.843914 0)
(1.88806 0.811719 0)
(1.9294 0.784685 0)
(1.964 0.766547 0)
(2.00254 0.739602 0)
(2.04833 0.699153 0)
(2.08727 0.670354 0)
(2.11485 0.659566 0)
(2.15721 0.623991 0)
(2.20696 0.565674 0)
(2.2326 0.537788 0)
(2.25721 0.535606 0)
(2.28761 0.518236 0)
(2.31541 0.446365 0)
(2.27234 0.299791 0)
(2.02643 -0.0505416 0)
(1.86439 -0.281003 0)
(1.83028 -0.383202 0)
(1.85192 -0.410445 0)
(1.89203 -0.433438 0)
(1.91885 -0.449521 0)
(1.93686 -0.465707 0)
(1.96802 -0.479797 0)
(2.00469 -0.49234 0)
(2.04336 -0.508689 0)
(2.0802 -0.52692 0)
(2.11327 -0.542606 0)
(2.14176 -0.552348 0)
(2.16478 -0.555975 0)
(2.18222 -0.557485 0)
(2.20054 -0.561896 0)
(2.22574 -0.569217 0)
(2.25472 -0.576671 0)
(2.28412 -0.583256 0)
(2.31215 -0.588574 0)
(2.33778 -0.592247 0)
(2.36103 -0.593301 0)
(2.38204 -0.591621 0)
(2.40047 -0.590698 0)
(2.41699 -0.593254 0)
(2.43377 -0.595784 0)
(2.4518 -0.597226 0)
(2.47066 -0.598785 0)
(2.48957 -0.601367 0)
(2.50878 -0.602474 0)
(2.5304 -0.597484 0)
(2.55279 -0.589416 0)
(2.574 -0.586644 0)
(2.59328 -0.594681 0)
(2.60868 -0.608188 0)
(2.6205 -0.617802 0)
(2.63279 -0.610733 0)
(2.64215 -0.589998 0)
(2.64784 -0.570262 0)
(2.65952 -0.565785 0)
(2.67364 -0.572545 0)
(2.68602 -0.575916 0)
(2.70317 -0.574493 0)
(2.71849 -0.570168 0)
(2.72763 -0.556913 0)
(2.73215 -0.535806 0)
(2.73509 -0.526961 0)
(2.74839 -0.517027 0)
(2.75736 -0.507521 0)
(2.76104 -0.493662 0)
(2.76594 -0.472518 0)
(2.77218 -0.443207 0)
(2.76609 -0.396669 0)
(2.76156 -0.341259 0)
(2.76787 -0.29306 0)
(2.75835 -0.224935 0)
(2.7297 -0.132657 0)
(2.70256 -0.0275194 0)
(2.67265 0.0971119 0)
(2.61759 0.260914 0)
(2.61984 0.287068 0)
(2.61599 0.305674 0)
(2.61139 0.33921 0)
(2.59947 0.372107 0)
(2.59215 0.402935 0)
(2.60049 0.402696 0)
(2.61052 0.393299 0)
(2.61921 0.385551 0)
(2.63082 0.38136 0)
(2.64199 0.384158 0)
(2.64682 0.401041 0)
(2.6448 0.414109 0)
(2.65379 0.409555 0)
(2.66859 0.39892 0)
(2.67924 0.383412 0)
(2.69593 0.381135 0)
(1.6815 0.965035 0)
(1.7176 0.950481 0)
(1.76126 0.92459 0)
(1.79184 0.906936 0)
(1.81817 0.891096 0)
(1.85745 0.85943 0)
(1.90151 0.821582 0)
(1.93209 0.806776 0)
(1.95588 0.794856 0)
(1.9985 0.759299 0)
(2.04819 0.710292 0)
(2.08306 0.691361 0)
(2.10118 0.686412 0)
(2.14384 0.649179 0)
(2.18237 0.602837 0)
(2.22118 0.570271 0)
(2.24007 0.57058 0)
(2.26085 0.509807 0)
(2.19614 0.345494 0)
(1.95149 -0.0201461 0)
(1.76188 -0.279312 0)
(1.77327 -0.359564 0)
(1.81376 -0.359163 0)
(1.86506 -0.370266 0)
(1.90212 -0.393902 0)
(1.92489 -0.415118 0)
(1.94696 -0.432938 0)
(1.97656 -0.446736 0)
(2.01377 -0.45461 0)
(2.05264 -0.464749 0)
(2.08995 -0.478613 0)
(2.12395 -0.494469 0)
(2.15461 -0.509767 0)
(2.18192 -0.521285 0)
(2.20467 -0.526316 0)
(2.22355 -0.526468 0)
(2.24432 -0.52704 0)
(2.26988 -0.529573 0)
(2.29778 -0.532645 0)
(2.32541 -0.535804 0)
(2.35147 -0.539806 0)
(2.37599 -0.543988 0)
(2.39917 -0.546214 0)
(2.41967 -0.546136 0)
(2.43494 -0.545452 0)
(2.44496 -0.542946 0)
(2.45596 -0.539257 0)
(2.47434 -0.537758 0)
(2.49613 -0.539638 0)
(2.51764 -0.542128 0)
(2.53845 -0.54111 0)
(2.55767 -0.534362 0)
(2.57315 -0.526177 0)
(2.58927 -0.527725 0)
(2.60969 -0.539301 0)
(2.62791 -0.55035 0)
(2.64319 -0.555432 0)
(2.6563 -0.552946 0)
(2.66881 -0.544745 0)
(2.67726 -0.531947 0)
(2.6784 -0.526736 0)
(2.68338 -0.527867 0)
(2.70292 -0.527443 0)
(2.72287 -0.527226 0)
(2.74062 -0.524068 0)
(2.75497 -0.512691 0)
(2.76132 -0.505012 0)
(2.76327 -0.504192 0)
(2.76956 -0.502129 0)
(2.7764 -0.499988 0)
(2.78398 -0.491126 0)
(2.7957 -0.47704 0)
(2.80336 -0.456976 0)
(2.81034 -0.431128 0)
(2.80922 -0.392764 0)
(2.81266 -0.347524 0)
(2.81727 -0.314366 0)
(2.80327 -0.253908 0)
(2.77874 -0.167036 0)
(2.75778 -0.0691091 0)
(2.72808 0.0584436 0)
(2.66785 0.235025 0)
(2.66316 0.26962 0)
(2.65622 0.310636 0)
(2.63897 0.366113 0)
(2.64371 0.399895 0)
(2.63489 0.412127 0)
(2.63452 0.414939 0)
(2.63994 0.413761 0)
(2.64729 0.412513 0)
(2.66039 0.420725 0)
(2.6688 0.433459 0)
(2.66916 0.442419 0)
(2.67478 0.436951 0)
(2.68866 0.421529 0)
(2.70568 0.414201 0)
(1.74106 0.969453 0)
(1.72963 0.970256 0)
(1.76434 0.947288 0)
(1.79816 0.929423 0)
(1.83133 0.906811 0)
(1.87248 0.871637 0)
(1.90379 0.848534 0)
(1.92543 0.841698 0)
(1.95823 0.816362 0)
(2.00709 0.768506 0)
(2.04553 0.73253 0)
(2.06182 0.734289 0)
(2.08681 0.716847 0)
(2.13556 0.669514 0)
(2.18247 0.615609 0)
(2.19921 0.620716 0)
(2.20618 0.562793 0)
(2.12369 0.376065 0)
(1.85709 0.0033669 0)
(1.74495 -0.186053 0)
(1.7464 -0.272291 0)
(1.77686 -0.288294 0)
(1.83014 -0.305553 0)
(1.87767 -0.328194 0)
(1.9098 -0.351092 0)
(1.93651 -0.377042 0)
(1.96292 -0.395551 0)
(1.99297 -0.40679 0)
(2.02965 -0.420272 0)
(2.06897 -0.434493 0)
(2.10641 -0.446493 0)
(2.14 -0.455349 0)
(2.16992 -0.462572 0)
(2.19741 -0.469731 0)
(2.22243 -0.476592 0)
(2.2443 -0.482113 0)
(2.26503 -0.485568 0)
(2.28811 -0.487268 0)
(2.31401 -0.487579 0)
(2.34069 -0.487446 0)
(2.36654 -0.489207 0)
(2.39144 -0.493673 0)
(2.41515 -0.499128 0)
(2.43646 -0.504668 0)
(2.45348 -0.510354 0)
(2.46554 -0.512113 0)
(2.47593 -0.506571 0)
(2.49105 -0.498804 0)
(2.51138 -0.496143 0)
(2.53306 -0.498569 0)
(2.55375 -0.501141 0)
(2.57298 -0.498625 0)
(2.58944 -0.489438 0)
(2.60148 -0.480446 0)
(2.61209 -0.480596 0)
(2.62866 -0.487956 0)
(2.64818 -0.494244 0)
(2.66675 -0.497502 0)
(2.68263 -0.497656 0)
(2.69292 -0.493898 0)
(2.69681 -0.489798 0)
(2.69675 -0.484823 0)
(2.6978 -0.478916 0)
(2.7074 -0.476905 0)
(2.72858 -0.47396 0)
(2.75257 -0.471216 0)
(2.77424 -0.47586 0)
(2.78712 -0.477546 0)
(2.79097 -0.473332 0)
(2.7906 -0.471556 0)
(2.79391 -0.467229 0)
(2.80431 -0.459576 0)
(2.81768 -0.449573 0)
(2.82983 -0.435608 0)
(2.83784 -0.424712 0)
(2.84293 -0.408182 0)
(2.84831 -0.377467 0)
(2.84833 -0.34792 0)
(2.85481 -0.327128 0)
(2.85009 -0.288525 0)
(2.83431 -0.22757 0)
(2.80275 -0.118886 0)
(2.76997 0.00751715 0)
(2.72923 0.151022 0)
(2.68158 0.30398 0)
(2.6937 0.326522 0)
(2.70312 0.355088 0)
(2.68376 0.40462 0)
(2.66311 0.432416 0)
(2.65667 0.440431 0)
(2.66349 0.442507 0)
(2.67656 0.451119 0)
(2.68459 0.46111 0)
(2.69279 0.465384 0)
(2.70385 0.455924 0)
(2.71587 0.449162 0)
(2.08225 0.840773 0)
(1.77538 0.972856 0)
(1.77044 0.970858 0)
(1.80516 0.948989 0)
(1.84498 0.921457 0)
(1.87827 0.894124 0)
(1.90483 0.877877 0)
(1.93249 0.861237 0)
(1.96731 0.83099 0)
(2.01192 0.785333 0)
(2.03619 0.77042 0)
(2.05391 0.764948 0)
(2.0885 0.732764 0)
(2.14054 0.676255 0)
(2.16594 0.672284 0)
(2.15174 0.598431 0)
(2.03653 0.384233 0)
(1.79815 0.0304373 0)
(1.66325 -0.183782 0)
(1.6944 -0.254929 0)
(1.74051 -0.261207 0)
(1.79018 -0.269099 0)
(1.84219 -0.284938 0)
(1.88703 -0.304218 0)
(1.92488 -0.322347 0)
(1.95753 -0.342639 0)
(1.98543 -0.36171 0)
(2.0152 -0.376011 0)
(2.04988 -0.386065 0)
(2.08655 -0.394365 0)
(2.12243 -0.401825 0)
(2.15598 -0.410044 0)
(2.18669 -0.420664 0)
(2.21458 -0.431783 0)
(2.23997 -0.440231 0)
(2.26325 -0.445105 0)
(2.28518 -0.446953 0)
(2.30709 -0.446173 0)
(2.33015 -0.442515 0)
(2.3538 -0.437077 0)
(2.37663 -0.433537 0)
(2.39921 -0.434512 0)
(2.42255 -0.439145 0)
(2.44545 -0.446766 0)
(2.46484 -0.457375 0)
(2.4791 -0.465715 0)
(2.49184 -0.464889 0)
(2.50677 -0.455797 0)
(2.52261 -0.445904 0)
(2.53841 -0.441732 0)
(2.55632 -0.44307 0)
(2.57749 -0.444369 0)
(2.59753 -0.444894 0)
(2.61495 -0.444894 0)
(2.62839 -0.440989 0)
(2.63862 -0.437105 0)
(2.64725 -0.435482 0)
(2.65918 -0.434276 0)
(2.67625 -0.432422 0)
(2.69488 -0.4318 0)
(2.70763 -0.433016 0)
(2.71308 -0.438733 0)
(2.7158 -0.441591 0)
(2.72275 -0.437345 0)
(2.73534 -0.428594 0)
(2.74803 -0.420498 0)
(2.76061 -0.419658 0)
(2.77515 -0.424983 0)
(2.79131 -0.432964 0)
(2.80635 -0.437373 0)
(2.81552 -0.435491 0)
(2.82303 -0.429244 0)
(2.83184 -0.42216 0)
(2.84183 -0.414373 0)
(2.85424 -0.404617 0)
(2.86326 -0.395697 0)
(2.86575 -0.388257 0)
(2.86765 -0.375275 0)
(2.87958 -0.358029 0)
(2.8876 -0.340302 0)
(2.89416 -0.326414 0)
(2.89479 -0.310961 0)
(2.87962 -0.260332 0)
(2.84509 -0.159167 0)
(2.81831 -0.0466392 0)
(2.78324 0.102648 0)
(2.74093 0.286474 0)
(2.75453 0.313566 0)
(2.74073 0.360939 0)
(2.71562 0.405606 0)
(2.68643 0.464852 0)
(2.68668 0.473395 0)
(2.6922 0.483764 0)
(2.70384 0.486903 0)
(2.71159 0.483139 0)
(2.72703 0.476318 0)
(2.71014 0.400122 0)
(2.00502 0.890453 0)
(1.81037 0.976879 0)
(1.81337 0.971386 0)
(1.85156 0.944818 0)
(1.88699 0.915503 0)
(1.91459 0.898008 0)
(1.934 0.886024 0)
(1.97668 0.849391 0)
(2.01327 0.810281 0)
(2.03682 0.798662 0)
(2.04921 0.792379 0)
(2.10067 0.745563 0)
(2.12854 0.722862 0)
(2.11328 0.637869 0)
(1.97063 0.379953 0)
(1.7048 0.0207866 0)
(1.65416 -0.103726 0)
(1.67497 -0.159875 0)
(1.71823 -0.190986 0)
(1.76645 -0.217191 0)
(1.81692 -0.246327 0)
(1.85899 -0.271568 0)
(1.89955 -0.28206 0)
(1.94026 -0.291759 0)
(1.97566 -0.30204 0)
(2.0047 -0.314343 0)
(2.03543 -0.329444 0)
(2.07041 -0.34387 0)
(2.10623 -0.356027 0)
(2.14084 -0.365585 0)
(2.17298 -0.372558 0)
(2.20183 -0.378526 0)
(2.22793 -0.38471 0)
(2.25289 -0.391221 0)
(2.27764 -0.398298 0)
(2.30175 -0.405095 0)
(2.325 -0.409227 0)
(2.34855 -0.407959 0)
(2.37275 -0.401639 0)
(2.3956 -0.394622 0)
(2.41602 -0.390523 0)
(2.43462 -0.389358 0)
(2.45249 -0.391404 0)
(2.47026 -0.39906 0)
(2.48707 -0.409084 0)
(2.50328 -0.415484 0)
(2.52088 -0.415633 0)
(2.53966 -0.410539 0)
(2.5565 -0.40337 0)
(2.56819 -0.396923 0)
(2.57571 -0.392595 0)
(2.58843 -0.392025 0)
(2.61128 -0.39583 0)
(2.63539 -0.402105 0)
(2.65549 -0.405914 0)
(2.67104 -0.40374 0)
(2.68223 -0.395344 0)
(2.68839 -0.384689 0)
(2.69042 -0.377299 0)
(2.6946 -0.376449 0)
(2.70362 -0.379772 0)
(2.71834 -0.386459 0)
(2.73399 -0.39093 0)
(2.74956 -0.391391 0)
(2.76533 -0.390412 0)
(2.78031 -0.388689 0)
(2.79122 -0.386389 0)
(2.79561 -0.386396 0)
(2.7943 -0.38719 0)
(2.79871 -0.384208 0)
(2.81463 -0.377429 0)
(2.8333 -0.37345 0)
(2.85116 -0.371935 0)
(2.86577 -0.370744 0)
(2.87915 -0.369074 0)
(2.88546 -0.365541 0)
(2.88175 -0.353584 0)
(2.88751 -0.342742 0)
(2.89867 -0.338157 0)
(2.91335 -0.32628 0)
(2.91742 -0.312047 0)
(2.91977 -0.302215 0)
(2.91938 -0.293529 0)
(2.91201 -0.260338 0)
(2.89477 -0.192194 0)
(2.8779 -0.101872 0)
(2.83881 0.0674552 0)
(2.81279 0.204083 0)
(2.81171 0.262307 0)
(2.74703 0.368714 0)
(2.7341 0.426453 0)
(2.71546 0.497773 0)
(2.72112 0.516144 0)
(2.72362 0.503311 0)
(2.73759 0.494024 0)
(2.98734 0.0409303 0)
(2.56214 0.524069 0)
(1.97498 0.920596 0)
(1.84184 0.977282 0)
(1.85385 0.968002 0)
(1.89234 0.939029 0)
(1.91449 0.927451 0)
(1.9479 0.900233 0)
(1.98813 0.859045 0)
(2.0169 0.832794 0)
(2.02339 0.838307 0)
(2.065 0.806549 0)
(2.09443 0.773793 0)
(2.0763 0.667314 0)
(1.8799 0.367136 0)
(1.66314 0.0452333 0)
(1.60952 -0.122231 0)
(1.63866 -0.158525 0)
(1.68921 -0.151456 0)
(1.73853 -0.160143 0)
(1.79138 -0.186527 0)
(1.83924 -0.218055 0)
(1.88137 -0.244918 0)
(1.92202 -0.261328 0)
(1.96212 -0.272759 0)
(1.99807 -0.282327 0)
(2.0296 -0.290433 0)
(2.06008 -0.297253 0)
(2.09133 -0.303688 0)
(2.12275 -0.310467 0)
(2.15387 -0.318192 0)
(2.1847 -0.327683 0)
(2.21476 -0.33867 0)
(2.24325 -0.348096 0)
(2.26986 -0.353593 0)
(2.29422 -0.35632 0)
(2.31649 -0.358592 0)
(2.3378 -0.360559 0)
(2.36017 -0.359486 0)
(2.38429 -0.354463 0)
(2.40799 -0.348597 0)
(2.42888 -0.345006 0)
(2.44594 -0.34334 0)
(2.46017 -0.342288 0)
(2.47391 -0.344489 0)
(2.4901 -0.350751 0)
(2.50938 -0.357642 0)
(2.5306 -0.362165 0)
(2.5526 -0.363827 0)
(2.57276 -0.363322 0)
(2.58746 -0.362059 0)
(2.59538 -0.359067 0)
(2.60072 -0.353027 0)
(2.60988 -0.34807 0)
(2.62751 -0.347075 0)
(2.65076 -0.347199 0)
(2.67493 -0.347615 0)
(2.69577 -0.347705 0)
(2.70901 -0.347289 0)
(2.71284 -0.34602 0)
(2.71142 -0.341381 0)
(2.71087 -0.335513 0)
(2.71482 -0.332552 0)
(2.72606 -0.331022 0)
(2.74279 -0.329406 0)
(2.76231 -0.328762 0)
(2.78355 -0.330814 0)
(2.80307 -0.33526 0)
(2.81476 -0.34375 0)
(2.81883 -0.351167 0)
(2.82236 -0.347028 0)
(2.8305 -0.336861 0)
(2.83997 -0.327408 0)
(2.84823 -0.324894 0)
(2.85829 -0.330121 0)
(2.87047 -0.332979 0)
(2.88345 -0.330697 0)
(2.89795 -0.325782 0)
(2.90775 -0.319274 0)
(2.91256 -0.312015 0)
(2.9162 -0.30462 0)
(2.92134 -0.304535 0)
(2.92647 -0.298725 0)
(2.93889 -0.286084 0)
(2.94543 -0.275827 0)
(2.94817 -0.266105 0)
(2.9461 -0.249548 0)
(2.93906 -0.212718 0)
(2.92438 -0.141181 0)
(2.89753 -0.0243951 0)
(2.85429 0.113473 0)
(2.80552 0.264486 0)
(2.81627 0.320814 0)
(2.76267 0.448752 0)
(2.75749 0.474796 0)
(2.75907 0.505562 0)
(2.99971 0.00128625 0)
(2.96754 0.0738941 0)
(2.44668 0.620974 0)
(1.968 0.936599 0)
(1.87107 0.974475 0)
(1.88588 0.965089 0)
(1.92194 0.942756 0)
(1.95913 0.914011 0)
(1.99299 0.878164 0)
(2.0055 0.875395 0)
(2.03255 0.85693 0)
(2.06218 0.821352 0)
(2.02215 0.685072 0)
(1.83484 0.348722 0)
(1.58293 0.042869 0)
(1.58931 -0.0371135 0)
(1.63647 -0.0917106 0)
(1.68166 -0.120614 0)
(1.71771 -0.135029 0)
(1.75787 -0.14751 0)
(1.80448 -0.163653 0)
(1.85156 -0.187087 0)
(1.89603 -0.207386 0)
(1.93927 -0.22328 0)
(1.97942 -0.23516 0)
(2.01494 -0.242744 0)
(2.0465 -0.247457 0)
(2.07608 -0.251875 0)
(2.10559 -0.258151 0)
(2.13591 -0.267092 0)
(2.16657 -0.276981 0)
(2.19673 -0.285431 0)
(2.22574 -0.29227 0)
(2.25352 -0.297733 0)
(2.28001 -0.301814 0)
(2.30477 -0.305602 0)
(2.32791 -0.309733 0)
(2.35019 -0.313566 0)
(2.37278 -0.314563 0)
(2.39618 -0.311725 0)
(2.41957 -0.307104 0)
(2.44118 -0.303626 0)
(2.45888 -0.302236 0)
(2.47271 -0.301096 0)
(2.48517 -0.300249 0)
(2.49923 -0.301002 0)
(2.51633 -0.303795 0)
(2.53597 -0.30724 0)
(2.55714 -0.309664 0)
(2.57802 -0.310445 0)
(2.59503 -0.310375 0)
(2.60517 -0.310997 0)
(2.61213 -0.313748 0)
(2.62458 -0.315934 0)
(2.64443 -0.313988 0)
(2.66697 -0.308957 0)
(2.6855 -0.300858 0)
(2.69808 -0.291676 0)
(2.70841 -0.286789 0)
(2.71644 -0.288043 0)
(2.72241 -0.293149 0)
(2.72853 -0.29741 0)
(2.73646 -0.300648 0)
(2.74944 -0.298094 0)
(2.76715 -0.296697 0)
(2.78345 -0.295156 0)
(2.79612 -0.292414 0)
(2.80259 -0.290525 0)
(2.80957 -0.289422 0)
(2.82551 -0.287842 0)
(2.84164 -0.287016 0)
(2.85384 -0.286659 0)
(2.86282 -0.288748 0)
(2.86735 -0.288686 0)
(2.86264 -0.284866 0)
(2.86649 -0.284447 0)
(2.88484 -0.281498 0)
(2.9011 -0.280007 0)
(2.91771 -0.280909 0)
(2.93047 -0.280146 0)
(2.93523 -0.277325 0)
(2.93302 -0.277182 0)
(2.93724 -0.2689 0)
(2.94538 -0.260446 0)
(2.95263 -0.254678 0)
(2.96052 -0.243313 0)
(2.96449 -0.240527 0)
(2.96959 -0.237285 0)
(2.97408 -0.235523 0)
(2.96437 -0.21662 0)
(2.94842 -0.16176 0)
(2.93228 -0.0763274 0)
(2.90401 0.0496016 0)
(2.86288 0.18793 0)
(2.84244 0.273654 0)
(2.811 0.420051 0)
(3 3.91471e-06 0)
(2.99923 0.00339151 0)
(2.93708 0.118497 0)
(2.36591 0.687591 0)
(1.96653 0.947214 0)
(1.89752 0.975519 0)
(1.91768 0.96383 0)
(1.96065 0.931103 0)
(1.99628 0.903958 0)
(2.00877 0.900326 0)
(2.03242 0.858004 0)
(1.97449 0.698204 0)
(1.71896 0.292693 0)
(1.54887 0.0370637 0)
(1.55777 -0.0374344 0)
(1.60256 -0.0515506 0)
(1.64872 -0.0571822 0)
(1.69873 -0.0818316 0)
(1.73947 -0.116279 0)
(1.77876 -0.139333 0)
(1.82223 -0.149863 0)
(1.86685 -0.1616 0)
(1.91108 -0.178008 0)
(1.95376 -0.194725 0)
(1.99384 -0.20774 0)
(2.03058 -0.216098 0)
(2.06378 -0.220932 0)
(2.09384 -0.223544 0)
(2.12182 -0.225313 0)
(2.14925 -0.228393 0)
(2.17755 -0.233766 0)
(2.20712 -0.240321 0)
(2.23704 -0.247579 0)
(2.26597 -0.254771 0)
(2.29292 -0.260572 0)
(2.31717 -0.264756 0)
(2.33912 -0.266723 0)
(2.35996 -0.266259 0)
(2.3809 -0.263179 0)
(2.4022 -0.259093 0)
(2.42412 -0.255982 0)
(2.44633 -0.254153 0)
(2.46619 -0.253611 0)
(2.48166 -0.253732 0)
(2.49461 -0.25404 0)
(2.50922 -0.254464 0)
(2.52736 -0.25592 0)
(2.54781 -0.258772 0)
(2.56899 -0.262039 0)
(2.58961 -0.264413 0)
(2.60706 -0.264588 0)
(2.61736 -0.26154 0)
(2.61988 -0.258594 0)
(2.62319 -0.260245 0)
(2.63483 -0.262821 0)
(2.65796 -0.259914 0)
(2.68639 -0.254828 0)
(2.70948 -0.252128 0)
(2.72751 -0.250766 0)
(2.73774 -0.245276 0)
(2.73634 -0.239283 0)
(2.72253 -0.239664 0)
(2.73331 -0.242697 0)
(2.7564 -0.24271 0)
(2.77752 -0.24315 0)
(2.79825 -0.250542 0)
(2.81357 -0.259222 0)
(2.81843 -0.26231 0)
(2.82316 -0.254379 0)
(2.83134 -0.239786 0)
(2.84142 -0.229021 0)
(2.85203 -0.223971 0)
(2.85993 -0.224385 0)
(2.86758 -0.231259 0)
(2.87504 -0.238399 0)
(2.87732 -0.238014 0)
(2.8757 -0.240283 0)
(2.8871 -0.243324 0)
(2.90461 -0.243563 0)
(2.92122 -0.241821 0)
(2.93625 -0.242749 0)
(2.94623 -0.245025 0)
(2.951 -0.238224 0)
(2.95272 -0.228027 0)
(2.95814 -0.215382 0)
(2.96638 -0.206808 0)
(2.9752 -0.207425 0)
(2.98269 -0.209341 0)
(2.98751 -0.210931 0)
(2.98492 -0.213865 0)
(2.97627 -0.211012 0)
(2.98286 -0.184488 0)
(2.98264 -0.1587 0)
(2.97836 -0.10236 0)
(2.96461 -0.0354775 0)
(2.91854 0.163351 0)
(3 4.79396e-09 0)
(2.99999 1.58069e-05 0)
(2.99823 0.00692633 0)
(2.89951 0.169151 0)
(2.30747 0.733393 0)
(1.98022 0.958402 0)
(1.92713 0.971132 0)
(1.94947 0.955571 0)
(1.97753 0.945337 0)
(2.00726 0.896423 0)
(1.89806 0.68868 0)
(1.64839 0.286404 0)
(1.50862 0.0716182 0)
(1.50819 0.0221123 0)
(1.56752 -0.00529338 0)
(1.62535 -0.0287947 0)
(1.66223 -0.0451171 0)
(1.70133 -0.0629064 0)
(1.7444 -0.0877539 0)
(1.78895 -0.1099 0)
(1.83472 -0.123674 0)
(1.87979 -0.133829 0)
(1.92217 -0.145657 0)
(1.96173 -0.15825 0)
(1.99947 -0.168934 0)
(2.03563 -0.176212 0)
(2.06941 -0.180002 0)
(2.10017 -0.181112 0)
(2.12881 -0.181487 0)
(2.15737 -0.183793 0)
(2.18717 -0.188438 0)
(2.21749 -0.19354 0)
(2.24652 -0.198802 0)
(2.27263 -0.204575 0)
(2.2956 -0.210086 0)
(2.31677 -0.214978 0)
(2.33878 -0.218246 0)
(2.36332 -0.219168 0)
(2.38964 -0.216521 0)
(2.41518 -0.212445 0)
(2.43873 -0.210707 0)
(2.46087 -0.210803 0)
(2.48094 -0.209931 0)
(2.49642 -0.208835 0)
(2.50909 -0.209204 0)
(2.52422 -0.210187 0)
(2.54338 -0.210834 0)
(2.56437 -0.211653 0)
(2.585 -0.213168 0)
(2.60409 -0.215186 0)
(2.62074 -0.217581 0)
(2.634 -0.219542 0)
(2.64335 -0.221054 0)
(2.65056 -0.223957 0)
(2.66124 -0.225734 0)
(2.67462 -0.219675 0)
(2.68593 -0.208078 0)
(2.70087 -0.199462 0)
(2.7225 -0.196911 0)
(2.74569 -0.197983 0)
(2.76106 -0.199514 0)
(2.76418 -0.20116 0)
(2.76002 -0.198189 0)
(2.75642 -0.201982 0)
(2.76585 -0.206418 0)
(2.78523 -0.207341 0)
(2.80664 -0.209128 0)
(2.82235 -0.212898 0)
(2.83391 -0.212598 0)
(2.84298 -0.205803 0)
(2.85482 -0.196604 0)
(2.86661 -0.187767 0)
(2.87459 -0.181896 0)
(2.88043 -0.181436 0)
(2.88742 -0.18647 0)
(2.89244 -0.194839 0)
(2.88742 -0.200831 0)
(2.88805 -0.202378 0)
(2.90876 -0.205021 0)
(2.92647 -0.203643 0)
(2.93935 -0.197727 0)
(2.9495 -0.192104 0)
(2.95552 -0.190921 0)
(2.95945 -0.190994 0)
(2.9664 -0.185226 0)
(2.97555 -0.178974 0)
(2.98519 -0.178441 0)
(2.99427 -0.179105 0)
(3.00129 -0.179232 0)
(3.00756 -0.178983 0)
(3.00415 -0.174661 0)
(2.98892 -0.17515 0)
(2.9919 -0.165825 0)
(3.0086 -0.153147 0)
(3.01024 -0.133435 0)
(3.00991 -0.0705072 0)
(3 7.45276e-13 0)
(3 2.50966e-08 0)
(2.99998 4.73944e-05 0)
(2.99644 0.0118408 0)
(2.85972 0.217652 0)
(2.2832 0.769344 0)
(1.98941 0.949771 0)
(1.97045 0.973252 0)
(1.97118 0.936455 0)
(1.83263 0.677272 0)
(1.49372 0.270068 0)
(1.4309 0.0707212 0)
(1.43781 0.023352 0)
(1.48353 0.0237235 0)
(1.54472 0.0135271 0)
(1.61269 -0.00620045 0)
(1.66427 -0.02881 0)
(1.70696 -0.0467164 0)
(1.75149 -0.0620334 0)
(1.7971 -0.0774869 0)
(1.84302 -0.0903143 0)
(1.88887 -0.100905 0)
(1.93188 -0.112002 0)
(1.97151 -0.123516 0)
(2.00879 -0.133427 0)
(2.04471 -0.140613 0)
(2.07926 -0.144701 0)
(2.11205 -0.146764 0)
(2.14324 -0.14775 0)
(2.17345 -0.148612 0)
(2.20316 -0.150194 0)
(2.2324 -0.152384 0)
(2.26073 -0.155961 0)
(2.28712 -0.161815 0)
(2.31065 -0.169118 0)
(2.33193 -0.175933 0)
(2.35323 -0.179685 0)
(2.37622 -0.179918 0)
(2.40101 -0.175439 0)
(2.42582 -0.167018 0)
(2.44763 -0.160603 0)
(2.46618 -0.160703 0)
(2.48535 -0.161308 0)
(2.50476 -0.161372 0)
(2.52236 -0.163114 0)
(2.53953 -0.165534 0)
(2.55831 -0.166852 0)
(2.57848 -0.166888 0)
(2.59826 -0.166667 0)
(2.61619 -0.166814 0)
(2.63102 -0.16727 0)
(2.64096 -0.16777 0)
(2.64498 -0.169239 0)
(2.64733 -0.172659 0)
(2.65622 -0.173398 0)
(2.67693 -0.170243 0)
(2.6999 -0.166775 0)
(2.72145 -0.161478 0)
(2.74052 -0.155572 0)
(2.75306 -0.153578 0)
(2.75978 -0.152439 0)
(2.76613 -0.14965 0)
(2.77277 -0.152627 0)
(2.77527 -0.158331 0)
(2.77822 -0.161641 0)
(2.78558 -0.164001 0)
(2.7967 -0.167962 0)
(2.81111 -0.169694 0)
(2.82376 -0.167886 0)
(2.83605 -0.162889 0)
(2.84765 -0.154764 0)
(2.85597 -0.145476 0)
(2.86111 -0.140537 0)
(2.86692 -0.14373 0)
(2.87407 -0.153568 0)
(2.88191 -0.164541 0)
(2.89379 -0.171696 0)
(2.90735 -0.169031 0)
(2.91633 -0.158587 0)
(2.92088 -0.151232 0)
(2.92532 -0.14895 0)
(2.93038 -0.148846 0)
(2.9363 -0.152451 0)
(2.94385 -0.153205 0)
(2.95346 -0.148575 0)
(2.96345 -0.144045 0)
(2.97317 -0.143372 0)
(2.98105 -0.145608 0)
(2.98562 -0.150056 0)
(2.98656 -0.154639 0)
(2.98343 -0.150244 0)
(2.98388 -0.142645 0)
(2.99121 -0.134038 0)
(3.00034 -0.122342 0)
(3.00978 -0.12066 0)
(3.02611 -0.113981 0)
(3 -1.19939e-15 0)
(3 6.34432e-12 0)
(3 8.30354e-08 0)
(2.99996 0.000130024 0)
(2.99543 0.0150893 0)
(2.79463 0.286358 0)
(2.27595 0.733363 0)
(2.08083 1.01856 0)
(1.73454 0.680098 0)
(1.33824 0.25342 0)
(1.29498 0.115165 0)
(1.34234 0.0694324 0)
(1.41552 0.0408431 0)
(1.47253 0.0265096 0)
(1.52684 0.0166948 0)
(1.59363 0.00171975 0)
(1.65715 -0.0174756 0)
(1.71122 -0.0333598 0)
(1.76149 -0.0447555 0)
(1.80939 -0.0555812 0)
(1.85585 -0.0653119 0)
(1.9015 -0.0740643 0)
(1.94513 -0.0813138 0)
(1.98542 -0.087904 0)
(2.02235 -0.0932776 0)
(2.05673 -0.0971104 0)
(2.08908 -0.099518 0)
(2.11997 -0.100688 0)
(2.15047 -0.101363 0)
(2.18089 -0.102239 0)
(2.21014 -0.103566 0)
(2.23699 -0.105166 0)
(2.26095 -0.108029 0)
(2.28241 -0.113151 0)
(2.30245 -0.118651 0)
(2.32265 -0.122379 0)
(2.34455 -0.12381 0)
(2.36861 -0.124198 0)
(2.39484 -0.122704 0)
(2.42227 -0.117753 0)
(2.44897 -0.110466 0)
(2.46866 -0.109395 0)
(2.48189 -0.110598 0)
(2.49471 -0.110835 0)
(2.51176 -0.111433 0)
(2.53321 -0.11302 0)
(2.55633 -0.11449 0)
(2.57867 -0.114783 0)
(2.5986 -0.113913 0)
(2.61525 -0.112971 0)
(2.62905 -0.113946 0)
(2.64091 -0.1182 0)
(2.65103 -0.125209 0)
(2.65925 -0.130208 0)
(2.66743 -0.127188 0)
(2.67771 -0.118972 0)
(2.69147 -0.112304 0)
(2.71032 -0.108833 0)
(2.73084 -0.108402 0)
(2.74914 -0.110812 0)
(2.76293 -0.111399 0)
(2.77091 -0.10829 0)
(2.77278 -0.106573 0)
(2.77352 -0.107918 0)
(2.78008 -0.110824 0)
(2.79172 -0.113836 0)
(2.80518 -0.116212 0)
(2.81972 -0.117604 0)
(2.83421 -0.117392 0)
(2.84696 -0.11376 0)
(2.85563 -0.106455 0)
(2.85972 -0.0976418 0)
(2.86266 -0.0939965 0)
(2.86814 -0.0980603 0)
(2.87439 -0.106195 0)
(2.87964 -0.112532 0)
(2.88612 -0.112489 0)
(2.89532 -0.108019 0)
(2.90665 -0.10353 0)
(2.9168 -0.10048 0)
(2.92316 -0.099121 0)
(2.92893 -0.0999768 0)
(2.93683 -0.104733 0)
(2.94656 -0.106625 0)
(2.95695 -0.103668 0)
(2.96597 -0.0999782 0)
(2.97261 -0.0972066 0)
(2.97521 -0.0990458 0)
(2.9737 -0.103552 0)
(2.97088 -0.107787 0)
(2.97329 -0.106062 0)
(2.98505 -0.0985456 0)
(2.99761 -0.0927901 0)
(3.00976 -0.0851678 0)
(3.02084 -0.0866636 0)
(3.03243 -0.0851145 0)
(3 -5.52654e-16 0)
(3 3.7541e-16 0)
(3 3.2177e-11 0)
(3 2.45154e-07 0)
(2.99993 0.000247314 0)
(2.99235 0.0181763 0)
(2.73089 0.347896 0)
(2.28766 0.772405 0)
(1.2356 0.248115 0)
(1.12674 0.10196 0)
(1.22204 0.0594221 0)
(1.29397 0.0464923 0)
(1.38493 0.0291524 0)
(1.46081 0.0150448 0)
(1.52189 0.00779879 0)
(1.58511 0.000543648 0)
(1.6491 -0.0105446 0)
(1.70922 -0.0214079 0)
(1.76325 -0.0285607 0)
(1.81248 -0.0338687 0)
(1.85843 -0.0384801 0)
(1.90133 -0.042426 0)
(1.94217 -0.0458776 0)
(1.981 -0.049357 0)
(2.01785 -0.0526837 0)
(2.05346 -0.0551059 0)
(2.08949 -0.0567604 0)
(2.12687 -0.0582957 0)
(2.1643 -0.0601122 0)
(2.19949 -0.062231 0)
(2.23043 -0.0643333 0)
(2.25636 -0.0660671 0)
(2.27878 -0.0680984 0)
(2.30037 -0.0712958 0)
(2.32293 -0.074947 0)
(2.34698 -0.0774656 0)
(2.37177 -0.0783289 0)
(2.39562 -0.0783175 0)
(2.41692 -0.0774695 0)
(2.43874 -0.0749513 0)
(2.46225 -0.0694465 0)
(2.48459 -0.0660386 0)
(2.49947 -0.0668657 0)
(2.50916 -0.0691953 0)
(2.52388 -0.0706583 0)
(2.54551 -0.0709203 0)
(2.56951 -0.0704343 0)
(2.5927 -0.0694457 0)
(2.61327 -0.0687216 0)
(2.6298 -0.069346 0)
(2.64175 -0.0716732 0)
(2.65016 -0.0744266 0)
(2.65768 -0.0755826 0)
(2.66695 -0.0746247 0)
(2.67833 -0.0726674 0)
(2.69098 -0.0710827 0)
(2.70482 -0.0697856 0)
(2.72022 -0.068707 0)
(2.73646 -0.0679407 0)
(2.75189 -0.0668429 0)
(2.76579 -0.0649968 0)
(2.77676 -0.0642598 0)
(2.78189 -0.0653449 0)
(2.78404 -0.0677934 0)
(2.79143 -0.0713051 0)
(2.80415 -0.0731567 0)
(2.81825 -0.0728651 0)
(2.83273 -0.0722717 0)
(2.84682 -0.0711362 0)
(2.85861 -0.0680285 0)
(2.86649 -0.0634996 0)
(2.87024 -0.0589178 0)
(2.87278 -0.0589841 0)
(2.87762 -0.0638963 0)
(2.88427 -0.0688779 0)
(2.89133 -0.0693266 0)
(2.89943 -0.0675849 0)
(2.90868 -0.0650899 0)
(2.91721 -0.0618307 0)
(2.92335 -0.0598401 0)
(2.92825 -0.0611406 0)
(2.93506 -0.0644573 0)
(2.94432 -0.0682403 0)
(2.95475 -0.0672259 0)
(2.96536 -0.0636237 0)
(2.97552 -0.0610475 0)
(2.98338 -0.0588673 0)
(2.98489 -0.0602558 0)
(2.97856 -0.0637801 0)
(2.97331 -0.0694006 0)
(2.97999 -0.0693858 0)
(2.99442 -0.0643945 0)
(3.00906 -0.061444 0)
(3.02432 -0.0568139 0)
(3.03705 -0.0560128 0)
(3.04772 -0.0539879 0)
(3 -1.01473e-15 0)
(3 -1.11669e-15 0)
(3 1.96744e-15 0)
(3 9.90326e-11 0)
(3 4.81525e-07 0)
(2.9999 0.0002475 0)
(2.97713 0.0284672 0)
(1.70616 0.189516 0)
(0.925426 0.13691 0)
(1.01118 0.120788 0)
(1.16247 0.0918957 0)
(1.26599 0.0633659 0)
(1.37306 0.0399256 0)
(1.46169 0.0213897 0)
(1.52377 0.0126757 0)
(1.58621 0.00875984 0)
(1.65061 0.00049846 0)
(1.71489 -0.00566198 0)
(1.77273 -0.00923688 0)
(1.82433 -0.0116767 0)
(1.87121 -0.0134221 0)
(1.91415 -0.0143192 0)
(1.95411 -0.0148323 0)
(1.99165 -0.015789 0)
(2.02805 -0.0175516 0)
(2.06472 -0.0191837 0)
(2.10207 -0.0197665 0)
(2.13973 -0.0197111 0)
(2.17665 -0.0197977 0)
(2.21139 -0.0204053 0)
(2.24248 -0.0214891 0)
(2.26927 -0.0225896 0)
(2.29259 -0.02344 0)
(2.31405 -0.0238321 0)
(2.33501 -0.0238575 0)
(2.35635 -0.0239175 0)
(2.3781 -0.0244002 0)
(2.4008 -0.0245049 0)
(2.42445 -0.024185 0)
(2.4464 -0.0247703 0)
(2.46408 -0.0283849 0)
(2.47786 -0.0279191 0)
(2.48703 -0.027283 0)
(2.49585 -0.0290743 0)
(2.51139 -0.0307763 0)
(2.53286 -0.0316988 0)
(2.55604 -0.0324697 0)
(2.57826 -0.0333096 0)
(2.5974 -0.0343254 0)
(2.61158 -0.0354952 0)
(2.62029 -0.0364305 0)
(2.62653 -0.0366014 0)
(2.63498 -0.036477 0)
(2.6468 -0.037007 0)
(2.65996 -0.0380024 0)
(2.67242 -0.0385116 0)
(2.684 -0.0377716 0)
(2.69676 -0.0361766 0)
(2.71226 -0.0347312 0)
(2.7296 -0.0341166 0)
(2.74629 -0.0337207 0)
(2.75895 -0.0341348 0)
(2.76425 -0.0357067 0)
(2.76435 -0.0373601 0)
(2.76881 -0.0385779 0)
(2.78071 -0.0389006 0)
(2.79576 -0.0390177 0)
(2.81142 -0.0396089 0)
(2.82566 -0.0397164 0)
(2.83714 -0.0382169 0)
(2.84524 -0.0359648 0)
(2.84945 -0.0333996 0)
(2.85171 -0.0330126 0)
(2.85639 -0.0349935 0)
(2.86441 -0.037469 0)
(2.87374 -0.0382009 0)
(2.88309 -0.0382585 0)
(2.89154 -0.0373116 0)
(2.89824 -0.0355068 0)
(2.90279 -0.0347563 0)
(2.90618 -0.0352774 0)
(2.91226 -0.0354752 0)
(2.92226 -0.0363226 0)
(2.93426 -0.0351008 0)
(2.94666 -0.0331811 0)
(2.95901 -0.0331458 0)
(2.96812 -0.0331708 0)
(2.96781 -0.0349856 0)
(2.95601 -0.0368616 0)
(2.94911 -0.0395359 0)
(2.96012 -0.037243 0)
(2.97444 -0.0348939 0)
(2.98993 -0.0337067 0)
(3.007 -0.0318584 0)
(3.02275 -0.0324506 0)
(3.03694 -0.0329549 0)
)
;

boundaryField
{
    inlet
    {
        type            fixedValue;
        value           uniform (3 0 0);
    }
    outlet
    {
        type            inletOutlet;
        inletValue      uniform (3 0 0);
        value           nonuniform List<vector> 
32
(
(2.48908 0.0115795 0)
(2.49049 0.0356472 0)
(2.50037 0.0581914 0)
(2.51429 0.0661583 0)
(2.52968 0.076585 0)
(2.54371 0.0883618 0)
(2.54873 0.09948 0)
(2.53758 0.112667 0)
(2.53338 0.131184 0)
(2.54124 0.156105 0)
(2.55886 0.176941 0)
(2.57152 0.205926 0)
(2.58585 0.234956 0)
(2.60156 0.260545 0)
(2.61717 0.282365 0)
(2.63558 0.302517 0)
(2.65103 0.324815 0)
(2.66173 0.347912 0)
(2.68121 0.362211 0)
(2.69593 0.381135 0)
(2.70568 0.414201 0)
(2.71587 0.449162 0)
(2.72703 0.476318 0)
(2.73759 0.494024 0)
(2.75907 0.505562 0)
(2.811 0.420051 0)
(2.91854 0.163351 0)
(3.00991 -0.0705072 0)
(3.02611 -0.113981 0)
(3.03243 -0.0851145 0)
(3.04772 -0.0539879 0)
(3.03694 -0.0329549 0)
)
;
    }
    bottom
    {
        type            symmetryPlane;
    }
    top
    {
        type            symmetryPlane;
    }
    obstacle
    {
        type            slip;
    }
    defaultFaces
    {
        type            empty;
    }
}


// ************************************************************************* //
