/*--------------------------------*- C++ -*----------------------------------*\
  =========                 |
  \\      /  F ield         | OpenFOAM: The Open Source CFD Toolbox
   \\    /   O peration     | Website:  https://openfoam.org
    \\  /    A nd           | Version:  7
     \\/     M anipulation  |
\*---------------------------------------------------------------------------*/
FoamFile
{
    version     2.0;
    format      ascii;
    class       volVectorField;
    location    "3.3";
    object      U;
}
// * * * * * * * * * * * * * * * * * * * * * * * * * * * * * * * * * * * * * //

dimensions      [0 1 -1 0 0 0 0];

internalField   nonuniform List<vector> 
4032
(
(3 -4.35119e-18 0)
(3 -1.5115e-20 0)
(3 -4.16294e-17 0)
(3 2.7337e-16 0)
(3 2.51793e-16 0)
(3 -6.71982e-17 0)
(3 -4.5339e-16 0)
(3 -4.76654e-16 0)
(3 -3.83972e-16 0)
(3 -2.53158e-16 0)
(3 -7.60329e-16 0)
(2.96208 0.00228229 0)
(1.03157 0.0179824 0)
(0.708361 0.0188518 0)
(0.65574 0.0226194 0)
(0.597136 0.0242231 0)
(0.538108 0.0258387 0)
(0.476701 0.0275703 0)
(0.413041 0.0290673 0)
(0.347344 0.03043 0)
(0.27954 0.0321886 0)
(0.207567 0.0354892 0)
(0.129685 0.0382584 0)
(0.048565 0.0437952 0)
(3 -1.21893e-16 0)
(3 -3.19058e-16 0)
(3 -8.95621e-17 0)
(3 3.66746e-16 0)
(3 9.09952e-16 0)
(3 5.86408e-16 0)
(3 1.67167e-16 0)
(3 -4.55771e-16 0)
(3 -5.69574e-16 0)
(3 -4.26942e-16 0)
(3 -1.61652e-15 0)
(2.97028 0.0190928 0)
(1.04185 0.0793689 0)
(0.702982 0.0672725 0)
(0.649739 0.0707717 0)
(0.592358 0.0757794 0)
(0.533746 0.0809401 0)
(0.472536 0.0866462 0)
(0.408615 0.0917963 0)
(0.342053 0.0965931 0)
(0.273017 0.101865 0)
(0.200629 0.111225 0)
(0.12321 0.118733 0)
(0.0453936 0.132707 0)
(3 -4.18346e-16 0)
(3 -4.59846e-16 0)
(3 -2.85445e-16 0)
(3 3.13644e-17 0)
(3 1.94955e-16 0)
(3 5.13264e-16 0)
(3 7.23484e-16 0)
(3 1.22534e-16 0)
(3 -7.13524e-16 0)
(3 -1.08267e-15 0)
(3 -1.68491e-15 0)
(3.00307 0.00440901 0)
(1.10306 0.131656 0)
(0.727539 0.109419 0)
(0.672331 0.116998 0)
(0.61352 0.125651 0)
(0.553764 0.134273 0)
(0.492303 0.143879 0)
(0.428196 0.153019 0)
(0.360697 0.162123 0)
(0.289122 0.171592 0)
(0.213269 0.187253 0)
(0.130321 0.199037 0)
(0.0483223 0.219142 0)
(3 -2.48341e-17 0)
(3 4.09616e-16 0)
(3 3.33082e-16 0)
(3 2.48418e-16 0)
(3 -6.98028e-17 0)
(3 -5.78108e-17 0)
(3 4.498e-16 0)
(3 9.56018e-16 0)
(3 6.56454e-16 0)
(3 -3.3692e-16 0)
(3 -8.99879e-16 0)
(3.00031 2.40419e-05 0)
(1.19186 0.176883 0)
(0.737576 0.154022 0)
(0.679676 0.166323 0)
(0.622188 0.178012 0)
(0.563303 0.189218 0)
(0.503002 0.202562 0)
(0.439149 0.216551 0)
(0.370377 0.231876 0)
(0.295823 0.247044 0)
(0.217733 0.270011 0)
(0.13214 0.287014 0)
(0.0477914 0.311833 0)
(3 2.48862e-16 0)
(3 8.90076e-17 0)
(3 -6.25971e-17 0)
(3 -3.57756e-16 0)
(3 -4.22205e-16 0)
(3 -6.43023e-16 0)
(3 -6.86957e-16 0)
(3 -8.06057e-17 0)
(3 2.51522e-16 0)
(3 1.18381e-16 0)
(3 -1.07588e-15 0)
(3 -6.54391e-08 0)
(1.33334 0.227267 0)
(0.75071 0.20154 0)
(0.683926 0.21379 0)
(0.629737 0.227966 0)
(0.573908 0.241818 0)
(0.517312 0.259443 0)
(0.457056 0.279282 0)
(0.391974 0.302132 0)
(0.319417 0.323398 0)
(0.2421 0.35391 0)
(0.150841 0.378989 0)
(0.0573958 0.41137 0)
(3 2.43119e-16 0)
(3 5.73633e-17 0)
(3 -2.42816e-17 0)
(3 -7.65013e-17 0)
(3 -1.54115e-16 0)
(3 -6.79522e-16 0)
(3 -1.13442e-15 0)
(3 -1.17252e-15 0)
(3 -1.07308e-15 0)
(3 -1.12915e-15 0)
(3 -9.27286e-16 0)
(3 -3.86182e-08 0)
(1.54804 0.277476 0)
(0.774087 0.258103 0)
(0.687131 0.261761 0)
(0.634135 0.275476 0)
(0.582008 0.290929 0)
(0.531724 0.312402 0)
(0.478139 0.338074 0)
(0.418731 0.370249 0)
(0.345746 0.402925 0)
(0.263825 0.448123 0)
(0.16441 0.491037 0)
(0.0563079 0.53228 0)
(3 -1.20312e-16 0)
(3 -3.11812e-17 0)
(3 2.29841e-17 0)
(3 2.372e-16 0)
(3 1.12791e-16 0)
(3 -1.5213e-17 0)
(3 -2.28591e-16 0)
(3 -7.33767e-16 0)
(3 -1.01711e-15 0)
(3 -1.31778e-15 0)
(3 -7.36938e-16 0)
(3 -7.59376e-09 0)
(1.85777 0.32916 0)
(0.81206 0.330358 0)
(0.693094 0.318764 0)
(0.63798 0.325736 0)
(0.587188 0.339394 0)
(0.541671 0.362646 0)
(0.494787 0.393776 0)
(0.446677 0.436619 0)
(0.385717 0.484827 0)
(0.318352 0.543456 0)
(0.229001 0.604549 0)
(0.099292 0.673666 0)
(3 -4.8095e-17 0)
(3 -5.01237e-17 0)
(3 -3.37055e-16 0)
(3 -4.87357e-16 0)
(3 -2.91401e-16 0)
(3 4.25884e-16 0)
(3 5.06971e-16 0)
(3 3.38506e-16 0)
(3 8.02555e-17 0)
(3 -2.63385e-16 0)
(3 -1.32411e-16 0)
(3 -7.59114e-10 0)
(2.31222 0.345057 0)
(0.892121 0.418178 0)
(0.737066 0.37832 0)
(0.681752 0.381364 0)
(0.626459 0.390217 0)
(0.578268 0.411742 0)
(0.533503 0.445267 0)
(0.491207 0.493606 0)
(0.445309 0.553268 0)
(0.384576 0.639168 0)
(0.269236 0.764631 0)
(0.149006 0.932701 0)
(3 9.03071e-17 0)
(3 1.65851e-16 0)
(3 -6.62896e-17 0)
(3 -2.67321e-16 0)
(3 -2.88787e-16 0)
(3 -8.36973e-17 0)
(3 5.57421e-16 0)
(3 7.38206e-16 0)
(3 1.00065e-15 0)
(3 1.15143e-15 0)
(3 7.22411e-16 0)
(3 -2.6663e-11 0)
(2.89148 0.189499 0)
(1.06659 0.472587 0)
(0.832414 0.410548 0)
(0.774273 0.424237 0)
(0.706551 0.440141 0)
(0.64751 0.460574 0)
(0.598253 0.493346 0)
(0.556429 0.543573 0)
(0.520104 0.619064 0)
(0.486227 0.745343 0)
(0.456473 0.923898 0)
(0.572242 1.20461 0)
(3 -1.59402e-16 0)
(3 -3.46957e-16 0)
(3 -5.96821e-17 0)
(3 4.28378e-16 0)
(3 5.24726e-16 0)
(3 3.82166e-16 0)
(3 4.54687e-16 0)
(3 2.94866e-16 0)
(3 2.68095e-16 0)
(3 -7.16337e-17 0)
(3 4.8282e-16 0)
(3 -4.12671e-13 0)
(3.04802 0.0129004 0)
(1.28141 0.45149 0)
(0.878361 0.467939 0)
(0.838927 0.496469 0)
(0.778436 0.507619 0)
(0.721222 0.522203 0)
(0.673493 0.550124 0)
(0.633004 0.596987 0)
(0.614221 0.67736 0)
(0.613283 0.810339 0)
(0.676747 0.961741 0)
(0.96541 1.13344 0)
(3 -2.714e-16 0)
(3 -4.72211e-16 0)
(3 1.28372e-16 0)
(3 1.24457e-15 0)
(3 1.42717e-15 0)
(3 1.08333e-15 0)
(3 1.14268e-16 0)
(3 1.41347e-16 0)
(3 -8.45416e-17 0)
(3 -5.47912e-16 0)
(3 -7.95431e-18 0)
(3 -2.74867e-15 0)
(3.0019 -8.03795e-06 0)
(1.56504 0.465677 0)
(0.873371 0.518477 0)
(0.836829 0.54456 0)
(0.806948 0.567371 0)
(0.776088 0.582613 0)
(0.746 0.607296 0)
(0.718107 0.645052 0)
(0.717347 0.715149 0)
(0.743305 0.828531 0)
(0.866184 0.956853 0)
(1.18347 1.06136 0)
(3 5.05657e-17 0)
(3 -1.56201e-16 0)
(3 4.93765e-17 0)
(3 4.38698e-16 0)
(3 -1.46943e-16 0)
(3 -1.15844e-16 0)
(3 2.97794e-16 0)
(3 4.3842e-16 0)
(3 3.99227e-16 0)
(3 1.06077e-15 0)
(3 1.90731e-15 0)
(3 2.54386e-15 0)
(3.00001 -2.50417e-07 0)
(2.19603 0.479359 0)
(0.954257 0.586484 0)
(0.864212 0.556666 0)
(0.858207 0.585104 0)
(0.839775 0.615512 0)
(0.822983 0.648512 0)
(0.80987 0.684063 0)
(0.819115 0.743882 0)
(0.866035 0.829662 0)
(1.00622 0.928968 0)
(1.27395 0.994048 0)
(3 1.57505e-16 0)
(3 4.33907e-16 0)
(3 3.96548e-16 0)
(3 -2.59214e-16 0)
(3 -3.94422e-16 0)
(3 -3.53827e-16 0)
(3 2.48745e-16 0)
(3 2.22799e-17 0)
(3 -1.26905e-16 0)
(3 4.98032e-16 0)
(3 1.30947e-15 0)
(3 2.23813e-15 0)
(3 -2.85351e-07 0)
(2.99668 0.175019 0)
(1.19173 0.607209 0)
(0.93923 0.566594 0)
(0.930693 0.614447 0)
(0.911812 0.64542 0)
(0.89979 0.680247 0)
(0.899249 0.716178 0)
(0.914468 0.765784 0)
(0.974457 0.831068 0)
(1.11061 0.902862 0)
(1.32298 0.946251 0)
(3 -1.73244e-16 0)
(3 1.83244e-16 0)
(3 -2.82974e-16 0)
(3 -4.6477e-16 0)
(3 -1.74808e-16 0)
(3 -7.31589e-18 0)
(3 6.35375e-17 0)
(3 -9.91575e-17 0)
(3 -9.63046e-17 0)
(3 -1.51182e-17 0)
(3 7.11879e-16 0)
(3 8.99662e-16 0)
(3 -5.93662e-08 0)
(3.04173 0.00508446 0)
(1.4646 0.593116 0)
(0.971127 0.646178 0)
(0.943048 0.659391 0)
(0.933599 0.682414 0)
(0.944112 0.713718 0)
(0.963898 0.749636 0)
(0.997048 0.786311 0)
(1.06419 0.830929 0)
(1.18452 0.87584 0)
(1.34864 0.898635 0)
(3 3.52826e-17 0)
(3 -3.8819e-16 0)
(3 -4.21399e-16 0)
(3 -6.96936e-16 0)
(3 -4.01147e-16 0)
(3 -1.20183e-17 0)
(3 -1.65252e-16 0)
(3 -8.09994e-17 0)
(3 5.04395e-16 0)
(3 1.04418e-15 0)
(3 5.9165e-16 0)
(3 3.66657e-16 0)
(3 -4.92001e-09 0)
(3.00087 -7.80745e-06 0)
(2.1401 0.577864 0)
(1.05085 0.718337 0)
(0.985942 0.680847 0)
(0.976302 0.692695 0)
(0.991475 0.71805 0)
(1.01849 0.754727 0)
(1.06451 0.793681 0)
(1.13693 0.832517 0)
(1.24227 0.864545 0)
(1.37415 0.877586 0)
(3 2.61214e-16 0)
(3 1.4976e-16 0)
(3 1.12194e-17 0)
(3 -3.83455e-16 0)
(3 -3.16967e-16 0)
(3 2.8346e-16 0)
(3 5.27003e-16 0)
(3 9.41702e-16 0)
(3 1.40438e-15 0)
(3 1.5434e-15 0)
(3 1.09038e-15 0)
(3 9.48804e-16 0)
(3 -3.10788e-11 0)
(3.00004 -1.55519e-05 0)
(3.04201 0.151959 0)
(1.33977 0.694181 0)
(1.0693 0.703231 0)
(1.06124 0.707176 0)
(1.06118 0.733231 0)
(1.07882 0.764984 0)
(1.12099 0.796152 0)
(1.1899 0.827518 0)
(1.2808 0.849172 0)
(1.39233 0.856009 0)
(3 -5.67242e-18 0)
(3 2.16573e-16 0)
(3 -1.22649e-16 0)
(3 -7.37254e-17 0)
(3 -3.13523e-16 0)
(3 -2.77613e-16 0)
(3 -1.98201e-16 0)
(3 4.20114e-16 0)
(3 6.12357e-16 0)
(3 5.29196e-16 0)
(3 8.31036e-16 0)
(3 1.09893e-15 0)
(3 -4.20189e-14 0)
(3 -3.59527e-06 0)
(3.02743 0.00201104 0)
(1.68855 0.663202 0)
(1.09503 0.761627 0)
(1.08682 0.761162 0)
(1.10095 0.772731 0)
(1.12614 0.789337 0)
(1.16735 0.80896 0)
(1.23168 0.82916 0)
(1.31075 0.843801 0)
(1.4082 0.847775 0)
(3 -4.59428e-17 0)
(3 -2.65763e-17 0)
(3 -2.4538e-16 0)
(3 1.85739e-16 0)
(3 -3.42115e-16 0)
(3 -1.04536e-15 0)
(3 -1.45899e-15 0)
(3 -1.49542e-15 0)
(3 -1.0861e-15 0)
(3 -4.74511e-16 0)
(3 1.31797e-16 0)
(3 8.9851e-16 0)
(3 3.54117e-16 0)
(3 -2.88389e-07 0)
(3.00035 1.02744e-05 0)
(2.62325 0.425686 0)
(1.24184 0.786797 0)
(1.1252 0.773646 0)
(1.14954 0.778343 0)
(1.17302 0.795238 0)
(1.20982 0.810925 0)
(1.26735 0.824739 0)
(1.33726 0.834969 0)
(1.42223 0.837148 0)
(3 -1.2096e-16 0)
(3 -2.68507e-16 0)
(3 -3.78377e-16 0)
(3 -3.61352e-16 0)
(3 -7.32582e-16 0)
(3 -8.39835e-16 0)
(3 -6.68447e-16 0)
(3 -5.43026e-16 0)
(3 -5.4631e-16 0)
(3 -5.69748e-16 0)
(3 -6.89078e-16 0)
(3 -7.45168e-16 0)
(3 -8.3858e-16 0)
(3 -1.6367e-09 0)
(3.00002 -1.01123e-05 0)
(3.06566 0.0353121 0)
(1.61846 0.752982 0)
(1.17444 0.801364 0)
(1.20139 0.801756 0)
(1.21483 0.81411 0)
(1.24844 0.823243 0)
(1.29766 0.832052 0)
(1.35926 0.837609 0)
(1.43341 0.836419 0)
(3 1.20512e-17 0)
(3 -9.74833e-17 0)
(3 6.91369e-17 0)
(3 -3.6391e-16 0)
(3 -7.96138e-16 0)
(3 -7.86232e-16 0)
(3 2.42832e-16 0)
(3 4.8615e-16 0)
(3 1.83686e-16 0)
(3 -6.99118e-16 0)
(3 -1.31339e-15 0)
(3 -1.72762e-15 0)
(3 -1.53212e-15 0)
(3 -2.60875e-12 0)
(3 -2.20029e-06 0)
(3.00366 0.000641093 0)
(2.4685 0.558395 0)
(1.29094 0.860409 0)
(1.23154 0.83915 0)
(1.25356 0.833477 0)
(1.28387 0.83396 0)
(1.32836 0.835286 0)
(1.38187 0.835423 0)
(1.44819 0.830859 0)
(3 1.0373e-16 0)
(3 1.56117e-16 0)
(3 2.72912e-16 0)
(3 3.32621e-16 0)
(3 3.38057e-16 0)
(3 3.06793e-16 0)
(3 -4.50529e-18 0)
(3 -7.27371e-16 0)
(3 -5.24966e-16 0)
(3 -5.09554e-16 0)
(3 -2.83937e-16 0)
(3 -7.32371e-16 0)
(3 -4.30941e-16 0)
(3 -1.67768e-16 0)
(3 -1.81472e-07 0)
(3.00001 1.82387e-06 0)
(3.05826 0.0688655 0)
(1.70768 0.81456 0)
(1.27842 0.846658 0)
(1.30209 0.842691 0)
(1.32484 0.842328 0)
(1.36244 0.841044 0)
(1.40871 0.83857 0)
(1.46634 0.833971 0)
(3 -3.99092e-17 0)
(3 6.34734e-17 0)
(3 2.92973e-17 0)
(3 2.96602e-16 0)
(3 6.47483e-16 0)
(3 2.81638e-16 0)
(3 -6.12244e-16 0)
(3 -1.35214e-15 0)
(3 -1.3113e-15 0)
(3 -1.41367e-15 0)
(3 -1.14867e-15 0)
(3 -1.01253e-15 0)
(3 -3.37559e-16 0)
(3 2.72404e-16 0)
(3 -1.3079e-09 0)
(3 -1.41581e-07 0)
(3.00546 0.0021757 0)
(2.61279 0.537052 0)
(1.40754 0.904608 0)
(1.33456 0.874119 0)
(1.36467 0.864959 0)
(1.39577 0.859677 0)
(1.43592 0.853412 0)
(1.48422 0.846801 0)
(3 2.01527e-17 0)
(3 1.66042e-16 0)
(3 3.34304e-16 0)
(3 1.97727e-16 0)
(3 3.39591e-16 0)
(3 3.365e-16 0)
(3 2.43614e-16 0)
(3 3.85802e-16 0)
(3 -4.38189e-16 0)
(3 -1.32009e-15 0)
(3 -1.37116e-15 0)
(3 -1.00296e-15 0)
(3 -7.81582e-16 0)
(3 -6.97841e-16 0)
(3 -2.35549e-12 0)
(3 -3.10735e-08 0)
(3.00001 1.53371e-05 0)
(3.0531 0.0502291 0)
(1.86359 0.804243 0)
(1.37995 0.890669 0)
(1.41111 0.881608 0)
(1.43821 0.873813 0)
(1.47279 0.864445 0)
(1.51115 0.856001 0)
(3 -2.71534e-17 0)
(3 -9.34983e-17 0)
(3 4.30699e-17 0)
(3 4.46074e-17 0)
(3 -1.73661e-16 0)
(3 -7.47147e-17 0)
(3 3.78714e-16 0)
(3 4.69318e-16 0)
(3 3.61229e-16 0)
(3 6.1891e-16 0)
(3 -1.63134e-16 0)
(3 -1.39087e-16 0)
(3 -6.63999e-16 0)
(3 -8.90016e-16 0)
(3 -2.02104e-15 0)
(3 -2.8253e-09 0)
(3 3.59182e-09 0)
(3.00271 0.00186744 0)
(2.7448 0.405986 0)
(1.58473 0.921603 0)
(1.42591 0.905453 0)
(1.46505 0.89928 0)
(1.4959 0.890938 0)
(1.53207 0.877598 0)
(3 -1.41688e-16 0)
(3 -2.4102e-16 0)
(3 -5.54348e-17 0)
(3 -2.01505e-16 0)
(3 -6.9535e-16 0)
(3 -9.06662e-16 0)
(3 -3.3247e-16 0)
(3 -2.3534e-16 0)
(3 1.46214e-16 0)
(3 4.79306e-16 0)
(3 3.92774e-16 0)
(3 1.69803e-16 0)
(3 -5.08956e-17 0)
(3 -2.21021e-16 0)
(3 -1.85795e-16 0)
(3 -1.01498e-10 0)
(3 -1.0006e-10 0)
(3 9.72802e-06 0)
(3.02407 0.0284119 0)
(2.16124 0.754662 0)
(1.49152 0.923103 0)
(1.49306 0.914918 0)
(1.52473 0.901378 0)
(1.55899 0.886123 0)
(3 -3.95936e-19 0)
(3 1.09411e-16 0)
(3 2.02345e-16 0)
(3 -3.06161e-16 0)
(3 -5.18238e-16 0)
(3 -5.91821e-16 0)
(3 -4.90206e-16 0)
(3 -6.88232e-16 0)
(3 -7.87816e-16 0)
(3 -7.61562e-16 0)
(3 2.38638e-16 0)
(3 4.06258e-16 0)
(3 3.30777e-16 0)
(3 4.62966e-16 0)
(3 5.12416e-16 0)
(3 -7.78752e-13 0)
(3 -3.0755e-11 0)
(3 3.96276e-09 0)
(3.00055 0.00106218 0)
(2.93043 0.214844 0)
(1.81901 0.874976 0)
(1.51952 0.930548 0)
(1.55377 0.918601 0)
(1.58809 0.90239 0)
(3 1.34962e-16 0)
(3 1.96971e-16 0)
(3 -2.36386e-16 0)
(3 -7.68718e-16 0)
(3 -3.65251e-16 0)
(3 -1.08139e-16 0)
(3 -8.97073e-16 0)
(3 -9.53594e-16 0)
(3 -6.44669e-16 0)
(3 -3.00224e-16 0)
(3 -4.29446e-16 0)
(3 -3.74323e-16 0)
(3 -9.94482e-17 0)
(3 -1.55063e-16 0)
(3 -5.84222e-17 0)
(3 -1.26191e-15 0)
(3 -3.82356e-12 0)
(3 -3.3045e-12 0)
(3 3.37436e-06 0)
(3.00638 0.0126685 0)
(2.55964 0.540139 0)
(1.66984 0.951643 0)
(1.56115 0.937938 0)
(1.5991 0.925868 0)
(3 -2.72247e-18 0)
(3 -1.14841e-16 0)
(3 -1.63471e-16 0)
(3 1.17837e-16 0)
(3 6.75986e-17 0)
(3 9.37999e-17 0)
(3 1.74431e-16 0)
(3 4.02653e-16 0)
(3 9.75271e-16 0)
(3 8.90825e-16 0)
(3 1.51118e-16 0)
(3 1.37301e-16 0)
(3 2.37618e-16 0)
(3 -2.23115e-16 0)
(3 -1.49898e-16 0)
(3 -2.07246e-16 0)
(3 -1.03193e-13 0)
(3 -1.11121e-12 0)
(3 1.47508e-09 0)
(3.00001 0.000243603 0)
(3.00093 0.0664549 0)
(2.18328 0.767104 0)
(1.62619 0.948347 0)
(1.61847 0.944766 0)
(3 1.20038e-17 0)
(3 6.73554e-17 0)
(3 4.1735e-16 0)
(3 1.15178e-15 0)
(3 1.21561e-15 0)
(3 1.31915e-15 0)
(3 1.32355e-15 0)
(3 1.62978e-15 0)
(3 1.43534e-15 0)
(3 8.96296e-16 0)
(3 6.85724e-16 0)
(3 8.87537e-17 0)
(3 -1.20286e-16 0)
(3 1.5422e-16 0)
(3 1.68711e-16 0)
(3 -3.61396e-16 0)
(3 -2.2727e-15 0)
(3 -1.61665e-13 0)
(3 1.51837e-13 0)
(3 3.68841e-07 0)
(3.0005 0.00314716 0)
(2.88298 0.243706 0)
(1.94875 0.864702 0)
(1.66039 0.954829 0)
(3 8.34008e-17 0)
(3 3.64144e-16 0)
(3 7.92515e-16 0)
(3 8.2734e-16 0)
(3 1.29882e-15 0)
(3 1.48615e-15 0)
(3 1.19569e-15 0)
(3 1.04597e-15 0)
(3 7.88455e-16 0)
(3 3.41792e-16 0)
(3 -3.16936e-16 0)
(3 -6.40406e-16 0)
(3 -1.11132e-15 0)
(3 -4.32146e-16 0)
(3 -1.42572e-16 0)
(3 -6.19153e-16 0)
(3 -6.0628e-16 0)
(3 -1.22613e-14 0)
(3 -1.14504e-14 0)
(3 1.96856e-10 0)
(3 1.78238e-05 0)
(3.00087 0.0170034 0)
(2.6282 0.469785 0)
(1.84955 0.924167 0)
(3 8.14047e-17 0)
(3 5.74844e-17 0)
(3 1.3545e-16 0)
(3 5.20707e-17 0)
(3 2.56425e-17 0)
(3 -2.25567e-17 0)
(3 1.15739e-16 0)
(3 1.7265e-16 0)
(3 1.13884e-16 0)
(3 4.54629e-17 0)
(3 4.05995e-16 0)
(3 5.98526e-16 0)
(3 4.34299e-16 0)
(3 8.02487e-16 0)
(3 4.51408e-16 0)
(3 6.16256e-17 0)
(3 -3.69208e-16 0)
(3 -3.96807e-16 0)
(3 -3.57423e-15 0)
(3 2.5268e-14 0)
(3 1.50359e-08 0)
(2.99995 0.000336779 0)
(2.98817 0.0530925 0)
(2.38785 0.649413 0)
(3 -1.08915e-16 0)
(3 -2.89825e-16 0)
(3 -4.4191e-16 0)
(3 -2.08688e-16 0)
(3 -2.83938e-16 0)
(3 -2.05599e-16 0)
(3 -3.9108e-16 0)
(3 -2.9193e-16 0)
(3 3.93016e-17 0)
(3 3.49641e-16 0)
(3 2.91198e-16 0)
(3 -5.79712e-17 0)
(3 -1.12965e-17 0)
(3 -5.6205e-17 0)
(3 -2.78999e-16 0)
(3 8.56352e-17 0)
(3 5.60702e-17 0)
(3 3.79463e-17 0)
(3 -1.24323e-15 0)
(3 -1.28447e-15 0)
(3 6.05279e-12 0)
(3 6.17086e-07 0)
(2.99978 0.00217782 0)
(2.9333 0.136663 0)
(3 -7.57747e-17 0)
(3 6.87467e-17 0)
(3 -1.14257e-16 0)
(3 -1.65343e-16 0)
(3 -9.32627e-17 0)
(3 4.09862e-16 0)
(3 4.18072e-16 0)
(3 1.01291e-15 0)
(3 1.00461e-15 0)
(3 8.02314e-16 0)
(3 5.77627e-16 0)
(3 1.12136e-16 0)
(3 -6.84705e-17 0)
(3 -1.46752e-15 0)
(3 -2.25049e-15 0)
(3 -1.35759e-15 0)
(3 -9.53778e-16 0)
(3 -1.17808e-15 0)
(3 -1.08538e-15 0)
(3 -6.29357e-16 0)
(3 1.49987e-16 0)
(3 5.03261e-10 0)
(3 8.9655e-06 0)
(2.9985 0.00822 0)
(3 8.71557e-17 0)
(3 5.27993e-17 0)
(3 -6.77282e-17 0)
(3 -4.99306e-16 0)
(3 -1.98768e-16 0)
(3 3.39554e-16 0)
(3 8.84273e-16 0)
(3 9.16207e-16 0)
(3 8.76234e-16 0)
(3 1.11848e-15 0)
(3 1.32725e-15 0)
(3 1.52538e-15 0)
(3 1.14395e-15 0)
(3 -7.78133e-16 0)
(3 -1.33458e-15 0)
(3 -1.20389e-15 0)
(3 -8.31435e-16 0)
(3 -4.07389e-18 0)
(3 6.16455e-16 0)
(3 9.37699e-16 0)
(3 2.26706e-16 0)
(3 6.91453e-14 0)
(3 9.70715e-09 0)
(2.99997 8.33312e-05 0)
(3 -3.17558e-18 0)
(3 -1.8173e-16 0)
(3 -1.30422e-17 0)
(3 7.53759e-17 0)
(3 2.483e-16 0)
(3 -3.54677e-17 0)
(3 1.69711e-16 0)
(3 2.48669e-16 0)
(3 1.81757e-16 0)
(3 6.37211e-17 0)
(3 1.48561e-15 0)
(3 1.19082e-15 0)
(3 8.46357e-16 0)
(3 9.18917e-16 0)
(3 7.22367e-16 0)
(3 5.70055e-16 0)
(3 9.47338e-16 0)
(3 1.76033e-15 0)
(3 2.19684e-15 0)
(3 1.8146e-15 0)
(3 1.57743e-15 0)
(3 1.0643e-15 0)
(3 3.19908e-12 0)
(3 1.08824e-07 0)
(3 -5.87003e-18 0)
(3 -1.50069e-16 0)
(3 -2.2723e-17 0)
(3 4.30585e-16 0)
(3 7.71861e-16 0)
(3 -6.0247e-17 0)
(3 -5.14277e-16 0)
(3 -3.59438e-17 0)
(3 2.20321e-16 0)
(3 3.94215e-16 0)
(3 5.9092e-16 0)
(3 6.30624e-16 0)
(3 6.654e-16 0)
(3 1.44089e-15 0)
(3 2.23458e-15 0)
(3 1.76205e-15 0)
(3 1.60057e-15 0)
(3 1.79581e-15 0)
(3 2.29365e-15 0)
(3 2.29808e-15 0)
(3 2.63789e-15 0)
(3 2.23628e-15 0)
(3 2.30993e-15 0)
(3 6.37035e-11 0)
(3 -8.19778e-17 0)
(3 2.63095e-17 0)
(3 -1.67285e-16 0)
(3 -2.02412e-16 0)
(3 -1.94243e-16 0)
(3 -6.13702e-16 0)
(3 -1.19714e-15 0)
(3 -1.75137e-15 0)
(3 -1.76132e-15 0)
(3 -1.2003e-15 0)
(3 -1.24892e-15 0)
(3 -5.17221e-16 0)
(3 4.17811e-16 0)
(3 1.86423e-15 0)
(3 2.17066e-15 0)
(3 1.34643e-15 0)
(3 1.23978e-15 0)
(3 8.37958e-16 0)
(3 5.26914e-16 0)
(3 7.69814e-16 0)
(3 1.13384e-15 0)
(3 1.54072e-15 0)
(3 1.23185e-15 0)
(3 1.18962e-14 0)
(3 1.73481e-16 0)
(3 1.37651e-16 0)
(3 -2.87738e-16 0)
(3 -6.17081e-16 0)
(3 -9.20359e-16 0)
(3 -5.83933e-16 0)
(3 -8.53466e-16 0)
(3 -1.90886e-15 0)
(3 -2.2343e-15 0)
(3 -1.95918e-15 0)
(3 -1.60266e-15 0)
(3 -1.12564e-15 0)
(3 6.42219e-16 0)
(3 6.43299e-16 0)
(3 7.8374e-16 0)
(3 1.55716e-15 0)
(3 1.35093e-15 0)
(3 5.92794e-16 0)
(3 -2.58024e-16 0)
(3 -6.35964e-16 0)
(3 -3.91912e-16 0)
(3 -2.50886e-17 0)
(3 -3.50083e-16 0)
(3 -6.413e-16 0)
(3 1.01686e-16 0)
(3 -1.31161e-16 0)
(3 -5.18961e-16 0)
(3 -4.04723e-16 0)
(3 -2.95713e-16 0)
(3 -5.57252e-17 0)
(3 -1.80673e-16 0)
(3 -6.2205e-16 0)
(3 -5.63289e-16 0)
(3 -3.23738e-16 0)
(3 -3.40476e-16 0)
(3 -1.01734e-15 0)
(3 -4.78321e-16 0)
(3 -7.14084e-16 0)
(3 -2.49442e-16 0)
(3 8.01492e-16 0)
(3 9.13497e-16 0)
(3 7.32592e-16 0)
(3 1.58265e-16 0)
(3 -2.219e-16 0)
(3 -2.02127e-16 0)
(3 -5.00972e-16 0)
(3 -1.16119e-15 0)
(3 -1.83012e-15 0)
(3 -1.01745e-16 0)
(3 -3.89377e-16 0)
(3 -6.30173e-16 0)
(3 -6.7893e-17 0)
(3 1.44352e-16 0)
(3 1.04058e-16 0)
(3 5.0618e-18 0)
(3 -1.40125e-16 0)
(3 -1.40752e-16 0)
(3 -1.88777e-16 0)
(3 -2.5707e-16 0)
(3 -3.11601e-16 0)
(3 -2.26465e-16 0)
(3 -5.09223e-16 0)
(3 -3.40563e-16 0)
(3 -1.52242e-16 0)
(3 6.03115e-17 0)
(3 7.73646e-17 0)
(3 -1.39604e-16 0)
(3 1.41721e-17 0)
(3 -4.03944e-16 0)
(3 -2.96084e-16 0)
(3 -1.98086e-16 0)
(3 -6.00013e-16 0)
(1.53493 1.22939 0)
(2.03501 1.43759 0)
(2.1374 1.61722 0)
(2.25874 0.737513 0)
(2.55364 0.349672 0)
(2.6565 0.0225967 0)
(2.65438 -0.161374 0)
(2.56063 -0.247461 0)
(2.42466 -0.365 0)
(2.45823 -0.422837 0)
(2.47202 -0.289083 0)
(2.45329 -0.207231 0)
(2.42184 -0.166407 0)
(2.39169 -0.139094 0)
(2.37671 -0.117081 0)
(2.37088 -0.0877756 0)
(2.3888 -0.0454475 0)
(2.40093 -0.0309964 0)
(2.39167 -0.0169985 0)
(2.38593 -0.0188642 0)
(2.39188 -0.0204641 0)
(2.3941 -0.00991665 0)
(2.38982 -0.00013758 0)
(2.37788 -0.000980199 0)
(2.37902 -0.00774292 0)
(2.39279 -0.0120575 0)
(2.40621 -0.0103687 0)
(2.40398 -0.00753233 0)
(2.39772 -0.00716533 0)
(2.38911 -0.00491803 0)
(2.19856 0.0217867 0)
(0.920595 0.0440214 0)
(0.712537 0.00331662 0)
(0.7356 -0.0145961 0)
(0.781869 -0.0333803 0)
(0.835491 -0.0428399 0)
(0.883044 -0.0442771 0)
(0.926154 -0.0404095 0)
(0.970133 -0.0383857 0)
(1.02094 -0.038378 0)
(1.07701 -0.0396522 0)
(1.13292 -0.0402893 0)
(1.18156 -0.0368774 0)
(1.21915 -0.0302923 0)
(1.24956 -0.0232863 0)
(1.27799 -0.0180962 0)
(1.30846 -0.0153309 0)
(1.34443 -0.014697 0)
(1.38433 -0.0154342 0)
(1.42106 -0.0161982 0)
(1.45098 -0.014365 0)
(1.47692 -0.0108431 0)
(1.50232 -0.00738813 0)
(1.53026 -0.00494321 0)
(1.56432 -0.00386704 0)
(1.59657 -0.00714494 0)
(1.61956 -0.00977162 0)
(1.64182 -0.00930698 0)
(1.66095 -0.00575092 0)
(1.67863 0.00015339 0)
(1.69925 0.0042349 0)
(1.72153 0.00610705 0)
(1.74817 0.00621911 0)
(1.77631 0.0046715 0)
(1.80004 -0.000500877 0)
(1.8201 -0.00425706 0)
(1.83873 -0.00498656 0)
(1.8477 -0.00196111 0)
(1.85242 0.00442257 0)
(1.8669 0.00856142 0)
(1.88523 0.00945527 0)
(1.9072 0.00920637 0)
(1.93416 0.00803803 0)
(1.95842 0.0049273 0)
(1.97828 0.0019734 0)
(1.99742 0.000973401 0)
(2.00956 0.00234887 0)
(2.01155 0.00638264 0)
(2.0183 0.00925424 0)
(2.03274 0.00970242 0)
(2.0487 0.00971065 0)
(2.06898 0.00878612 0)
(2.08857 0.00551159 0)
(2.10649 0.00381804 0)
(2.12309 0.00250412 0)
(2.12869 0.00372287 0)
(2.1277 0.00739609 0)
(2.1373 0.0100381 0)
(2.15368 0.010898 0)
(2.1697 0.0117986 0)
(2.18797 0.0122965 0)
(2.20769 0.00946913 0)
(2.2222 0.00671303 0)
(2.23845 0.00528754 0)
(2.24561 0.00479692 0)
(2.24707 0.00804823 0)
(1.7743 1.07078 0)
(2.28645 0.721182 0)
(2.5056 0.581642 0)
(2.65945 0.198561 0)
(2.72542 -0.321782 0)
(2.69309 -0.473952 0)
(2.71847 -0.536096 0)
(2.72372 -0.604476 0)
(2.73312 -0.608123 0)
(2.70997 -0.556704 0)
(2.59997 -0.405959 0)
(2.52366 -0.275247 0)
(2.48295 -0.230668 0)
(2.46485 -0.178139 0)
(2.45043 -0.100764 0)
(2.44053 -0.0603911 0)
(2.44266 -0.0299288 0)
(2.44609 -0.00439097 0)
(2.43879 0.0203178 0)
(2.42569 0.0135801 0)
(2.41741 -0.0146742 0)
(2.41462 -0.012103 0)
(2.41292 -0.000640835 0)
(2.40289 -0.000664083 0)
(2.40501 -0.00581092 0)
(2.41637 -0.0135279 0)
(2.4317 -0.0159393 0)
(2.43039 -0.0119496 0)
(2.42532 -0.0101825 0)
(2.41746 -0.0038685 0)
(2.35683 0.0260268 0)
(1.08856 0.112655 0)
(0.820901 -0.00515696 0)
(0.868104 -0.0702656 0)
(0.930617 -0.0831057 0)
(0.9844 -0.0778369 0)
(1.02632 -0.0678518 0)
(1.05735 -0.0455975 0)
(1.08797 -0.0244769 0)
(1.12108 -0.0141268 0)
(1.15775 -0.016406 0)
(1.19979 -0.0271635 0)
(1.24492 -0.0389732 0)
(1.28375 -0.0396284 0)
(1.31034 -0.0306816 0)
(1.33313 -0.0178698 0)
(1.35739 -0.00790441 0)
(1.38479 -0.00518465 0)
(1.41808 -0.00994265 0)
(1.45565 -0.0172587 0)
(1.48906 -0.0198263 0)
(1.51466 -0.0161136 0)
(1.53843 -0.00621813 0)
(1.56164 0.00604003 0)
(1.58333 0.0100413 0)
(1.60581 0.00432109 0)
(1.63265 -0.00853609 0)
(1.6571 -0.0184243 0)
(1.6783 -0.0214871 0)
(1.69997 -0.0173722 0)
(1.72201 -0.00414485 0)
(1.74284 0.0112705 0)
(1.76256 0.0216658 0)
(1.78162 0.0224847 0)
(1.80078 0.0163942 0)
(1.82013 0.0054262 0)
(1.83622 -0.00883057 0)
(1.85125 -0.0175568 0)
(1.86822 -0.0141107 0)
(1.88435 -0.000287361 0)
(1.90137 0.014781 0)
(1.91904 0.0252121 0)
(1.93713 0.0274465 0)
(1.95623 0.0230674 0)
(1.97601 0.0150925 0)
(1.99409 0.00523593 0)
(2.0094 -0.00239163 0)
(2.02228 -0.000587532 0)
(2.03272 0.0112204 0)
(2.04181 0.0233346 0)
(2.05327 0.0285832 0)
(2.06864 0.0282557 0)
(2.08653 0.0225873 0)
(2.10467 0.0131827 0)
(2.12074 0.00295368 0)
(2.1333 -0.00313693 0)
(2.14142 0.00329199 0)
(2.14913 0.0171843 0)
(2.15805 0.0291113 0)
(2.17126 0.0345744 0)
(2.18635 0.0358149 0)
(2.20297 0.0340409 0)
(2.21945 0.0256796 0)
(2.23433 0.0138219 0)
(2.24505 0.00399062 0)
(2.25762 0.00775746 0)
(1.65098 1.05638 0)
(2.01677 0.907725 0)
(2.38025 0.553628 0)
(2.53977 0.366749 0)
(2.60967 0.10867 0)
(2.63835 -0.0482531 0)
(2.6681 -0.046918 0)
(2.73819 -0.200207 0)
(2.78111 -0.379222 0)
(2.76024 -0.429904 0)
(2.75054 -0.422066 0)
(2.70673 -0.442566 0)
(2.66412 -0.446058 0)
(2.65977 -0.385704 0)
(2.65116 -0.291635 0)
(2.64305 -0.226509 0)
(2.61752 -0.163883 0)
(2.55062 -0.0890888 0)
(2.52785 -0.035544 0)
(2.5029 -0.0394588 0)
(2.48971 -0.0496637 0)
(2.47597 -0.0268272 0)
(2.47699 0.0185769 0)
(2.47811 0.0245131 0)
(2.47436 0.00676822 0)
(2.47888 -0.0201297 0)
(2.48472 -0.0220795 0)
(2.48473 -0.0141796 0)
(2.47753 -0.00882181 0)
(2.46757 -0.0215127 0)
(2.41343 -0.13606 0)
(1.58409 -0.00855682 0)
(1.12646 0.00166093 0)
(1.13638 -0.0484947 0)
(1.19355 -0.092241 0)
(1.23072 -0.0984567 0)
(1.25614 -0.0969393 0)
(1.28173 -0.0918309 0)
(1.30154 -0.0851225 0)
(1.3178 -0.0782828 0)
(1.33234 -0.0721966 0)
(1.35126 -0.0687161 0)
(1.37674 -0.0657833 0)
(1.4048 -0.0647835 0)
(1.4291 -0.0625276 0)
(1.44939 -0.0556754 0)
(1.46825 -0.0440021 0)
(1.4877 -0.0325446 0)
(1.50938 -0.0267277 0)
(1.53364 -0.0282821 0)
(1.56063 -0.0351946 0)
(1.58639 -0.039208 0)
(1.60952 -0.0365166 0)
(1.63169 -0.0265589 0)
(1.64921 -0.0100395 0)
(1.66101 0.00677183 0)
(1.6749 0.0121984 0)
(1.69248 0.00762819 0)
(1.71508 -0.00231355 0)
(1.74224 -0.00848574 0)
(1.76574 -0.00689221 0)
(1.78644 -0.000627653 0)
(1.80502 0.0110955 0)
(1.81434 0.024607 0)
(1.8187 0.0290913 0)
(1.83055 0.0214637 0)
(1.84694 0.0128325 0)
(1.8676 0.00443676 0)
(1.89401 -2.49284e-05 0)
(1.9146 0.00380814 0)
(1.93342 0.0120616 0)
(1.94967 0.0236373 0)
(1.95875 0.0348597 0)
(1.96636 0.0376129 0)
(1.98039 0.0314466 0)
(1.99651 0.0237115 0)
(2.0141 0.0182782 0)
(2.035 0.0146679 0)
(2.05231 0.0163955 0)
(2.06734 0.0258748 0)
(2.0766 0.0385796 0)
(2.0814 0.0439506 0)
(2.09106 0.0385475 0)
(2.10469 0.0291568 0)
(2.11939 0.0197279 0)
(2.13647 0.0132025 0)
(2.15341 0.0116421 0)
(2.16945 0.0180032 0)
(2.18154 0.0337294 0)
(2.1882 0.0492455 0)
(2.19353 0.0544349 0)
(2.2036 0.0495705 0)
(2.21604 0.0409284 0)
(2.22851 0.0296484 0)
(2.24136 0.0214612 0)
(2.26412 0.0196119 0)
(1.58433 0.981989 0)
(1.91025 0.840858 0)
(2.14937 0.675263 0)
(2.26851 0.586542 0)
(2.42758 0.372018 0)
(2.56461 0.0720185 0)
(2.62823 -0.0277979 0)
(2.66045 -0.10577 0)
(2.71136 -0.286922 0)
(2.71341 -0.351598 0)
(2.73321 -0.403473 0)
(2.7648 -0.47006 0)
(2.7799 -0.49224 0)
(2.76545 -0.472694 0)
(2.75012 -0.428985 0)
(2.72674 -0.388237 0)
(2.69451 -0.336408 0)
(2.65672 -0.266524 0)
(2.63654 -0.188163 0)
(2.62 -0.163714 0)
(2.59724 -0.150928 0)
(2.55893 -0.109708 0)
(2.54469 -0.0364488 0)
(2.54811 -0.00591021 0)
(2.54205 -0.00956629 0)
(2.53408 -0.0145597 0)
(2.53287 -0.0123412 0)
(2.52965 0.00907374 0)
(2.52182 -0.000630088 0)
(2.49208 -0.0398464 0)
(2.23288 -0.342191 0)
(2.02469 -0.488698 0)
(1.4479 -0.19254 0)
(1.34001 -0.0815835 0)
(1.38002 -0.0464682 0)
(1.41105 -0.0603064 0)
(1.43713 -0.0880617 0)
(1.4654 -0.0977032 0)
(1.48349 -0.0916891 0)
(1.49261 -0.0769542 0)
(1.49448 -0.0584781 0)
(1.49575 -0.0433593 0)
(1.50815 -0.039328 0)
(1.52621 -0.039357 0)
(1.54756 -0.0417164 0)
(1.56918 -0.0425207 0)
(1.5882 -0.0377042 0)
(1.60498 -0.0273784 0)
(1.6177 -0.0165894 0)
(1.63001 -0.0101566 0)
(1.64691 -0.0108939 0)
(1.6667 -0.0171099 0)
(1.68877 -0.0237872 0)
(1.70873 -0.0267163 0)
(1.72794 -0.0257697 0)
(1.74274 -0.0162986 0)
(1.74985 0.00180199 0)
(1.75962 0.0167737 0)
(1.77612 0.0210546 0)
(1.79628 0.0190151 0)
(1.81838 0.0104949 0)
(1.83573 0.00301551 0)
(1.85112 -0.0025042 0)
(1.86149 -0.00340121 0)
(1.86504 0.00484661 0)
(1.87037 0.0169005 0)
(1.88727 0.0230747 0)
(1.90536 0.0261919 0)
(1.9286 0.0251197 0)
(1.95116 0.0207537 0)
(1.96811 0.0181832 0)
(1.98422 0.0168569 0)
(1.99386 0.0191925 0)
(1.99641 0.0270041 0)
(2.00152 0.0342281 0)
(2.0174 0.0369646 0)
(2.03491 0.0386121 0)
(2.05519 0.0388695 0)
(2.07684 0.0372982 0)
(2.0936 0.0369306 0)
(2.10817 0.039297 0)
(2.11247 0.0455929 0)
(2.10896 0.0483866 0)
(2.1159 0.0434209 0)
(2.13164 0.0398308 0)
(2.14821 0.0384204 0)
(2.16862 0.0371957 0)
(2.18747 0.037588 0)
(2.20461 0.039893 0)
(2.21742 0.0485143 0)
(2.21826 0.0609111 0)
(2.21431 0.0652714 0)
(2.22057 0.0601815 0)
(2.23429 0.0531227 0)
(2.24765 0.0496937 0)
(2.27165 0.0472668 0)
(1.55861 0.930273 0)
(1.80934 0.828033 0)
(1.97851 0.748195 0)
(2.1397 0.638266 0)
(2.33129 0.416133 0)
(2.41803 0.289245 0)
(2.46359 0.229191 0)
(2.55127 0.0809216 0)
(2.61293 -0.0763523 0)
(2.63688 -0.166742 0)
(2.6509 -0.189631 0)
(2.69469 -0.256692 0)
(2.73023 -0.327477 0)
(2.74081 -0.339564 0)
(2.71626 -0.374379 0)
(2.70299 -0.397348 0)
(2.70463 -0.409723 0)
(2.70725 -0.402895 0)
(2.70216 -0.355027 0)
(2.69961 -0.308149 0)
(2.67665 -0.261574 0)
(2.63564 -0.216087 0)
(2.60257 -0.124708 0)
(2.60751 -0.0889721 0)
(2.61099 -0.066354 0)
(2.5837 -0.0535956 0)
(2.56992 -0.0445637 0)
(2.56382 -0.0286454 0)
(2.52354 -0.0566716 0)
(2.30641 -0.265982 0)
(2.03329 -0.49631 0)
(2.01688 -0.665585 0)
(1.79307 -0.474711 0)
(1.54519 -0.223109 0)
(1.48091 -0.119365 0)
(1.48115 -0.062546 0)
(1.51048 -0.0614701 0)
(1.54446 -0.0881471 0)
(1.57637 -0.0969422 0)
(1.58742 -0.090866 0)
(1.59104 -0.075646 0)
(1.58882 -0.0530271 0)
(1.58848 -0.0400696 0)
(1.60259 -0.0392526 0)
(1.62048 -0.040319 0)
(1.64231 -0.0415502 0)
(1.6665 -0.0395809 0)
(1.6849 -0.0355791 0)
(1.70033 -0.0297642 0)
(1.70931 -0.0209457 0)
(1.71585 -0.0143713 0)
(1.73066 -0.0137639 0)
(1.74802 -0.0152783 0)
(1.76752 -0.016165 0)
(1.78672 -0.0147649 0)
(1.80449 -0.00872144 0)
(1.81817 0.00364909 0)
(1.82573 0.020353 0)
(1.83358 0.0313431 0)
(1.84966 0.0324592 0)
(1.8664 0.026544 0)
(1.88133 0.0163741 0)
(1.89473 0.00810261 0)
(1.90724 0.00375078 0)
(1.91885 0.00682864 0)
(1.92816 0.020106 0)
(1.93674 0.0372099 0)
(1.95217 0.0459461 0)
(1.96957 0.0474405 0)
(1.98766 0.0434274 0)
(2.0041 0.0357855 0)
(2.01786 0.0274563 0)
(2.02816 0.0212428 0)
(2.03605 0.0226534 0)
(2.04337 0.0340495 0)
(2.05258 0.0489896 0)
(2.06823 0.0576758 0)
(2.08563 0.0603133 0)
(2.10362 0.0591234 0)
(2.12088 0.0538924 0)
(2.13505 0.0471172 0)
(2.14153 0.0411017 0)
(2.14086 0.0419875 0)
(2.14468 0.0488856 0)
(2.15755 0.0540803 0)
(2.17351 0.0558166 0)
(2.19122 0.0565753 0)
(2.20938 0.0562567 0)
(2.22616 0.0556111 0)
(2.23969 0.0536392 0)
(2.24355 0.0538629 0)
(2.23919 0.0595402 0)
(2.24119 0.0663025 0)
(2.25553 0.069448 0)
(2.26759 0.0706677 0)
(2.29015 0.0705455 0)
(1.53996 0.881044 0)
(1.72742 0.827975 0)
(1.89542 0.755064 0)
(2.04489 0.664866 0)
(2.20294 0.522321 0)
(2.30559 0.409959 0)
(2.3785 0.318055 0)
(2.46805 0.166668 0)
(2.51189 0.101991 0)
(2.5265 0.0580644 0)
(2.5979 -0.0611104 0)
(2.64332 -0.155238 0)
(2.67933 -0.244285 0)
(2.6913 -0.303373 0)
(2.69875 -0.334147 0)
(2.71081 -0.387165 0)
(2.70676 -0.434889 0)
(2.70678 -0.432983 0)
(2.72063 -0.423133 0)
(2.73096 -0.402425 0)
(2.72725 -0.382377 0)
(2.70099 -0.350622 0)
(2.6603 -0.268682 0)
(2.655 -0.217563 0)
(2.64461 -0.139611 0)
(2.62676 -0.12457 0)
(2.62118 -0.0672348 0)
(2.5643 -0.0975338 0)
(2.36702 -0.280945 0)
(2.06399 -0.556605 0)
(1.9843 -0.576614 0)
(1.99589 -0.646627 0)
(1.983 -0.628058 0)
(1.8712 -0.485741 0)
(1.68649 -0.265397 0)
(1.56812 -0.121572 0)
(1.54764 -0.076948 0)
(1.5597 -0.0731016 0)
(1.60091 -0.0805586 0)
(1.62398 -0.0800743 0)
(1.63527 -0.0730709 0)
(1.63833 -0.0601815 0)
(1.63407 -0.0468239 0)
(1.64013 -0.0358161 0)
(1.65647 -0.0315067 0)
(1.67807 -0.0302586 0)
(1.70613 -0.0317875 0)
(1.72806 -0.0313968 0)
(1.74469 -0.0292778 0)
(1.75815 -0.0231936 0)
(1.76289 -0.0128924 0)
(1.76902 -0.00602061 0)
(1.78467 -0.0051456 0)
(1.80217 -0.00488935 0)
(1.82254 -0.00208816 0)
(1.84184 0.00405528 0)
(1.85926 0.0108494 0)
(1.8733 0.0201365 0)
(1.87889 0.0314595 0)
(1.88393 0.0355435 0)
(1.89708 0.0316705 0)
(1.9121 0.0259915 0)
(1.92673 0.0213769 0)
(1.94285 0.0205301 0)
(1.96014 0.0234452 0)
(1.97621 0.0312151 0)
(1.98761 0.0437649 0)
(1.99265 0.0552524 0)
(2.00194 0.0560759 0)
(2.01697 0.0505817 0)
(2.03148 0.0430492 0)
(2.04457 0.0359567 0)
(2.05794 0.0324788 0)
(2.07276 0.0340969 0)
(2.08685 0.0418216 0)
(2.09774 0.0567071 0)
(2.10385 0.072673 0)
(2.11258 0.0786818 0)
(2.12748 0.0758984 0)
(2.14246 0.0696378 0)
(2.15512 0.0610224 0)
(2.16483 0.0534473 0)
(2.1737 0.0521465 0)
(2.18261 0.0580203 0)
(2.1894 0.0675802 0)
(2.19744 0.0753355 0)
(2.21133 0.078132 0)
(2.22695 0.0781402 0)
(2.24286 0.0744216 0)
(2.25434 0.0654582 0)
(2.25963 0.0591078 0)
(2.26521 0.0613783 0)
(2.27205 0.0721961 0)
(2.27929 0.0852581 0)
(2.29013 0.0912166 0)
(2.31177 0.0917674 0)
(1.52751 0.859558 0)
(1.67913 0.824196 0)
(1.81169 0.782686 0)
(1.97581 0.685147 0)
(2.12105 0.559199 0)
(2.19188 0.509372 0)
(2.25397 0.44368 0)
(2.36904 0.307574 0)
(2.44998 0.179612 0)
(2.4844 0.135859 0)
(2.52651 0.0607298 0)
(2.55838 0.00720586 0)
(2.57697 -0.0311098 0)
(2.63151 -0.132237 0)
(2.65609 -0.219534 0)
(2.67921 -0.235354 0)
(2.67754 -0.253643 0)
(2.6716 -0.323291 0)
(2.68942 -0.351554 0)
(2.71922 -0.352333 0)
(2.72107 -0.35211 0)
(2.71845 -0.371154 0)
(2.71037 -0.374739 0)
(2.6974 -0.352127 0)
(2.68585 -0.313461 0)
(2.66048 -0.268661 0)
(2.62952 -0.212809 0)
(2.42045 -0.398829 0)
(2.17407 -0.603614 0)
(2.02947 -0.694231 0)
(1.9864 -0.686655 0)
(2.00052 -0.669662 0)
(2.01342 -0.664458 0)
(1.99683 -0.627944 0)
(1.9128 -0.507771 0)
(1.75875 -0.304335 0)
(1.61137 -0.138801 0)
(1.58541 -0.0608288 0)
(1.6013 -0.068573 0)
(1.63383 -0.0677999 0)
(1.65328 -0.0670672 0)
(1.66296 -0.0663975 0)
(1.66687 -0.0580342 0)
(1.67184 -0.0414241 0)
(1.6836 -0.0253965 0)
(1.70155 -0.0193513 0)
(1.72419 -0.0189142 0)
(1.74873 -0.0219335 0)
(1.76756 -0.0227318 0)
(1.78401 -0.0214996 0)
(1.79545 -0.014037 0)
(1.79828 3.54398e-05 0)
(1.80584 0.00904248 0)
(1.82206 0.0111367 0)
(1.84147 0.0135472 0)
(1.86307 0.0153863 0)
(1.88105 0.0166488 0)
(1.89764 0.0195 0)
(1.9082 0.0275957 0)
(1.90961 0.0397937 0)
(1.91579 0.0458249 0)
(1.93142 0.0456159 0)
(1.94808 0.0444493 0)
(1.96758 0.0430215 0)
(1.98662 0.0429445 0)
(2.00421 0.0441866 0)
(2.01957 0.0480963 0)
(2.02615 0.056822 0)
(2.02495 0.064562 0)
(2.03249 0.0621113 0)
(2.04719 0.0564784 0)
(2.06307 0.0528906 0)
(2.07996 0.052828 0)
(2.09916 0.0569801 0)
(2.1158 0.0624729 0)
(2.13099 0.0692658 0)
(2.13891 0.0803449 0)
(2.13711 0.0900876 0)
(2.14213 0.0885611 0)
(2.15558 0.0817775 0)
(2.16982 0.0748079 0)
(2.18435 0.0704641 0)
(2.19907 0.069931 0)
(2.21285 0.0720906 0)
(2.22276 0.0793189 0)
(2.22617 0.0904404 0)
(2.2277 0.0961904 0)
(2.23426 0.0926471 0)
(2.24351 0.0851732 0)
(2.25554 0.0787272 0)
(2.26968 0.0750892 0)
(2.28447 0.076747 0)
(2.2981 0.0832393 0)
(2.30819 0.0950557 0)
(2.31254 0.107766 0)
(2.32686 0.112048 0)
(1.52281 0.842068 0)
(1.64596 0.821078 0)
(1.77501 0.775126 0)
(1.92338 0.687854 0)
(2.02292 0.62755 0)
(2.08715 0.586888 0)
(2.20163 0.481209 0)
(2.31105 0.349951 0)
(2.36374 0.306699 0)
(2.38981 0.268011 0)
(2.46147 0.164371 0)
(2.51623 0.061888 0)
(2.55481 0.0248188 0)
(2.5768 -0.0165731 0)
(2.60935 -0.0991838 0)
(2.63008 -0.154884 0)
(2.6557 -0.180567 0)
(2.66768 -0.239782 0)
(2.67888 -0.302622 0)
(2.6861 -0.334426 0)
(2.70614 -0.343849 0)
(2.72677 -0.383874 0)
(2.72005 -0.393389 0)
(2.71581 -0.382716 0)
(2.71288 -0.376712 0)
(2.68837 -0.390658 0)
(2.49928 -0.559711 0)
(2.22766 -0.77786 0)
(2.06109 -0.887774 0)
(2.02222 -0.849723 0)
(1.99506 -0.772395 0)
(1.99811 -0.71572 0)
(2.00822 -0.682188 0)
(2.0113 -0.669892 0)
(2.00103 -0.631523 0)
(1.94572 -0.532833 0)
(1.82129 -0.34135 0)
(1.67175 -0.134817 0)
(1.63224 -0.072209 0)
(1.64488 -0.0577499 0)
(1.66322 -0.0525073 0)
(1.68229 -0.0579296 0)
(1.69727 -0.0621448 0)
(1.70891 -0.05604 0)
(1.72005 -0.0330183 0)
(1.72723 -0.00799705 0)
(1.74071 -0.00114774 0)
(1.75842 -0.00422245 0)
(1.78163 -0.0112907 0)
(1.80014 -0.013732 0)
(1.81602 -0.0112587 0)
(1.82638 -0.00127436 0)
(1.82911 0.0164382 0)
(1.83566 0.0292264 0)
(1.85184 0.0325847 0)
(1.87184 0.0334729 0)
(1.89378 0.0320606 0)
(1.91058 0.0315471 0)
(1.92588 0.0331055 0)
(1.93509 0.0409332 0)
(1.93739 0.0552343 0)
(1.94441 0.0636713 0)
(1.96189 0.0644473 0)
(1.98084 0.0624199 0)
(2.00056 0.0578369 0)
(2.01761 0.0545964 0)
(2.034 0.0529005 0)
(2.04519 0.0534389 0)
(2.04797 0.0615679 0)
(2.04753 0.0731101 0)
(2.05898 0.0778384 0)
(2.07409 0.079308 0)
(2.09281 0.0810013 0)
(2.11253 0.08232 0)
(2.13027 0.0822685 0)
(2.14807 0.080879 0)
(2.15888 0.0805324 0)
(2.15821 0.0869136 0)
(2.15596 0.0959721 0)
(2.16683 0.0972616 0)
(2.18233 0.0961332 0)
(2.19763 0.0948115 0)
(2.21474 0.0938355 0)
(2.23034 0.0942161 0)
(2.24449 0.0953973 0)
(2.25221 0.0989927 0)
(2.24617 0.102693 0)
(2.24053 0.10064 0)
(2.24934 0.0969655 0)
(2.26392 0.096165 0)
(2.27852 0.097532 0)
(2.29525 0.100516 0)
(2.31177 0.104558 0)
(2.32762 0.109886 0)
(2.33716 0.120921 0)
(2.34315 0.127818 0)
(1.51817 0.838869 0)
(1.62582 0.819555 0)
(1.74735 0.773331 0)
(1.86209 0.71128 0)
(1.94148 0.681535 0)
(2.03467 0.62206 0)
(2.15847 0.505738 0)
(2.23601 0.421646 0)
(2.26774 0.411206 0)
(2.32476 0.352963 0)
(2.41195 0.23515 0)
(2.46183 0.153098 0)
(2.48568 0.136389 0)
(2.50506 0.102325 0)
(2.54751 0.0253778 0)
(2.58426 -0.0563318 0)
(2.60616 -0.106032 0)
(2.62145 -0.11205 0)
(2.61962 -0.134995 0)
(2.6426 -0.196894 0)
(2.6623 -0.238363 0)
(2.68808 -0.271524 0)
(2.6991 -0.27617 0)
(2.69943 -0.326837 0)
(2.67125 -0.378642 0)
(2.52958 -0.571917 0)
(2.22465 -0.879869 0)
(2.08818 -0.97074 0)
(2.05294 -0.954484 0)
(2.057 -0.938272 0)
(2.05689 -0.911691 0)
(2.04969 -0.876467 0)
(2.04217 -0.831048 0)
(2.04295 -0.785166 0)
(2.06493 -0.758522 0)
(2.07575 -0.714822 0)
(2.03853 -0.603185 0)
(1.92524 -0.396762 0)
(1.80303 -0.198468 0)
(1.69802 -0.0725994 0)
(1.68294 -0.0408874 0)
(1.69596 -0.0456154 0)
(1.72952 -0.0455175 0)
(1.74652 -0.0464772 0)
(1.75915 -0.0391742 0)
(1.76872 -0.0159355 0)
(1.76893 0.00647473 0)
(1.77695 0.0107856 0)
(1.79155 0.00816889 0)
(1.81291 0.00365022 0)
(1.83389 0.00228494 0)
(1.84913 0.0044856 0)
(1.86015 0.0149444 0)
(1.864 0.0343099 0)
(1.86817 0.0489989 0)
(1.88349 0.0526656 0)
(1.9007 0.0524267 0)
(1.92128 0.0494326 0)
(1.93983 0.0476303 0)
(1.95565 0.0487775 0)
(1.96603 0.055032 0)
(1.96933 0.0686034 0)
(1.97436 0.0771802 0)
(1.98843 0.0770548 0)
(2.00618 0.0745573 0)
(2.02435 0.0709108 0)
(2.04157 0.0671214 0)
(2.05732 0.0656743 0)
(2.06852 0.0684845 0)
(2.07252 0.0810695 0)
(2.07465 0.096481 0)
(2.08585 0.103155 0)
(2.10174 0.103871 0)
(2.11822 0.101202 0)
(2.13469 0.0974961 0)
(2.15049 0.0932548 0)
(2.16443 0.0893269 0)
(2.17295 0.0900786 0)
(2.17549 0.101003 0)
(2.17737 0.114836 0)
(2.19022 0.120384 0)
(2.20579 0.121509 0)
(2.22263 0.119971 0)
(2.23855 0.116426 0)
(2.25458 0.112243 0)
(2.26441 0.106576 0)
(2.25935 0.104429 0)
(2.25075 0.10935 0)
(2.25874 0.116224 0)
(2.27266 0.121126 0)
(2.28742 0.125631 0)
(2.30526 0.130785 0)
(2.32102 0.134653 0)
(2.33653 0.13706 0)
(2.35134 0.139981 0)
(2.35884 0.139556 0)
(1.51795 0.829685 0)
(1.61691 0.810354 0)
(1.71935 0.775666 0)
(1.81666 0.7347 0)
(1.90396 0.69675 0)
(2.00516 0.632791 0)
(2.09682 0.549826 0)
(2.15454 0.5074 0)
(2.20431 0.473096 0)
(2.29119 0.386896 0)
(2.35649 0.296536 0)
(2.38728 0.266454 0)
(2.42338 0.220828 0)
(2.46995 0.14099 0)
(2.50202 0.102287 0)
(2.51751 0.0683039 0)
(2.55953 -0.00355801 0)
(2.58057 -0.0619297 0)
(2.605 -0.0841997 0)
(2.61701 -0.107531 0)
(2.6441 -0.17571 0)
(2.66306 -0.200551 0)
(2.67848 -0.240459 0)
(2.64882 -0.324873 0)
(2.5139 -0.514722 0)
(2.25382 -0.78571 0)
(2.07595 -0.930543 0)
(2.04377 -0.971409 0)
(2.06221 -0.976844 0)
(2.07973 -0.969834 0)
(2.08197 -0.948771 0)
(2.08424 -0.938706 0)
(2.08722 -0.926509 0)
(2.09395 -0.906033 0)
(2.10405 -0.873308 0)
(2.11899 -0.843453 0)
(2.12652 -0.804442 0)
(2.10508 -0.711204 0)
(2.02015 -0.520164 0)
(1.87644 -0.28279 0)
(1.76977 -0.122507 0)
(1.73992 -0.0378574 0)
(1.75002 -0.0367851 0)
(1.7727 -0.0297311 0)
(1.79094 -0.026656 0)
(1.805 -0.0218134 0)
(1.80759 -0.00133258 0)
(1.80008 0.0197487 0)
(1.80914 0.0241643 0)
(1.82486 0.0234319 0)
(1.84872 0.0200287 0)
(1.87153 0.0210969 0)
(1.88691 0.0240378 0)
(1.89866 0.0336282 0)
(1.90166 0.0520981 0)
(1.90461 0.0657223 0)
(1.91981 0.0687248 0)
(1.93654 0.0686819 0)
(1.95574 0.0648098 0)
(1.97292 0.0613151 0)
(1.98813 0.062264 0)
(1.99842 0.0676982 0)
(2.00149 0.0784544 0)
(2.00694 0.0856207 0)
(2.02146 0.0866159 0)
(2.03801 0.0863825 0)
(2.05436 0.0859033 0)
(2.07076 0.0858606 0)
(2.08646 0.0868107 0)
(2.09914 0.0902423 0)
(2.10468 0.100156 0)
(2.10661 0.111659 0)
(2.11497 0.115304 0)
(2.12834 0.114889 0)
(2.14176 0.113059 0)
(2.15476 0.110623 0)
(2.16893 0.108376 0)
(2.18371 0.107179 0)
(2.19577 0.109614 0)
(2.20185 0.121696 0)
(2.20451 0.137157 0)
(2.21277 0.142096 0)
(2.22704 0.13959 0)
(2.24199 0.134476 0)
(2.25453 0.127631 0)
(2.2626 0.118607 0)
(2.26631 0.113457 0)
(2.26867 0.120797 0)
(2.27314 0.135871 0)
(2.28055 0.149308 0)
(2.2927 0.157523 0)
(2.30783 0.160771 0)
(2.32423 0.161684 0)
(2.34021 0.15966 0)
(2.35161 0.153772 0)
(2.36181 0.149358 0)
(1.51823 0.827543 0)
(1.60269 0.813066 0)
(1.69389 0.784337 0)
(1.78811 0.747172 0)
(1.86907 0.714344 0)
(1.95496 0.664379 0)
(2.04074 0.597978 0)
(2.10471 0.558827 0)
(2.16175 0.517016 0)
(2.2419 0.437701 0)
(2.30184 0.362434 0)
(2.33244 0.343383 0)
(2.36719 0.300393 0)
(2.42665 0.213193 0)
(2.46392 0.153956 0)
(2.4894 0.139083 0)
(2.50682 0.0995943 0)
(2.54446 0.0262824 0)
(2.56726 -0.0164684 0)
(2.59524 -0.032404 0)
(2.61729 -0.0613076 0)
(2.62307 -0.109497 0)
(2.60301 -0.189573 0)
(2.50488 -0.360566 0)
(2.1981 -0.684718 0)
(2.06785 -0.811893 0)
(2.05138 -0.894184 0)
(2.06865 -0.905464 0)
(2.08763 -0.913282 0)
(2.09512 -0.91611 0)
(2.09465 -0.912691 0)
(2.09558 -0.908487 0)
(2.10644 -0.911696 0)
(2.11396 -0.916377 0)
(2.12905 -0.916727 0)
(2.15422 -0.907344 0)
(2.17254 -0.898739 0)
(2.17548 -0.886234 0)
(2.17261 -0.842161 0)
(2.11565 -0.698177 0)
(1.98434 -0.444524 0)
(1.84502 -0.183136 0)
(1.79016 -0.0473315 0)
(1.80144 -0.0191178 0)
(1.81236 -0.022311 0)
(1.82512 -0.0182555 0)
(1.8365 -0.00885135 0)
(1.8312 0.0149243 0)
(1.826 0.0352739 0)
(1.83889 0.0387719 0)
(1.85776 0.0399839 0)
(1.88601 0.0372443 0)
(1.90766 0.0367339 0)
(1.9235 0.0412474 0)
(1.93397 0.0517061 0)
(1.93498 0.0696282 0)
(1.93818 0.0819141 0)
(1.95304 0.0835196 0)
(1.96957 0.0827994 0)
(1.98694 0.0790111 0)
(2.00372 0.0740683 0)
(2.01872 0.0724545 0)
(2.02902 0.0766605 0)
(2.03371 0.0887826 0)
(2.03921 0.0989965 0)
(2.05274 0.102129 0)
(2.06918 0.103384 0)
(2.08548 0.104474 0)
(2.10123 0.106115 0)
(2.11581 0.107369 0)
(2.12683 0.109328 0)
(2.1287 0.117004 0)
(2.1293 0.125098 0)
(2.13783 0.127817 0)
(2.15111 0.128336 0)
(2.16636 0.128913 0)
(2.18259 0.130108 0)
(2.1983 0.13161 0)
(2.21291 0.132948 0)
(2.22389 0.136286 0)
(2.22804 0.143968 0)
(2.22986 0.151294 0)
(2.23658 0.152548 0)
(2.24637 0.149819 0)
(2.25578 0.14526 0)
(2.26497 0.141135 0)
(2.27668 0.140056 0)
(2.28856 0.142589 0)
(2.29841 0.149881 0)
(2.30464 0.162107 0)
(2.30963 0.172218 0)
(2.31835 0.176118 0)
(2.32882 0.176184 0)
(2.33969 0.171918 0)
(2.34781 0.163916 0)
(2.35752 0.160259 0)
(1.52216 0.823222 0)
(1.59747 0.809609 0)
(1.68386 0.783481 0)
(1.76431 0.759113 0)
(1.83678 0.732852 0)
(1.92831 0.676849 0)
(2.0059 0.624309 0)
(2.05401 0.605933 0)
(2.11839 0.559908 0)
(2.20426 0.472543 0)
(2.26131 0.412501 0)
(2.28902 0.40088 0)
(2.32352 0.359732 0)
(2.38415 0.279043 0)
(2.43089 0.210518 0)
(2.45927 0.186191 0)
(2.47105 0.167001 0)
(2.4973 0.116683 0)
(2.53589 0.0546116 0)
(2.56972 0.0207432 0)
(2.58661 -0.00732725 0)
(2.55484 -0.096936 0)
(2.45932 -0.27665 0)
(2.16833 -0.593089 0)
(2.0437 -0.713026 0)
(2.02127 -0.797638 0)
(2.04229 -0.806157 0)
(2.06318 -0.821265 0)
(2.08161 -0.843148 0)
(2.09415 -0.864069 0)
(2.10482 -0.882719 0)
(2.10983 -0.891205 0)
(2.1158 -0.890556 0)
(2.13109 -0.884097 0)
(2.1525 -0.88487 0)
(2.16769 -0.892952 0)
(2.18676 -0.902088 0)
(2.20644 -0.901409 0)
(2.21808 -0.899186 0)
(2.21985 -0.873505 0)
(2.2021 -0.799556 0)
(2.11443 -0.61485 0)
(1.96149 -0.315784 0)
(1.86469 -0.0927098 0)
(1.84536 -0.0315739 0)
(1.84951 -0.017035 0)
(1.85124 -0.00696992 0)
(1.86092 0.00895791 0)
(1.85798 0.0312671 0)
(1.85772 0.0492556 0)
(1.87318 0.0527511 0)
(1.89352 0.0546954 0)
(1.91955 0.0565801 0)
(1.93885 0.0552885 0)
(1.95397 0.0579413 0)
(1.96349 0.0663714 0)
(1.96494 0.0815953 0)
(1.96981 0.0927091 0)
(1.98354 0.0947757 0)
(1.99926 0.0943849 0)
(2.01513 0.0922722 0)
(2.03113 0.0895493 0)
(2.04639 0.0884634 0)
(2.05802 0.0917218 0)
(2.06402 0.10264 0)
(2.06979 0.113857 0)
(2.08039 0.119676 0)
(2.0933 0.122382 0)
(2.10712 0.123472 0)
(2.1215 0.123769 0)
(2.1352 0.124281 0)
(2.14543 0.125048 0)
(2.14864 0.1309 0)
(2.15191 0.138727 0)
(2.16279 0.144242 0)
(2.17682 0.148924 0)
(2.19101 0.153156 0)
(2.20499 0.15569 0)
(2.21939 0.156039 0)
(2.23375 0.155662 0)
(2.24376 0.155844 0)
(2.24662 0.160338 0)
(2.2463 0.165882 0)
(2.25209 0.165487 0)
(2.26385 0.163084 0)
(2.27865 0.163411 0)
(2.29293 0.167254 0)
(2.30715 0.172028 0)
(2.32031 0.175832 0)
(2.32831 0.180968 0)
(2.32842 0.186942 0)
(2.32835 0.189205 0)
(2.33383 0.187294 0)
(2.34218 0.183609 0)
(2.34855 0.180427 0)
(2.3621 0.180682 0)
(1.52888 0.827749 0)
(1.59782 0.813341 0)
(1.67379 0.791686 0)
(1.74196 0.77416 0)
(1.8155 0.743801 0)
(1.89703 0.694773 0)
(1.95789 0.665241 0)
(2.01243 0.638554 0)
(2.09312 0.576559 0)
(2.16005 0.50551 0)
(2.19599 0.485861 0)
(2.2269 0.464129 0)
(2.29713 0.389605 0)
(2.3486 0.313626 0)
(2.37382 0.295537 0)
(2.39281 0.276359 0)
(2.44005 0.210942 0)
(2.47116 0.163429 0)
(2.49523 0.140295 0)
(2.51682 0.103593 0)
(2.49225 0.0087569 0)
(2.38854 -0.204375 0)
(2.14491 -0.526375 0)
(2.0297 -0.644365 0)
(2.0044 -0.707288 0)
(2.01839 -0.710165 0)
(2.0278 -0.725515 0)
(2.04945 -0.750235 0)
(2.06953 -0.775376 0)
(2.08775 -0.79363 0)
(2.1059 -0.806568 0)
(2.11825 -0.813291 0)
(2.11873 -0.817407 0)
(2.13 -0.833511 0)
(2.15104 -0.842982 0)
(2.17303 -0.850657 0)
(2.19253 -0.85956 0)
(2.21305 -0.866833 0)
(2.23269 -0.873535 0)
(2.24979 -0.872446 0)
(2.26133 -0.867169 0)
(2.24929 -0.818331 0)
(2.21421 -0.726321 0)
(2.12233 -0.526117 0)
(1.97002 -0.222907 0)
(1.90582 -0.0686248 0)
(1.8875 -0.022747 0)
(1.88995 0.00515051 0)
(1.89316 0.0314085 0)
(1.89314 0.0474107 0)
(1.89287 0.0611774 0)
(1.90891 0.0688433 0)
(1.92739 0.072017 0)
(1.949 0.074887 0)
(1.96743 0.0736588 0)
(1.98154 0.0732532 0)
(1.99133 0.0791815 0)
(1.99459 0.0933434 0)
(2.00066 0.105431 0)
(2.01439 0.108761 0)
(2.02981 0.109436 0)
(2.04483 0.10961 0)
(2.05979 0.110002 0)
(2.07418 0.111389 0)
(2.08394 0.116019 0)
(2.08841 0.124798 0)
(2.09527 0.131925 0)
(2.10666 0.135592 0)
(2.11969 0.138352 0)
(2.13248 0.141756 0)
(2.14428 0.145146 0)
(2.15473 0.148193 0)
(2.16315 0.151663 0)
(2.16957 0.157103 0)
(2.17879 0.162203 0)
(2.1912 0.165506 0)
(2.2046 0.168415 0)
(2.21741 0.1718 0)
(2.22873 0.174872 0)
(2.23871 0.175788 0)
(2.24816 0.175717 0)
(2.25659 0.175617 0)
(2.26041 0.175938 0)
(2.26495 0.178729 0)
(2.27648 0.183457 0)
(2.28937 0.188556 0)
(2.30292 0.192804 0)
(2.31654 0.196289 0)
(2.32947 0.199359 0)
(2.33884 0.201859 0)
(2.34239 0.201854 0)
(2.34179 0.20037 0)
(2.34291 0.19747 0)
(2.34786 0.19388 0)
(2.35818 0.194238 0)
(2.37741 0.20084 0)
(1.53823 0.83785 0)
(1.60223 0.820114 0)
(1.66758 0.801095 0)
(1.72797 0.784596 0)
(1.79752 0.754581 0)
(1.87236 0.71208 0)
(1.92869 0.68916 0)
(1.98503 0.659046 0)
(2.05804 0.602748 0)
(2.1189 0.547361 0)
(2.15653 0.530188 0)
(2.19812 0.495333 0)
(2.26169 0.427648 0)
(2.30793 0.367482 0)
(2.33092 0.355518 0)
(2.36555 0.322442 0)
(2.41032 0.266111 0)
(2.44487 0.220326 0)
(2.46648 0.179797 0)
(2.43964 0.0900734 0)
(2.31462 -0.113829 0)
(2.07724 -0.430812 0)
(1.99808 -0.5791 0)
(1.99039 -0.628224 0)
(2.01116 -0.630963 0)
(2.01463 -0.63741 0)
(2.01811 -0.6665 0)
(2.03739 -0.693092 0)
(2.05727 -0.714363 0)
(2.07913 -0.733627 0)
(2.1004 -0.752654 0)
(2.11992 -0.769565 0)
(2.13502 -0.778892 0)
(2.1408 -0.781382 0)
(2.1517 -0.789068 0)
(2.17206 -0.799541 0)
(2.19402 -0.809411 0)
(2.21575 -0.818676 0)
(2.23661 -0.82753 0)
(2.25654 -0.838957 0)
(2.2756 -0.845793 0)
(2.29349 -0.833216 0)
(2.28919 -0.812825 0)
(2.28259 -0.771073 0)
(2.24055 -0.667085 0)
(2.13064 -0.437106 0)
(1.99223 -0.157979 0)
(1.96717 -0.0509221 0)
(1.94146 0.0127195 0)
(1.93041 0.0471321 0)
(1.93599 0.0613422 0)
(1.93838 0.0773271 0)
(1.94383 0.0865195 0)
(1.9624 0.0916726 0)
(1.98025 0.0928418 0)
(1.99685 0.0902054 0)
(2.01076 0.087456 0)
(2.02037 0.0905558 0)
(2.02743 0.104057 0)
(2.03548 0.119855 0)
(2.04597 0.128698 0)
(2.0591 0.131416 0)
(2.07341 0.132361 0)
(2.08776 0.133707 0)
(2.10001 0.136426 0)
(2.10725 0.140454 0)
(2.11272 0.143651 0)
(2.12287 0.145957 0)
(2.13626 0.149686 0)
(2.14999 0.154843 0)
(2.16273 0.160813 0)
(2.1739 0.167153 0)
(2.18225 0.173724 0)
(2.18854 0.179858 0)
(2.19522 0.18275 0)
(2.2046 0.183614 0)
(2.21759 0.184561 0)
(2.23123 0.185486 0)
(2.24387 0.187468 0)
(2.25413 0.191235 0)
(2.26163 0.196119 0)
(2.26628 0.199487 0)
(2.26988 0.201221 0)
(2.27853 0.203172 0)
(2.29104 0.204972 0)
(2.3041 0.206926 0)
(2.31645 0.208849 0)
(2.32699 0.210793 0)
(2.33647 0.213598 0)
(2.34436 0.216057 0)
(2.34703 0.217365 0)
(2.34525 0.213897 0)
(2.3484 0.208821 0)
(2.36055 0.206434 0)
(2.3735 0.210517 0)
(2.39327 0.219573 0)
(1.55861 0.842583 0)
(1.61492 0.824598 0)
(1.66813 0.810869 0)
(1.72211 0.793041 0)
(1.79164 0.758554 0)
(1.8544 0.728584 0)
(1.90233 0.713147 0)
(1.96209 0.67787 0)
(2.03447 0.618131 0)
(2.08398 0.585745 0)
(2.11592 0.573822 0)
(2.1696 0.529044 0)
(2.23445 0.455278 0)
(2.27289 0.41634 0)
(2.29911 0.404368 0)
(2.33097 0.377852 0)
(2.37828 0.325183 0)
(2.40255 0.268112 0)
(2.38043 0.156351 0)
(2.2535 -0.0601769 0)
(2.01295 -0.32911 0)
(1.94724 -0.466482 0)
(1.95957 -0.54164 0)
(1.98503 -0.553638 0)
(2.00821 -0.567486 0)
(2.01662 -0.58893 0)
(2.01478 -0.613704 0)
(2.02759 -0.638135 0)
(2.04743 -0.657233 0)
(2.07128 -0.676648 0)
(2.09477 -0.695069 0)
(2.11761 -0.71208 0)
(2.13809 -0.725088 0)
(2.15164 -0.728743 0)
(2.15608 -0.725922 0)
(2.16513 -0.728847 0)
(2.18641 -0.741279 0)
(2.21035 -0.753382 0)
(2.23457 -0.763106 0)
(2.25831 -0.772035 0)
(2.28154 -0.785762 0)
(2.30393 -0.798419 0)
(2.31766 -0.797764 0)
(2.32315 -0.775249 0)
(2.32444 -0.759975 0)
(2.32207 -0.719829 0)
(2.26751 -0.59326 0)
(2.15625 -0.342101 0)
(2.04472 -0.105174 0)
(2.02357 -0.0121151 0)
(1.99358 0.0368137 0)
(1.98379 0.0775155 0)
(1.9804 0.0944578 0)
(1.98376 0.105398 0)
(1.99882 0.110546 0)
(2.01334 0.111908 0)
(2.02711 0.111752 0)
(2.04122 0.111824 0)
(2.05492 0.11642 0)
(2.06612 0.126984 0)
(2.07451 0.137728 0)
(2.08336 0.145394 0)
(2.09402 0.149878 0)
(2.10586 0.153164 0)
(2.11694 0.156379 0)
(2.12369 0.159939 0)
(2.12756 0.163529 0)
(2.13819 0.166465 0)
(2.15295 0.168946 0)
(2.16784 0.171982 0)
(2.18205 0.176891 0)
(2.19449 0.184548 0)
(2.20217 0.19455 0)
(2.20129 0.203346 0)
(2.20298 0.205343 0)
(2.21813 0.203922 0)
(2.23232 0.201718 0)
(2.24623 0.200335 0)
(2.25936 0.200588 0)
(2.27115 0.204075 0)
(2.27996 0.211406 0)
(2.28271 0.220426 0)
(2.28238 0.22667 0)
(2.29052 0.228859 0)
(2.30261 0.226969 0)
(2.31622 0.224608 0)
(2.32932 0.222997 0)
(2.33984 0.223303 0)
(2.34822 0.2252 0)
(2.35358 0.228171 0)
(2.35298 0.230549 0)
(2.35008 0.230208 0)
(2.35936 0.230141 0)
(2.37236 0.232164 0)
(2.3856 0.23645 0)
(2.40769 0.239988 0)
(1.57622 0.858961 0)
(1.6223 0.84225 0)
(1.66692 0.828906 0)
(1.72272 0.80392 0)
(1.78533 0.77066 0)
(1.8354 0.752031 0)
(1.88021 0.734646 0)
(1.94556 0.693188 0)
(2.00839 0.642828 0)
(2.04844 0.626439 0)
(2.08456 0.604861 0)
(2.15044 0.548182 0)
(2.20219 0.486975 0)
(2.22707 0.476653 0)
(2.26064 0.462043 0)
(2.31138 0.413353 0)
(2.33416 0.341189 0)
(2.29966 0.201207 0)
(2.17921 -0.050192 0)
(1.98468 -0.271507 0)
(1.88803 -0.386 0)
(1.91323 -0.460128 0)
(1.9387 -0.476699 0)
(1.97038 -0.500083 0)
(1.99531 -0.529664 0)
(2.0143 -0.55122 0)
(2.02195 -0.567278 0)
(2.02246 -0.583838 0)
(2.04065 -0.604854 0)
(2.06466 -0.623832 0)
(2.08923 -0.642642 0)
(2.11313 -0.659146 0)
(2.13656 -0.672552 0)
(2.15739 -0.684383 0)
(2.17076 -0.692511 0)
(2.17943 -0.693497 0)
(2.19433 -0.696365 0)
(2.2163 -0.704396 0)
(2.24064 -0.713361 0)
(2.26484 -0.724035 0)
(2.28778 -0.733913 0)
(2.31021 -0.739388 0)
(2.33001 -0.749037 0)
(2.34717 -0.753497 0)
(2.34948 -0.738994 0)
(2.3629 -0.726834 0)
(2.36626 -0.715216 0)
(2.36124 -0.662196 0)
(2.29343 -0.501967 0)
(2.20424 -0.273097 0)
(2.10293 -0.0751922 0)
(2.06812 0.0323793 0)
(2.03959 0.0792731 0)
(2.02386 0.100919 0)
(2.02359 0.121121 0)
(2.03826 0.129802 0)
(2.05453 0.134598 0)
(2.07026 0.137143 0)
(2.08566 0.136715 0)
(2.09812 0.139372 0)
(2.10511 0.148883 0)
(2.11119 0.157891 0)
(2.1202 0.162469 0)
(2.1309 0.165664 0)
(2.1406 0.170172 0)
(2.14592 0.177357 0)
(2.1468 0.185404 0)
(2.15661 0.190155 0)
(2.17188 0.192692 0)
(2.18654 0.195455 0)
(2.20116 0.197645 0)
(2.2158 0.199786 0)
(2.22687 0.203651 0)
(2.22711 0.211684 0)
(2.21914 0.221578 0)
(2.22283 0.223888 0)
(2.23658 0.223534 0)
(2.25222 0.22349 0)
(2.26906 0.223532 0)
(2.28452 0.224596 0)
(2.29847 0.227595 0)
(2.30664 0.234377 0)
(2.30449 0.244852 0)
(2.29967 0.248735 0)
(2.30606 0.246424 0)
(2.31908 0.243629 0)
(2.33395 0.242044 0)
(2.34872 0.239545 0)
(2.36258 0.236872 0)
(2.37043 0.235711 0)
(2.36556 0.241214 0)
(2.35867 0.25101 0)
(2.36846 0.258087 0)
(2.38197 0.261874 0)
(2.39447 0.263738 0)
(2.41709 0.265503 0)
(1.59848 0.868705 0)
(1.63547 0.856455 0)
(1.6782 0.838858 0)
(1.73414 0.809246 0)
(1.78495 0.784974 0)
(1.82243 0.775134 0)
(1.8714 0.749314 0)
(1.93839 0.701821 0)
(1.98956 0.667944 0)
(2.01965 0.659661 0)
(2.06486 0.627924 0)
(2.13097 0.56622 0)
(2.1684 0.532905 0)
(2.20751 0.517103 0)
(2.23814 0.497747 0)
(2.25605 0.423991 0)
(2.2088 0.263084 0)
(2.0623 -0.024295 0)
(1.93874 -0.260806 0)
(1.87284 -0.347084 0)
(1.87999 -0.372534 0)
(1.89424 -0.390391 0)
(1.9221 -0.417033 0)
(1.95243 -0.449381 0)
(1.98159 -0.486607 0)
(2.00541 -0.509907 0)
(2.02432 -0.527214 0)
(2.02948 -0.540345 0)
(2.03753 -0.556516 0)
(2.05971 -0.574435 0)
(2.08479 -0.591527 0)
(2.10994 -0.608257 0)
(2.13497 -0.622877 0)
(2.15963 -0.63469 0)
(2.18045 -0.643325 0)
(2.19408 -0.644076 0)
(2.20284 -0.642552 0)
(2.21921 -0.647365 0)
(2.24231 -0.653037 0)
(2.26672 -0.661997 0)
(2.29101 -0.673457 0)
(2.31443 -0.683874 0)
(2.33751 -0.691699 0)
(2.36017 -0.691134 0)
(2.3757 -0.695827 0)
(2.38384 -0.693264 0)
(2.39212 -0.677589 0)
(2.40822 -0.679391 0)
(2.41294 -0.66505 0)
(2.40706 -0.602694 0)
(2.33421 -0.43486 0)
(2.22965 -0.193016 0)
(2.18083 -0.0475176 0)
(2.10315 0.048718 0)
(2.06163 0.123961 0)
(2.06989 0.141399 0)
(2.08452 0.156429 0)
(2.10452 0.158075 0)
(2.1153 0.158577 0)
(2.12406 0.163771 0)
(2.13044 0.170088 0)
(2.13773 0.174568 0)
(2.14794 0.17718 0)
(2.15885 0.177234 0)
(2.1681 0.177934 0)
(2.17482 0.183548 0)
(2.17905 0.196163 0)
(2.18224 0.210533 0)
(2.18991 0.218475 0)
(2.20501 0.220723 0)
(2.22107 0.22175 0)
(2.23552 0.220824 0)
(2.24825 0.219362 0)
(2.25364 0.22201 0)
(2.24612 0.23125 0)
(2.24122 0.240972 0)
(2.25195 0.244248 0)
(2.26705 0.246071 0)
(2.28249 0.247582 0)
(2.29904 0.247619 0)
(2.31542 0.24742 0)
(2.32861 0.247746 0)
(2.33204 0.251827 0)
(2.32027 0.259551 0)
(2.31702 0.26361 0)
(2.32697 0.264037 0)
(2.33909 0.262514 0)
(2.35158 0.259141 0)
(2.36362 0.256362 0)
(2.37403 0.256497 0)
(2.37978 0.258616 0)
(2.37778 0.268867 0)
(2.38442 0.280041 0)
(2.39785 0.284858 0)
(2.4085 0.28608 0)
(2.43025 0.286963 0)
(1.61951 0.889954 0)
(1.65369 0.875491 0)
(1.69834 0.850504 0)
(1.74426 0.824972 0)
(1.77998 0.813176 0)
(1.81655 0.796802 0)
(1.8748 0.757296 0)
(1.93129 0.714123 0)
(1.96523 0.702865 0)
(1.99228 0.690334 0)
(2.05706 0.643545 0)
(2.10916 0.592404 0)
(2.14786 0.56999 0)
(2.18365 0.568342 0)
(2.17244 0.478427 0)
(2.12537 0.306825 0)
(1.93021 -0.00151822 0)
(1.85686 -0.182093 0)
(1.8564 -0.270065 0)
(1.87017 -0.300901 0)
(1.88755 -0.320213 0)
(1.89064 -0.347547 0)
(1.90762 -0.376099 0)
(1.9377 -0.406901 0)
(1.96824 -0.445315 0)
(1.9948 -0.472999 0)
(2.01896 -0.492917 0)
(2.03659 -0.507292 0)
(2.04614 -0.517164 0)
(2.06003 -0.529713 0)
(2.08308 -0.544265 0)
(2.10904 -0.559608 0)
(2.13536 -0.574602 0)
(2.16182 -0.588479 0)
(2.18689 -0.601357 0)
(2.20927 -0.608229 0)
(2.22504 -0.60785 0)
(2.23633 -0.608617 0)
(2.25494 -0.612887 0)
(2.27891 -0.62055 0)
(2.30366 -0.628015 0)
(2.32716 -0.636023 0)
(2.34945 -0.645442 0)
(2.37111 -0.651954 0)
(2.39115 -0.652863 0)
(2.40603 -0.647567 0)
(2.41551 -0.650815 0)
(2.42602 -0.643712 0)
(2.44124 -0.632563 0)
(2.45861 -0.635163 0)
(2.46376 -0.615835 0)
(2.44727 -0.538816 0)
(2.38081 -0.370095 0)
(2.26684 -0.14894 0)
(2.18343 0.0106682 0)
(2.15209 0.0983556 0)
(2.1297 0.152334 0)
(2.13479 0.170647 0)
(2.14329 0.177333 0)
(2.15627 0.181422 0)
(2.1615 0.184755 0)
(2.16544 0.191767 0)
(2.17262 0.198266 0)
(2.18153 0.199518 0)
(2.19168 0.200275 0)
(2.20149 0.202495 0)
(2.20977 0.206555 0)
(2.21611 0.215486 0)
(2.22233 0.229916 0)
(2.22817 0.243606 0)
(2.23517 0.249553 0)
(2.24654 0.248609 0)
(2.26149 0.244843 0)
(2.2722 0.239151 0)
(2.27494 0.238649 0)
(2.2732 0.248592 0)
(2.27573 0.260909 0)
(2.28585 0.266594 0)
(2.30101 0.268544 0)
(2.31658 0.270276 0)
(2.32981 0.271077 0)
(2.34202 0.26796 0)
(2.34938 0.263895 0)
(2.3427 0.268811 0)
(2.33281 0.28131 0)
(2.3373 0.286031 0)
(2.34913 0.285183 0)
(2.36202 0.282997 0)
(2.37452 0.280736 0)
(2.38612 0.279586 0)
(2.39642 0.280507 0)
(2.40267 0.289122 0)
(2.40173 0.30473 0)
(2.40141 0.312169 0)
(2.41268 0.310345 0)
(2.43241 0.310367 0)
(1.63423 0.912079 0)
(1.66934 0.893912 0)
(1.70978 0.86969 0)
(1.74803 0.848919 0)
(1.7802 0.835417 0)
(1.82179 0.809063 0)
(1.87775 0.767239 0)
(1.91958 0.740404 0)
(1.94032 0.736624 0)
(1.99023 0.70483 0)
(2.04913 0.658472 0)
(2.09053 0.621864 0)
(2.12151 0.609818 0)
(2.10597 0.515851 0)
(2.02414 0.301398 0)
(1.86896 0.0432421 0)
(1.7684 -0.126519 0)
(1.7934 -0.201594 0)
(1.82426 -0.243112 0)
(1.85723 -0.262114 0)
(1.88283 -0.289242 0)
(1.8907 -0.315358 0)
(1.89716 -0.341865 0)
(1.92321 -0.369666 0)
(1.95374 -0.400427 0)
(1.98358 -0.426886 0)
(2.01247 -0.446241 0)
(2.03926 -0.462929 0)
(2.05914 -0.476762 0)
(2.07042 -0.488757 0)
(2.08711 -0.501971 0)
(2.11258 -0.516183 0)
(2.14019 -0.529804 0)
(2.1682 -0.541598 0)
(2.19569 -0.553774 0)
(2.22179 -0.563637 0)
(2.24402 -0.568464 0)
(2.25804 -0.568942 0)
(2.26971 -0.565823 0)
(2.2871 -0.567533 0)
(2.3096 -0.571589 0)
(2.33297 -0.576436 0)
(2.35552 -0.583106 0)
(2.37841 -0.588576 0)
(2.40051 -0.595256 0)
(2.4201 -0.598104 0)
(2.4333 -0.595144 0)
(2.44211 -0.597025 0)
(2.45604 -0.604478 0)
(2.47298 -0.60273 0)
(2.48933 -0.59043 0)
(2.50684 -0.5902 0)
(2.50968 -0.565852 0)
(2.48196 -0.47874 0)
(2.40271 -0.302013 0)
(2.31339 -0.0889224 0)
(2.21058 0.101474 0)
(2.1885 0.140501 0)
(2.18988 0.176963 0)
(2.18872 0.198363 0)
(2.18616 0.203597 0)
(2.19262 0.204786 0)
(2.19898 0.21339 0)
(2.20448 0.22003 0)
(2.2151 0.22195 0)
(2.22708 0.224571 0)
(2.23632 0.228608 0)
(2.24443 0.234195 0)
(2.25241 0.241714 0)
(2.26038 0.251378 0)
(2.26617 0.262473 0)
(2.27007 0.270583 0)
(2.27488 0.270846 0)
(2.28325 0.26715 0)
(2.29396 0.263226 0)
(2.30094 0.262567 0)
(2.3072 0.268391 0)
(2.31487 0.278942 0)
(2.32191 0.289403 0)
(2.32818 0.295879 0)
(2.33512 0.29601 0)
(2.3424 0.292007 0)
(2.34943 0.285465 0)
(2.3558 0.281406 0)
(2.35889 0.286054 0)
(2.36049 0.298505 0)
(2.36592 0.306503 0)
(2.37709 0.30913 0)
(2.3901 0.31062 0)
(2.40202 0.312017 0)
(2.41402 0.313596 0)
(2.4257 0.315909 0)
(2.42924 0.319364 0)
(2.42164 0.327019 0)
(2.42425 0.329085 0)
(2.44279 0.329861 0)
(1.65183 0.926544 0)
(1.68668 0.906196 0)
(1.72433 0.882118 0)
(1.75605 0.866586 0)
(1.78533 0.852222 0)
(1.8334 0.81912 0)
(1.88341 0.779558 0)
(1.90771 0.773505 0)
(1.9361 0.758959 0)
(1.99794 0.717177 0)
(2.0367 0.681963 0)
(2.06011 0.646664 0)
(2.02644 0.532756 0)
(1.91297 0.285957 0)
(1.81002 0.0330603 0)
(1.72174 -0.0910915 0)
(1.74615 -0.1403 0)
(1.76937 -0.164442 0)
(1.80704 -0.194568 0)
(1.84748 -0.232371 0)
(1.87671 -0.268122 0)
(1.89423 -0.299341 0)
(1.90109 -0.326665 0)
(1.92241 -0.349907 0)
(1.9538 -0.37009 0)
(1.9853 -0.391118 0)
(2.01617 -0.409589 0)
(2.04556 -0.426493 0)
(2.06985 -0.44078 0)
(2.08439 -0.452037 0)
(2.09752 -0.462073 0)
(2.12136 -0.474143 0)
(2.15029 -0.48678 0)
(2.17972 -0.498033 0)
(2.2082 -0.510256 0)
(2.23454 -0.521223 0)
(2.25828 -0.528494 0)
(2.27665 -0.533418 0)
(2.29047 -0.535002 0)
(2.30609 -0.537956 0)
(2.32761 -0.539987 0)
(2.35151 -0.541207 0)
(2.37387 -0.544037 0)
(2.39495 -0.544792 0)
(2.41429 -0.546169 0)
(2.43285 -0.546579 0)
(2.44712 -0.550171 0)
(2.458 -0.552047 0)
(2.4687 -0.549604 0)
(2.48252 -0.555837 0)
(2.50247 -0.557211 0)
(2.52047 -0.553684 0)
(2.53562 -0.550853 0)
(2.54481 -0.543174 0)
(2.53983 -0.508603 0)
(2.51126 -0.413695 0)
(2.41908 -0.218207 0)
(2.34716 -0.0411591 0)
(2.25854 0.12242 0)
(2.23715 0.203305 0)
(2.219 0.21745 0)
(2.21801 0.213921 0)
(2.22009 0.223834 0)
(2.22572 0.237699 0)
(2.2318 0.247899 0)
(2.24365 0.25393 0)
(2.25698 0.256432 0)
(2.26771 0.256858 0)
(2.27844 0.257626 0)
(2.28856 0.260495 0)
(2.29754 0.267343 0)
(2.30105 0.279192 0)
(2.29613 0.290696 0)
(2.29534 0.29403 0)
(2.30336 0.29288 0)
(2.31747 0.292069 0)
(2.33115 0.292503 0)
(2.34324 0.294895 0)
(2.35199 0.299929 0)
(2.35404 0.308731 0)
(2.34848 0.31729 0)
(2.34798 0.318583 0)
(2.35472 0.315548 0)
(2.36499 0.311757 0)
(2.37593 0.309474 0)
(2.38509 0.312287 0)
(2.39121 0.322568 0)
(2.39669 0.33457 0)
(2.40275 0.343632 0)
(2.41168 0.346809 0)
(2.42593 0.345772 0)
(2.43722 0.345058 0)
(2.44509 0.341882 0)
(2.44304 0.341564 0)
(2.43789 0.34568 0)
(2.44934 0.349014 0)
(1.67213 0.945524 0)
(1.70911 0.921953 0)
(1.74008 0.90241 0)
(1.76234 0.892268 0)
(1.80024 0.86684 0)
(1.84967 0.825218 0)
(1.88072 0.810214 0)
(1.89509 0.809349 0)
(1.95297 0.772246 0)
(1.98882 0.743685 0)
(1.99645 0.670032 0)
(1.95868 0.536619 0)
(1.79317 0.274178 0)
(1.71492 0.0581797 0)
(1.7152 -0.0557855 0)
(1.72842 -0.086882 0)
(1.74652 -0.104685 0)
(1.77405 -0.134214 0)
(1.8086 -0.166012 0)
(1.84527 -0.205717 0)
(1.87365 -0.235148 0)
(1.89734 -0.259642 0)
(1.90978 -0.283486 0)
(1.92798 -0.306788 0)
(1.95964 -0.327061 0)
(1.99171 -0.347277 0)
(2.02318 -0.366006 0)
(2.05346 -0.384575 0)
(2.07992 -0.40159 0)
(2.09956 -0.415789 0)
(2.11464 -0.425787 0)
(2.13545 -0.434209 0)
(2.16277 -0.444176 0)
(2.19162 -0.453202 0)
(2.21983 -0.463427 0)
(2.24598 -0.473673 0)
(2.27003 -0.481509 0)
(2.29094 -0.487121 0)
(2.30723 -0.489264 0)
(2.32175 -0.493425 0)
(2.34112 -0.496907 0)
(2.36471 -0.497782 0)
(2.38764 -0.498748 0)
(2.40814 -0.497356 0)
(2.42464 -0.49645 0)
(2.439 -0.490981 0)
(2.45105 -0.490464 0)
(2.46517 -0.494373 0)
(2.48046 -0.501446 0)
(2.49589 -0.507982 0)
(2.51376 -0.507202 0)
(2.53132 -0.511679 0)
(2.54977 -0.512087 0)
(2.56372 -0.508926 0)
(2.56936 -0.5049 0)
(2.57228 -0.488974 0)
(2.56252 -0.4451 0)
(2.53501 -0.351582 0)
(2.43795 -0.154561 0)
(2.3576 0.0422448 0)
(2.33573 0.128756 0)
(2.27613 0.204319 0)
(2.24377 0.241913 0)
(2.23709 0.254115 0)
(2.24792 0.268122 0)
(2.25591 0.281842 0)
(2.25935 0.289511 0)
(2.27226 0.293035 0)
(2.28614 0.294099 0)
(2.29916 0.292284 0)
(2.31454 0.292716 0)
(2.32662 0.294314 0)
(2.32566 0.300963 0)
(2.31538 0.313696 0)
(2.32034 0.321004 0)
(2.3354 0.323779 0)
(2.34829 0.327334 0)
(2.36019 0.329612 0)
(2.37363 0.328724 0)
(2.38064 0.326352 0)
(2.37365 0.330194 0)
(2.36567 0.338681 0)
(2.37286 0.3415 0)
(2.38576 0.341578 0)
(2.39629 0.341347 0)
(2.40589 0.341943 0)
(2.41399 0.345646 0)
(2.42115 0.352841 0)
(2.42758 0.360976 0)
(2.43317 0.365971 0)
(2.43804 0.369262 0)
(2.44284 0.366898 0)
(2.44743 0.364083 0)
(2.45284 0.361153 0)
(2.45603 0.359921 0)
(2.46581 0.364134 0)
(1.69024 0.962097 0)
(1.7179 0.946258 0)
(1.7483 0.929524 0)
(1.77821 0.911228 0)
(1.82055 0.876067 0)
(1.85396 0.849124 0)
(1.86832 0.852182 0)
(1.91044 0.82215 0)
(1.9472 0.791282 0)
(1.93318 0.686624 0)
(1.86409 0.48671 0)
(1.73784 0.258018 0)
(1.6435 0.101867 0)
(1.66977 0.0132659 0)
(1.71064 -0.0397484 0)
(1.74499 -0.0592697 0)
(1.76487 -0.0827006 0)
(1.78337 -0.110632 0)
(1.8144 -0.137434 0)
(1.84916 -0.173413 0)
(1.88069 -0.20982 0)
(1.9077 -0.239979 0)
(1.92801 -0.260846 0)
(1.946 -0.276741 0)
(1.9744 -0.295608 0)
(2.00671 -0.316231 0)
(2.03808 -0.336773 0)
(2.06762 -0.355172 0)
(2.09426 -0.369264 0)
(2.11679 -0.37979 0)
(2.13436 -0.388089 0)
(2.15246 -0.396042 0)
(2.17693 -0.407022 0)
(2.20475 -0.417712 0)
(2.23291 -0.427665 0)
(2.25957 -0.436001 0)
(2.28342 -0.441621 0)
(2.30396 -0.444519 0)
(2.3205 -0.443764 0)
(2.33466 -0.446921 0)
(2.35296 -0.452243 0)
(2.3762 -0.456346 0)
(2.40017 -0.461191 0)
(2.42228 -0.464071 0)
(2.44086 -0.465445 0)
(2.45707 -0.458478 0)
(2.46725 -0.451082 0)
(2.47258 -0.443132 0)
(2.47904 -0.443406 0)
(2.49398 -0.450721 0)
(2.51631 -0.452306 0)
(2.53794 -0.456343 0)
(2.55781 -0.456819 0)
(2.57386 -0.467853 0)
(2.58698 -0.469824 0)
(2.59372 -0.458194 0)
(2.58767 -0.454607 0)
(2.59306 -0.428785 0)
(2.58198 -0.390789 0)
(2.54581 -0.28957 0)
(2.48229 -0.109726 0)
(2.37498 0.107513 0)
(2.34634 0.170571 0)
(2.30258 0.23116 0)
(2.28882 0.264835 0)
(2.27422 0.290043 0)
(2.27666 0.313954 0)
(2.28228 0.327239 0)
(2.292 0.325227 0)
(2.30317 0.31778 0)
(2.317 0.318166 0)
(2.33134 0.322128 0)
(2.34262 0.323249 0)
(2.34619 0.328998 0)
(2.34653 0.344865 0)
(2.3498 0.355023 0)
(2.35689 0.358069 0)
(2.36767 0.357342 0)
(2.37848 0.354329 0)
(2.38686 0.349228 0)
(2.39242 0.346099 0)
(2.39348 0.352069 0)
(2.39219 0.36566 0)
(2.39238 0.374903 0)
(2.40127 0.376614 0)
(2.41423 0.376928 0)
(2.4271 0.377211 0)
(2.43926 0.378884 0)
(2.45078 0.382506 0)
(2.45581 0.382626 0)
(2.45487 0.385509 0)
(2.45366 0.385426 0)
(2.45413 0.386421 0)
(2.45956 0.383987 0)
(2.46824 0.383634 0)
(2.48252 0.38018 0)
(1.80448 0.960498 0)
(1.72274 0.959709 0)
(1.75169 0.947374 0)
(1.79822 0.919493 0)
(1.82686 0.895235 0)
(1.85617 0.884045 0)
(1.87689 0.871002 0)
(1.89979 0.821845 0)
(1.86819 0.686948 0)
(1.74878 0.434836 0)
(1.68071 0.215356 0)
(1.63575 0.111726 0)
(1.63851 0.0578623 0)
(1.67675 0.0292537 0)
(1.7175 -0.00292112 0)
(1.75609 -0.0361507 0)
(1.78125 -0.067392 0)
(1.80151 -0.100883 0)
(1.83021 -0.129943 0)
(1.86228 -0.154773 0)
(1.89282 -0.1788 0)
(1.92088 -0.201691 0)
(1.94561 -0.22118 0)
(1.9668 -0.237936 0)
(1.99066 -0.255413 0)
(2.01988 -0.273915 0)
(2.04987 -0.291453 0)
(2.07907 -0.308257 0)
(2.10657 -0.323066 0)
(2.1316 -0.336119 0)
(2.15164 -0.347928 0)
(2.16796 -0.357119 0)
(2.1876 -0.366463 0)
(2.21264 -0.37616 0)
(2.24046 -0.384657 0)
(2.26827 -0.392003 0)
(2.29311 -0.398595 0)
(2.31381 -0.403419 0)
(2.33069 -0.402856 0)
(2.34433 -0.402527 0)
(2.35948 -0.404151 0)
(2.37936 -0.405724 0)
(2.40234 -0.40822 0)
(2.42575 -0.410909 0)
(2.44714 -0.415784 0)
(2.46594 -0.415228 0)
(2.47821 -0.414512 0)
(2.4858 -0.409924 0)
(2.49232 -0.406614 0)
(2.50077 -0.40615 0)
(2.5138 -0.401201 0)
(2.52934 -0.401325 0)
(2.54764 -0.397089 0)
(2.56459 -0.40374 0)
(2.58206 -0.406957 0)
(2.59834 -0.415261 0)
(2.60559 -0.419281 0)
(2.60867 -0.401114 0)
(2.60135 -0.39913 0)
(2.62238 -0.382037 0)
(2.61554 -0.345179 0)
(2.5687 -0.226803 0)
(2.51122 -0.0645302 0)
(2.39454 0.163867 0)
(2.34969 0.234162 0)
(2.32686 0.268316 0)
(2.3232 0.307027 0)
(2.31312 0.335111 0)
(2.3135 0.341851 0)
(2.32203 0.342954 0)
(2.32863 0.342538 0)
(2.33506 0.340346 0)
(2.34562 0.345499 0)
(2.3588 0.353464 0)
(2.36951 0.358261 0)
(2.37531 0.36361 0)
(2.377 0.371089 0)
(2.38033 0.377441 0)
(2.38656 0.379283 0)
(2.39357 0.379959 0)
(2.40127 0.382969 0)
(2.41048 0.385622 0)
(2.41423 0.389893 0)
(2.40937 0.39754 0)
(2.41687 0.400951 0)
(2.42678 0.402609 0)
(2.43907 0.404588 0)
(2.4501 0.404481 0)
(2.45618 0.403863 0)
(2.46215 0.400181 0)
(2.46556 0.401007 0)
(2.46484 0.404812 0)
(2.46858 0.403369 0)
(2.47947 0.395671 0)
(2.48747 0.395414 0)
(2.49275 0.387357 0)
(2.23056 0.768374 0)
(1.77646 0.964078 0)
(1.76512 0.96525 0)
(1.7907 0.946444 0)
(1.83595 0.913589 0)
(1.86189 0.917875 0)
(1.84895 0.83494 0)
(1.79673 0.657315 0)
(1.65351 0.400968 0)
(1.60186 0.244012 0)
(1.62805 0.148289 0)
(1.65255 0.0935279 0)
(1.66977 0.0727266 0)
(1.69153 0.049937 0)
(1.72733 0.0192736 0)
(1.76607 -0.0226573 0)
(1.79437 -0.0546479 0)
(1.81806 -0.0824274 0)
(1.8434 -0.108199 0)
(1.87475 -0.133817 0)
(1.90763 -0.160004 0)
(1.93769 -0.183228 0)
(1.96479 -0.201539 0)
(1.98879 -0.216529 0)
(2.0116 -0.22984 0)
(2.03743 -0.244161 0)
(2.06561 -0.258829 0)
(2.09345 -0.273213 0)
(2.11933 -0.286259 0)
(2.14298 -0.29759 0)
(2.16305 -0.308278 0)
(2.1792 -0.318221 0)
(2.19624 -0.328441 0)
(2.21802 -0.338224 0)
(2.24474 -0.345432 0)
(2.27223 -0.351673 0)
(2.29701 -0.357795 0)
(2.31748 -0.36355 0)
(2.33431 -0.364635 0)
(2.34897 -0.364542 0)
(2.36466 -0.364868 0)
(2.3832 -0.364537 0)
(2.40341 -0.363414 0)
(2.42312 -0.362397 0)
(2.44177 -0.365019 0)
(2.4603 -0.363921 0)
(2.47535 -0.36549 0)
(2.48581 -0.363033 0)
(2.49297 -0.362833 0)
(2.50392 -0.367442 0)
(2.52157 -0.36626 0)
(2.53983 -0.366408 0)
(2.56008 -0.359575 0)
(2.57681 -0.359882 0)
(2.59 -0.357277 0)
(2.59844 -0.358599 0)
(2.60143 -0.359002 0)
(2.60828 -0.360888 0)
(2.61668 -0.37023 0)
(2.63645 -0.356286 0)
(2.63673 -0.35523 0)
(2.64937 -0.332368 0)
(2.63637 -0.289972 0)
(2.58212 -0.172905 0)
(2.4873 0.0249902 0)
(2.43832 0.173759 0)
(2.35261 0.328181 0)
(2.33889 0.34462 0)
(2.34316 0.358802 0)
(2.3421 0.370297 0)
(2.33658 0.376691 0)
(2.34474 0.368982 0)
(2.35478 0.365934 0)
(2.37113 0.37091 0)
(2.38359 0.377867 0)
(2.38709 0.382959 0)
(2.38536 0.387234 0)
(2.38647 0.395075 0)
(2.39051 0.402183 0)
(2.39515 0.406296 0)
(2.40087 0.407923 0)
(2.40856 0.412391 0)
(2.4162 0.419255 0)
(2.42291 0.426004 0)
(2.42754 0.43242 0)
(2.43332 0.429525 0)
(2.44108 0.423951 0)
(2.45055 0.42028 0)
(2.46015 0.418677 0)
(2.4675 0.415726 0)
(2.46993 0.420945 0)
(2.46846 0.428146 0)
(2.46811 0.425444 0)
(2.47795 0.421237 0)
(2.47811 0.411143 0)
(2.45423 0.312774 0)
(2.84708 0.26515 0)
(2.0857 0.842599 0)
(1.81393 0.960278 0)
(1.81405 0.962574 0)
(1.83689 0.943622 0)
(1.80282 0.837808 0)
(1.69103 0.588679 0)
(1.59443 0.35827 0)
(1.53354 0.232685 0)
(1.566 0.179781 0)
(1.61563 0.14471 0)
(1.6537 0.1163 0)
(1.68176 0.0907334 0)
(1.70063 0.0601413 0)
(1.73203 0.0308558 0)
(1.76816 -0.00253711 0)
(1.79808 -0.0303144 0)
(1.82338 -0.055558 0)
(1.84845 -0.0831733 0)
(1.87778 -0.107432 0)
(1.91 -0.128223 0)
(1.94209 -0.148386 0)
(1.97173 -0.167019 0)
(1.99816 -0.183139 0)
(2.02217 -0.196323 0)
(2.04565 -0.20719 0)
(2.07002 -0.216817 0)
(2.09478 -0.227493 0)
(2.1189 -0.240037 0)
(2.14207 -0.253181 0)
(2.16392 -0.265203 0)
(2.18281 -0.275661 0)
(2.19949 -0.284959 0)
(2.21644 -0.29145 0)
(2.23688 -0.296177 0)
(2.25875 -0.301193 0)
(2.27989 -0.306654 0)
(2.29953 -0.312099 0)
(2.31796 -0.313575 0)
(2.33536 -0.314303 0)
(2.35285 -0.315259 0)
(2.3719 -0.316141 0)
(2.39311 -0.316106 0)
(2.41472 -0.316271 0)
(2.4347 -0.318599 0)
(2.45161 -0.316725 0)
(2.46321 -0.318269 0)
(2.47197 -0.316364 0)
(2.47969 -0.315433 0)
(2.48909 -0.31685 0)
(2.50294 -0.314129 0)
(2.51942 -0.315456 0)
(2.53918 -0.309326 0)
(2.55748 -0.310507 0)
(2.57363 -0.309707 0)
(2.58329 -0.308355 0)
(2.5875 -0.308563 0)
(2.591 -0.311885 0)
(2.59638 -0.319122 0)
(2.61214 -0.312221 0)
(2.62925 -0.316676 0)
(2.6545 -0.3036 0)
(2.66386 -0.303205 0)
(2.67118 -0.285547 0)
(2.654 -0.232448 0)
(2.59957 -0.104742 0)
(2.48362 0.115244 0)
(2.46221 0.208951 0)
(2.39993 0.318977 0)
(2.35585 0.408915 0)
(2.34153 0.40979 0)
(2.35021 0.402052 0)
(2.35987 0.401772 0)
(2.371 0.400371 0)
(2.38205 0.404627 0)
(2.39025 0.414009 0)
(2.39324 0.421242 0)
(2.39327 0.426109 0)
(2.39544 0.42722 0)
(2.40224 0.426877 0)
(2.41092 0.428695 0)
(2.4185 0.433594 0)
(2.42578 0.439423 0)
(2.4322 0.44579 0)
(2.43425 0.451744 0)
(2.43378 0.455834 0)
(2.44146 0.452542 0)
(2.45281 0.447368 0)
(2.46396 0.441961 0)
(2.47681 0.434598 0)
(2.48152 0.432447 0)
(2.48035 0.430582 0)
(2.47281 0.416957 0)
(2.45107 0.374185 0)
(2.41385 0.296796 0)
(2.34436 0.101644 0)
(2.99631 0.0200521 0)
(2.68426 0.410784 0)
(2.02281 0.845541 0)
(1.88915 1.00768 0)
(1.73745 0.820737 0)
(1.53987 0.517162 0)
(1.51069 0.333579 0)
(1.50524 0.260927 0)
(1.51976 0.22269 0)
(1.55739 0.194536 0)
(1.60305 0.163204 0)
(1.64129 0.125284 0)
(1.66844 0.0944457 0)
(1.68992 0.0619199 0)
(1.72218 0.033597 0)
(1.75911 0.00482251 0)
(1.79206 -0.0218225 0)
(1.8203 -0.0409955 0)
(1.84568 -0.0614994 0)
(1.87265 -0.0856395 0)
(1.90307 -0.107651 0)
(1.9353 -0.12593 0)
(1.96679 -0.14101 0)
(1.99481 -0.154498 0)
(2.01971 -0.165791 0)
(2.04254 -0.17532 0)
(2.0653 -0.183602 0)
(2.08918 -0.19215 0)
(2.11314 -0.201355 0)
(2.13636 -0.211786 0)
(2.15865 -0.22191 0)
(2.17967 -0.231314 0)
(2.19897 -0.241344 0)
(2.21786 -0.246676 0)
(2.23533 -0.254122 0)
(2.25534 -0.260109 0)
(2.27766 -0.265483 0)
(2.29942 -0.270557 0)
(2.31948 -0.272006 0)
(2.33757 -0.272175 0)
(2.35498 -0.271865 0)
(2.3734 -0.271048 0)
(2.39368 -0.268902 0)
(2.41481 -0.26887 0)
(2.43595 -0.273035 0)
(2.45557 -0.274348 0)
(2.47047 -0.277741 0)
(2.48074 -0.274493 0)
(2.48932 -0.271183 0)
(2.50015 -0.271415 0)
(2.51454 -0.269023 0)
(2.53033 -0.269908 0)
(2.54818 -0.262998 0)
(2.56498 -0.265836 0)
(2.58213 -0.266813 0)
(2.59758 -0.264719 0)
(2.60782 -0.264845 0)
(2.61179 -0.268035 0)
(2.61732 -0.273549 0)
(2.62956 -0.267539 0)
(2.64525 -0.274009 0)
(2.66229 -0.270048 0)
(2.68534 -0.268373 0)
(2.69695 -0.260266 0)
(2.69702 -0.263919 0)
(2.68541 -0.237948 0)
(2.65433 -0.171567 0)
(2.61112 -0.0513954 0)
(2.48721 0.171471 0)
(2.43321 0.290849 0)
(2.43008 0.34973 0)
(2.39533 0.418702 0)
(2.37397 0.441194 0)
(2.37153 0.438614 0)
(2.38041 0.438221 0)
(2.39247 0.441099 0)
(2.39607 0.44343 0)
(2.39512 0.448387 0)
(2.40138 0.456091 0)
(2.4101 0.459817 0)
(2.41999 0.4592 0)
(2.42853 0.458542 0)
(2.44071 0.460329 0)
(2.45137 0.462967 0)
(2.45003 0.468526 0)
(2.43754 0.473405 0)
(2.43969 0.468092 0)
(2.45315 0.465731 0)
(2.45994 0.46271 0)
(2.46861 0.456891 0)
(2.47177 0.442401 0)
(2.45151 0.378208 0)
(2.41055 0.271534 0)
(2.35318 0.14963 0)
(2.30741 0.0633029 0)
(2.28661 -0.026008 0)
(2.99989 0.000477939 0)
(2.99517 0.0320809 0)
(2.48588 0.562539 0)
(1.97584 0.816719 0)
(1.38432 0.425214 0)
(1.38546 0.310144 0)
(1.44287 0.26606 0)
(1.48492 0.251505 0)
(1.51727 0.236133 0)
(1.54803 0.214056 0)
(1.58588 0.183039 0)
(1.62024 0.144958 0)
(1.64627 0.111694 0)
(1.66859 0.0780432 0)
(1.70175 0.0519787 0)
(1.7396 0.0294947 0)
(1.77545 0.0087579 0)
(1.80849 -0.0101847 0)
(1.83775 -0.0298294 0)
(1.86474 -0.0486181 0)
(1.89273 -0.066464 0)
(1.9235 -0.0836266 0)
(1.95488 -0.099653 0)
(1.98547 -0.114797 0)
(2.00754 -0.127324 0)
(2.02283 -0.134887 0)
(2.04046 -0.142086 0)
(2.06157 -0.14921 0)
(2.08461 -0.157163 0)
(2.10825 -0.166143 0)
(2.13172 -0.176564 0)
(2.15522 -0.186411 0)
(2.17809 -0.196758 0)
(2.2015 -0.205617 0)
(2.22458 -0.215885 0)
(2.24679 -0.221545 0)
(2.26909 -0.224768 0)
(2.29095 -0.228043 0)
(2.3114 -0.22941 0)
(2.33008 -0.230348 0)
(2.34783 -0.230535 0)
(2.36587 -0.230022 0)
(2.38475 -0.227684 0)
(2.40333 -0.227729 0)
(2.42132 -0.232109 0)
(2.43937 -0.233882 0)
(2.45695 -0.236765 0)
(2.47371 -0.232286 0)
(2.48795 -0.228126 0)
(2.50061 -0.227752 0)
(2.51351 -0.22602 0)
(2.52739 -0.228001 0)
(2.54339 -0.221005 0)
(2.55601 -0.223006 0)
(2.56485 -0.226411 0)
(2.57403 -0.22769 0)
(2.58752 -0.222798 0)
(2.60268 -0.217797 0)
(2.61818 -0.218841 0)
(2.63377 -0.215319 0)
(2.6478 -0.224043 0)
(2.6586 -0.227835 0)
(2.66876 -0.227153 0)
(2.67703 -0.227554 0)
(2.6851 -0.23318 0)
(2.69019 -0.233755 0)
(2.70284 -0.217151 0)
(2.70212 -0.195963 0)
(2.66244 -0.106573 0)
(2.60454 0.0317874 0)
(2.51181 0.251805 0)
(2.43478 0.421935 0)
(2.42585 0.412938 0)
(2.40959 0.43142 0)
(2.40755 0.446538 0)
(2.40608 0.452641 0)
(2.4075 0.461973 0)
(2.40986 0.474334 0)
(2.41238 0.483435 0)
(2.41446 0.483237 0)
(2.42353 0.486051 0)
(2.43526 0.490483 0)
(2.44929 0.49434 0)
(2.46185 0.494826 0)
(2.46084 0.494921 0)
(2.45078 0.491901 0)
(2.44912 0.487299 0)
(2.45153 0.482173 0)
(2.45022 0.45999 0)
(2.4285 0.400629 0)
(2.39106 0.2872 0)
(2.3457 0.128485 0)
(2.30984 0.0261138 0)
(2.27972 -0.0247559 0)
(2.26124 -0.0621793 0)
(2.2648 -0.0897088 0)
(3 1.28201e-06 0)
(3.00005 0.00104609 0)
(2.93022 0.0791364 0)
(1.51905 0.0886966 0)
(1.10985 0.151549 0)
(1.27767 0.178585 0)
(1.3792 0.244557 0)
(1.44052 0.249221 0)
(1.47769 0.234177 0)
(1.50912 0.20793 0)
(1.54512 0.172243 0)
(1.58224 0.130804 0)
(1.61084 0.0982036 0)
(1.63726 0.0719845 0)
(1.67411 0.0543076 0)
(1.71415 0.0376025 0)
(1.75159 0.0229858 0)
(1.78614 0.00807372 0)
(1.81714 -0.00994239 0)
(1.84571 -0.0242788 0)
(1.87519 -0.0336412 0)
(1.90521 -0.0446205 0)
(1.93315 -0.0576642 0)
(1.95893 -0.0720834 0)
(1.9852 -0.0853867 0)
(2.01193 -0.0981437 0)
(2.03673 -0.107068 0)
(2.05927 -0.114758 0)
(2.08246 -0.122848 0)
(2.10691 -0.131465 0)
(2.13184 -0.142124 0)
(2.15752 -0.152484 0)
(2.1852 -0.160485 0)
(2.21255 -0.168226 0)
(2.23834 -0.17489 0)
(2.2624 -0.177294 0)
(2.285 -0.178624 0)
(2.30667 -0.180874 0)
(2.32714 -0.182417 0)
(2.34635 -0.184144 0)
(2.36468 -0.185022 0)
(2.38227 -0.18511 0)
(2.39934 -0.182532 0)
(2.41576 -0.180412 0)
(2.43234 -0.179907 0)
(2.449 -0.178009 0)
(2.46511 -0.182107 0)
(2.48126 -0.184828 0)
(2.49789 -0.186869 0)
(2.51487 -0.187599 0)
(2.53219 -0.184341 0)
(2.54667 -0.18541 0)
(2.55403 -0.180664 0)
(2.55735 -0.179841 0)
(2.56535 -0.175353 0)
(2.5792 -0.173624 0)
(2.5947 -0.173977 0)
(2.61322 -0.173915 0)
(2.63254 -0.178957 0)
(2.65102 -0.17943 0)
(2.66697 -0.185909 0)
(2.67946 -0.183855 0)
(2.68453 -0.178405 0)
(2.68708 -0.180652 0)
(2.69472 -0.186087 0)
(2.7025 -0.19069 0)
(2.72061 -0.17502 0)
(2.72848 -0.173801 0)
(2.72809 -0.160456 0)
(2.71781 -0.129022 0)
(2.66393 -0.0268961 0)
(2.58609 0.140262 0)
(2.51893 0.298046 0)
(2.434 0.48743 0)
(2.40881 0.491003 0)
(2.4165 0.480925 0)
(2.4209 0.484127 0)
(2.4246 0.493938 0)
(2.42978 0.503257 0)
(2.43566 0.510043 0)
(2.43854 0.520373 0)
(2.44683 0.522083 0)
(2.45547 0.514609 0)
(2.45989 0.512912 0)
(2.4607 0.515375 0)
(2.45742 0.49717 0)
(2.44923 0.47318 0)
(2.42393 0.411002 0)
(2.38234 0.300785 0)
(2.31892 0.141132 0)
(2.30473 0.0494509 0)
(2.31081 0.000268394 0)
(2.28672 -0.0277795 0)
(2.2755 -0.0405962 0)
(2.27499 -0.0634345 0)
(2.28323 -0.0734537 0)
(3 4.59319e-10 0)
(3 1.08153e-05 0)
(2.77028 -0.148391 0)
(0.95068 -0.144044 0)
(0.800434 0.0868421 0)
(1.00541 0.205797 0)
(1.14778 0.265269 0)
(1.25059 0.268187 0)
(1.3195 0.238192 0)
(1.37541 0.202123 0)
(1.4306 0.170818 0)
(1.47765 0.140817 0)
(1.51587 0.110968 0)
(1.55435 0.0864873 0)
(1.59646 0.0685138 0)
(1.63935 0.0494961 0)
(1.67852 0.0315422 0)
(1.71507 0.0151937 0)
(1.74934 -0.00152333 0)
(1.78154 -0.0177666 0)
(1.81372 -0.0284178 0)
(1.84603 -0.0344199 0)
(1.87834 -0.0360627 0)
(1.91119 -0.0387926 0)
(1.94625 -0.0452835 0)
(1.97909 -0.0530309 0)
(2.00686 -0.0604732 0)
(2.03259 -0.068272 0)
(2.05879 -0.0765407 0)
(2.08622 -0.0850366 0)
(2.11442 -0.0940225 0)
(2.14204 -0.103314 0)
(2.16826 -0.112218 0)
(2.19307 -0.120127 0)
(2.21692 -0.128358 0)
(2.23967 -0.135734 0)
(2.2609 -0.142305 0)
(2.28075 -0.147813 0)
(2.29938 -0.150099 0)
(2.31761 -0.150572 0)
(2.33653 -0.149569 0)
(2.35674 -0.147325 0)
(2.37826 -0.142388 0)
(2.39941 -0.139095 0)
(2.41843 -0.138212 0)
(2.43363 -0.136379 0)
(2.44606 -0.138676 0)
(2.45928 -0.139667 0)
(2.47415 -0.14329 0)
(2.49023 -0.147962 0)
(2.50739 -0.147742 0)
(2.52493 -0.145483 0)
(2.54428 -0.136815 0)
(2.56123 -0.134861 0)
(2.57154 -0.130517 0)
(2.5748 -0.129676 0)
(2.58374 -0.131075 0)
(2.59991 -0.132479 0)
(2.61807 -0.139643 0)
(2.63525 -0.141219 0)
(2.64929 -0.146294 0)
(2.66021 -0.143056 0)
(2.66893 -0.136917 0)
(2.67753 -0.140902 0)
(2.68535 -0.145888 0)
(2.69046 -0.145012 0)
(2.69874 -0.138284 0)
(2.70868 -0.145086 0)
(2.72038 -0.139043 0)
(2.72855 -0.134192 0)
(2.72573 -0.122632 0)
(2.70015 -0.0625971 0)
(2.65628 0.0485988 0)
(2.54829 0.262181 0)
(2.49305 0.378457 0)
(2.44564 0.478606 0)
(2.42533 0.54912 0)
(2.42348 0.545505 0)
(2.42956 0.541625 0)
(2.44098 0.544533 0)
(2.44956 0.557604 0)
(2.45567 0.550211 0)
(2.45557 0.53954 0)
(2.45394 0.522226 0)
(2.44818 0.48307 0)
(2.42925 0.397657 0)
(2.4107 0.287894 0)
(2.34424 0.133738 0)
(2.29523 0.0491422 0)
(2.28518 -0.00236247 0)
(2.27853 -0.0558097 0)
(2.2725 -0.0651648 0)
(2.27583 -0.0581486 0)
(2.2804 -0.0587613 0)
(2.28781 -0.0587651 0)
(2.29912 -0.0482068 0)
(3 7.10503e-14 0)
(3 3.18306e-08 0)
(2.35125 -0.121309 0)
(0.788274 -0.113543 0)
(0.668614 -0.00927209 0)
(0.762356 0.0586977 0)
(0.872605 0.119845 0)
(0.985871 0.152421 0)
(1.0835 0.158606 0)
(1.16715 0.150213 0)
(1.24092 0.128602 0)
(1.30146 0.0995327 0)
(1.35429 0.0793308 0)
(1.40385 0.071423 0)
(1.45245 0.0681148 0)
(1.50211 0.0646915 0)
(1.54846 0.0568187 0)
(1.59117 0.0468637 0)
(1.63241 0.0339218 0)
(1.67305 0.0192261 0)
(1.71323 0.00644161 0)
(1.75313 -0.00369307 0)
(1.79323 -0.00873482 0)
(1.83188 -0.0125887 0)
(1.8687 -0.0188737 0)
(1.90429 -0.0269071 0)
(1.93862 -0.0354607 0)
(1.97246 -0.0435683 0)
(2.00666 -0.050718 0)
(2.04115 -0.0572548 0)
(2.07506 -0.0642742 0)
(2.10689 -0.0714846 0)
(2.13592 -0.0785593 0)
(2.16242 -0.0855333 0)
(2.18709 -0.0926624 0)
(2.21008 -0.098244 0)
(2.23173 -0.102284 0)
(2.25208 -0.104042 0)
(2.2715 -0.102799 0)
(2.29112 -0.101497 0)
(2.31178 -0.101257 0)
(2.33328 -0.101884 0)
(2.35494 -0.101348 0)
(2.37586 -0.102507 0)
(2.39431 -0.104781 0)
(2.40903 -0.10441 0)
(2.42075 -0.104736 0)
(2.43293 -0.102059 0)
(2.44924 -0.101208 0)
(2.46973 -0.101067 0)
(2.49153 -0.0989236 0)
(2.51197 -0.0979172 0)
(2.5294 -0.0947454 0)
(2.54313 -0.0959585 0)
(2.55184 -0.0961438 0)
(2.55806 -0.0980193 0)
(2.56714 -0.100237 0)
(2.58209 -0.101048 0)
(2.6001 -0.104772 0)
(2.61965 -0.101714 0)
(2.63846 -0.101074 0)
(2.65608 -0.0969758 0)
(2.67042 -0.0916313 0)
(2.67912 -0.0961277 0)
(2.67923 -0.102333 0)
(2.67553 -0.10566 0)
(2.68 -0.103113 0)
(2.69238 -0.106614 0)
(2.70868 -0.103028 0)
(2.72498 -0.101898 0)
(2.73486 -0.0954877 0)
(2.73783 -0.0906285 0)
(2.72345 -0.0574839 0)
(2.68242 0.0324461 0)
(2.63267 0.150568 0)
(2.51816 0.350721 0)
(2.46476 0.472715 0)
(2.47177 0.505137 0)
(2.4673 0.558011 0)
(2.45774 0.576543 0)
(2.44869 0.573005 0)
(2.44076 0.551094 0)
(2.42656 0.507717 0)
(2.40787 0.427919 0)
(2.39449 0.308361 0)
(2.36864 0.167149 0)
(2.35812 0.0873591 0)
(2.29357 0.0140322 0)
(2.26263 -0.010582 0)
(2.26869 -0.0326871 0)
(2.26629 -0.0463339 0)
(2.27183 -0.0459259 0)
(2.27902 -0.0411962 0)
(2.28928 -0.0446619 0)
(2.29411 -0.0462609 0)
(2.29995 -0.0323044 0)
(3 -2.04915e-15 0)
(3 4.35818e-11 0)
(2.2756 -0.038584 0)
(0.782936 -0.0755672 0)
(0.645994 -0.0183744 0)
(0.66327 0.0189854 0)
(0.710396 0.0606704 0)
(0.78544 0.0943433 0)
(0.873562 0.110207 0)
(0.961632 0.107295 0)
(1.04158 0.0898571 0)
(1.11049 0.0683274 0)
(1.17419 0.0554254 0)
(1.23642 0.049833 0)
(1.29586 0.0403769 0)
(1.35261 0.0291017 0)
(1.40661 0.0183981 0)
(1.45867 0.00701809 0)
(1.50998 -0.000887612 0)
(1.56108 -0.00572041 0)
(1.61256 -0.00959684 0)
(1.66192 -0.0125984 0)
(1.70756 -0.0139388 0)
(1.75203 -0.016479 0)
(1.79383 -0.0214652 0)
(1.83535 -0.0263209 0)
(1.87768 -0.0294744 0)
(1.92033 -0.0317396 0)
(1.96239 -0.0339878 0)
(2.00274 -0.0369757 0)
(2.04003 -0.0413092 0)
(2.07314 -0.0467895 0)
(2.10222 -0.0526355 0)
(2.12866 -0.0577073 0)
(2.154 -0.0609372 0)
(2.17883 -0.0618226 0)
(2.20273 -0.0616356 0)
(2.22446 -0.0607904 0)
(2.24387 -0.0599051 0)
(2.26276 -0.0607975 0)
(2.28288 -0.062983 0)
(2.30458 -0.0650796 0)
(2.32727 -0.0655021 0)
(2.3499 -0.0663071 0)
(2.37028 -0.0664829 0)
(2.38688 -0.064087 0)
(2.40068 -0.0617048 0)
(2.41482 -0.0583446 0)
(2.43261 -0.0575076 0)
(2.45309 -0.0581209 0)
(2.47387 -0.0581592 0)
(2.49375 -0.0588845 0)
(2.51176 -0.0581637 0)
(2.52651 -0.0601309 0)
(2.5355 -0.0615081 0)
(2.54169 -0.0627816 0)
(2.55258 -0.0628423 0)
(2.57034 -0.0610599 0)
(2.59121 -0.0615377 0)
(2.61301 -0.0582546 0)
(2.63414 -0.0572839 0)
(2.65197 -0.0550289 0)
(2.66469 -0.0527051 0)
(2.67138 -0.0554544 0)
(2.66845 -0.0563127 0)
(2.66491 -0.0609047 0)
(2.67232 -0.062438 0)
(2.68668 -0.0652618 0)
(2.70448 -0.0645456 0)
(2.72242 -0.0635256 0)
(2.73867 -0.0582121 0)
(2.75144 -0.0528204 0)
(2.74332 -0.0462331 0)
(2.73247 -0.0276027 0)
(2.72225 -0.00200603 0)
(2.67008 0.0953811 0)
(2.60531 0.243422 0)
(2.53346 0.435657 0)
(2.51438 0.539656 0)
(2.47965 0.555499 0)
(2.42016 0.497279 0)
(2.35881 0.38604 0)
(2.31045 0.248579 0)
(2.27648 0.109798 0)
(2.2367 -0.0098404 0)
(2.21058 -0.0772314 0)
(2.19657 -0.0719322 0)
(2.19895 -0.057665 0)
(2.21933 -0.0462933 0)
(2.24057 -0.0404304 0)
(2.25071 -0.0341965 0)
(2.2599 -0.0201501 0)
(2.27006 -0.0101214 0)
(2.2835 -0.0139571 0)
(2.28873 -0.0178284 0)
(2.2965 -0.0128433 0)
(3 -7.80964e-16 0)
(3 1.84531e-14 0)
(2.3229 -0.00794224 0)
(0.816925 -0.0273625 0)
(0.660354 -0.0148486 0)
(0.658339 -0.000411303 0)
(0.678333 0.00959604 0)
(0.719392 0.0229848 0)
(0.781612 0.0345563 0)
(0.854296 0.0413626 0)
(0.929223 0.0434479 0)
(1.00272 0.0433093 0)
(1.07467 0.042725 0)
(1.14579 0.0420784 0)
(1.21426 0.038059 0)
(1.27689 0.0319297 0)
(1.33598 0.0260333 0)
(1.39396 0.0211486 0)
(1.45219 0.0169777 0)
(1.50976 0.0133901 0)
(1.56843 0.0113694 0)
(1.62262 0.00518202 0)
(1.66934 0.00158523 0)
(1.71647 -0.000133291 0)
(1.76308 -0.00257553 0)
(1.80866 -0.00514938 0)
(1.85422 -0.00687371 0)
(1.89954 -0.00834459 0)
(1.94342 -0.0100057 0)
(1.98449 -0.0119053 0)
(2.02156 -0.0138897 0)
(2.05425 -0.0157487 0)
(2.0834 -0.0173279 0)
(2.11057 -0.0183841 0)
(2.13695 -0.0189977 0)
(2.16246 -0.0193493 0)
(2.18629 -0.0196089 0)
(2.20755 -0.0196285 0)
(2.22688 -0.0196177 0)
(2.24647 -0.0199556 0)
(2.26806 -0.0202896 0)
(2.29166 -0.0204529 0)
(2.31617 -0.0202416 0)
(2.34038 -0.0203958 0)
(2.3618 -0.0203217 0)
(2.37849 -0.0194212 0)
(2.3913 -0.0188021 0)
(2.40423 -0.0183872 0)
(2.42161 -0.0189042 0)
(2.44238 -0.0193949 0)
(2.46426 -0.0194074 0)
(2.48595 -0.0195876 0)
(2.50569 -0.0192187 0)
(2.52209 -0.0196894 0)
(2.53294 -0.019837 0)
(2.54126 -0.0200143 0)
(2.55368 -0.02016 0)
(2.57157 -0.0193364 0)
(2.5915 -0.0194117 0)
(2.61062 -0.0179673 0)
(2.62897 -0.0181537 0)
(2.64533 -0.0176099 0)
(2.65825 -0.0175467 0)
(2.66339 -0.0204826 0)
(2.65795 -0.0197683 0)
(2.6587 -0.0221006 0)
(2.6791 -0.0229385 0)
(2.69839 -0.0242385 0)
(2.71655 -0.0244984 0)
(2.73225 -0.0230957 0)
(2.74516 -0.0221695 0)
(2.74834 -0.0199935 0)
(2.7369 -0.0206332 0)
(2.72674 -0.0197999 0)
(2.74136 -0.0190368 0)
(2.74007 -0.0109473 0)
(2.71527 0.0295065 0)
(2.6362 0.113726 0)
(2.52264 0.226539 0)
(2.4239 0.277727 0)
(2.35222 0.263756 0)
(2.29296 0.287954 0)
(2.23274 0.242617 0)
(2.20855 0.192065 0)
(2.17332 0.111927 0)
(2.16667 0.0497854 0)
(2.17352 0.00946347 0)
(2.19387 -0.00755098 0)
(2.22539 -0.0169641 0)
(2.23384 -0.027406 0)
(2.23159 -0.022091 0)
(2.24306 -0.0137225 0)
(2.25892 -0.012912 0)
(2.2728 -0.0143669 0)
(2.27848 -0.0141136 0)
(2.28851 -0.0100085 0)
)
;

boundaryField
{
    inlet
    {
        type            fixedValue;
        value           uniform (3 0 0);
    }
    outlet
    {
        type            inletOutlet;
        inletValue      uniform (3 0 0);
        value           nonuniform List<vector> 
32
(
(2.24707 0.00804823 0)
(2.25762 0.00775746 0)
(2.26412 0.0196119 0)
(2.27165 0.0472668 0)
(2.29015 0.0705455 0)
(2.31177 0.0917674 0)
(2.32686 0.112048 0)
(2.34315 0.127818 0)
(2.35884 0.139556 0)
(2.36181 0.149358 0)
(2.35752 0.160259 0)
(2.3621 0.180682 0)
(2.37741 0.20084 0)
(2.39327 0.219573 0)
(2.40769 0.239988 0)
(2.41709 0.265503 0)
(2.43025 0.286963 0)
(2.43241 0.310367 0)
(2.44279 0.329861 0)
(2.44934 0.349014 0)
(2.46581 0.364134 0)
(2.48252 0.38018 0)
(2.49275 0.387357 0)
(2.45423 0.312774 0)
(2.34436 0.101644 0)
(2.28661 -0.026008 0)
(2.2648 -0.0897088 0)
(2.28323 -0.0734537 0)
(2.29912 -0.0482068 0)
(2.29995 -0.0323044 0)
(2.2965 -0.0128433 0)
(2.28851 -0.0100085 0)
)
;
    }
    bottom
    {
        type            symmetryPlane;
    }
    top
    {
        type            symmetryPlane;
    }
    obstacle
    {
        type            slip;
    }
    defaultFaces
    {
        type            empty;
    }
}


// ************************************************************************* //
