/*--------------------------------*- C++ -*----------------------------------*\
  =========                 |
  \\      /  F ield         | OpenFOAM: The Open Source CFD Toolbox
   \\    /   O peration     | Website:  https://openfoam.org
    \\  /    A nd           | Version:  7
     \\/     M anipulation  |
\*---------------------------------------------------------------------------*/
FoamFile
{
    version     2.0;
    format      ascii;
    class       volVectorField;
    location    "2.6";
    object      U;
}
// * * * * * * * * * * * * * * * * * * * * * * * * * * * * * * * * * * * * * //

dimensions      [0 1 -1 0 0 0 0];

internalField   nonuniform List<vector> 
4032
(
(3 6.85336e-18 0)
(3 -1.39506e-17 0)
(3 9.83265e-17 0)
(3 -1.44962e-18 0)
(3 9.59055e-17 0)
(3 2.61868e-16 0)
(3 2.6496e-16 0)
(3 4.88747e-16 0)
(3 4.08823e-16 0)
(3 2.48789e-16 0)
(3 2.90937e-16 0)
(3 -6.33633e-16 0)
(1.13645 0.0159271 0)
(0.718926 0.0158036 0)
(0.666634 0.0215266 0)
(0.610921 0.0239096 0)
(0.553155 0.0256812 0)
(0.493452 0.0274578 0)
(0.431114 0.0293797 0)
(0.365458 0.0316076 0)
(0.295529 0.0342431 0)
(0.219363 0.037975 0)
(0.136513 0.0406889 0)
(0.0504533 0.0454011 0)
(3 2.61978e-17 0)
(3 6.81808e-18 0)
(3 2.52408e-16 0)
(3 1.30763e-17 0)
(3 -3.80187e-16 0)
(3 -1.03248e-16 0)
(3 4.36116e-16 0)
(3 7.78932e-16 0)
(3 1.45366e-15 0)
(3 1.04121e-15 0)
(3 6.69703e-16 0)
(3 -1.11163e-15 0)
(1.16044 0.0721341 0)
(0.713456 0.0619466 0)
(0.655165 0.0676832 0)
(0.598281 0.0733472 0)
(0.539581 0.077773 0)
(0.479726 0.0830231 0)
(0.417798 0.0890925 0)
(0.35314 0.0964401 0)
(0.284773 0.104951 0)
(0.211145 0.116917 0)
(0.130841 0.125828 0)
(0.0485598 0.139627 0)
(3 -2.32835e-18 0)
(3 8.43544e-17 0)
(3 2.03514e-16 0)
(3 4.28266e-16 0)
(3 2.89724e-17 0)
(3 -2.94776e-16 0)
(3 -3.26869e-17 0)
(3 2.22128e-16 0)
(3 9.41239e-16 0)
(3 5.16668e-16 0)
(3 5.3518e-16 0)
(3 -1.66576e-16 0)
(1.23423 0.126338 0)
(0.724783 0.108167 0)
(0.660953 0.116493 0)
(0.602277 0.125177 0)
(0.541655 0.132017 0)
(0.480499 0.140148 0)
(0.417508 0.149486 0)
(0.351975 0.160959 0)
(0.282707 0.173987 0)
(0.209292 0.193093 0)
(0.128586 0.207475 0)
(0.0483176 0.22929 0)
(3 -1.7462e-16 0)
(3 3.5191e-17 0)
(3 3.6293e-17 0)
(3 5.09173e-16 0)
(3 9.91552e-16 0)
(3 5.71077e-16 0)
(3 -2.12685e-16 0)
(3 9.01254e-17 0)
(3 3.24905e-17 0)
(3 4.38103e-17 0)
(3 3.06677e-16 0)
(3 5.81703e-16 0)
(1.35298 0.17805 0)
(0.739967 0.157016 0)
(0.668683 0.166812 0)
(0.60998 0.178022 0)
(0.548903 0.187138 0)
(0.487552 0.198545 0)
(0.423699 0.211954 0)
(0.356569 0.228762 0)
(0.284847 0.246712 0)
(0.210497 0.272793 0)
(0.128128 0.292682 0)
(0.0467485 0.319755 0)
(3 -6.16706e-17 0)
(3 -3.07015e-16 0)
(3 -1.22266e-16 0)
(3 -4.68833e-17 0)
(3 1.07025e-16 0)
(3 2.03865e-16 0)
(3 -2.75782e-16 0)
(3 -5.46448e-16 0)
(3 -2.82638e-16 0)
(3 5.4177e-16 0)
(3 3.8918e-16 0)
(3 -3.108e-17 0)
(1.52952 0.227777 0)
(0.761302 0.210198 0)
(0.677423 0.218342 0)
(0.62068 0.230557 0)
(0.562304 0.241266 0)
(0.504755 0.255778 0)
(0.444738 0.273543 0)
(0.38149 0.296538 0)
(0.311497 0.31991 0)
(0.237313 0.353406 0)
(0.148798 0.382549 0)
(0.0566911 0.417624 0)
(3 7.42679e-17 0)
(3 1.56801e-16 0)
(3 3.56361e-16 0)
(3 6.25327e-17 0)
(3 -2.84799e-16 0)
(3 -3.85987e-16 0)
(3 7.33907e-16 0)
(3 3.84277e-16 0)
(3 3.5324e-16 0)
(3 -8.19308e-17 0)
(3 -6.29758e-16 0)
(3 -3.52107e-15 0)
(1.78038 0.274008 0)
(0.792781 0.271133 0)
(0.684509 0.271357 0)
(0.62654 0.281885 0)
(0.568965 0.293763 0)
(0.514751 0.311001 0)
(0.459564 0.332997 0)
(0.401978 0.363735 0)
(0.333 0.397587 0)
(0.254615 0.445326 0)
(0.161368 0.492937 0)
(0.0550051 0.536934 0)
(3 6.80099e-17 0)
(3 2.70303e-16 0)
(3 -7.16867e-17 0)
(3 -1.04695e-16 0)
(3 -7.47236e-19 0)
(3 1.23409e-15 0)
(3 1.64964e-15 0)
(3 2.15605e-15 0)
(3 1.48333e-15 0)
(3 8.60583e-16 0)
(3 5.07343e-16 0)
(3 -1.93945e-15 0)
(2.12577 0.313676 0)
(0.839109 0.348298 0)
(0.698861 0.332523 0)
(0.646869 0.341072 0)
(0.592777 0.350578 0)
(0.541054 0.367199 0)
(0.488365 0.390892 0)
(0.436939 0.428747 0)
(0.375937 0.475525 0)
(0.311791 0.536272 0)
(0.225337 0.602798 0)
(0.0986087 0.676378 0)
(3 6.84515e-17 0)
(3 -7.95479e-17 0)
(3 -2.35761e-16 0)
(3 -3.78948e-16 0)
(3 2.98132e-16 0)
(3 1.92562e-15 0)
(3 2.14228e-15 0)
(3 1.45118e-15 0)
(3 1.12183e-15 0)
(3 1.09665e-15 0)
(3 1.51461e-15 0)
(3 5.82279e-16 0)
(2.6243 0.284948 0)
(0.958446 0.430693 0)
(0.773274 0.367845 0)
(0.724458 0.380022 0)
(0.664991 0.397841 0)
(0.607385 0.420118 0)
(0.550218 0.447683 0)
(0.497227 0.489761 0)
(0.443871 0.544105 0)
(0.383159 0.630145 0)
(0.269525 0.761402 0)
(0.149267 0.935887 0)
(3 1.6317e-16 0)
(3 2.29806e-16 0)
(3 7.97635e-16 0)
(3 9.44503e-16 0)
(3 8.95017e-16 0)
(3 9.54134e-16 0)
(3 1.01917e-15 0)
(3 1.03935e-15 0)
(3 1.13966e-15 0)
(3 7.88937e-16 0)
(3 1.3277e-15 0)
(3 1.64314e-15 0)
(3.05104 0.0580358 0)
(1.16143 0.437452 0)
(0.848859 0.406574 0)
(0.806197 0.432542 0)
(0.751827 0.452714 0)
(0.695684 0.47579 0)
(0.637436 0.504165 0)
(0.58249 0.547637 0)
(0.53164 0.614439 0)
(0.490315 0.737728 0)
(0.459759 0.921001 0)
(0.576428 1.20967 0)
(3 1.06786e-16 0)
(3 -1.93274e-16 0)
(3 -4.07277e-16 0)
(3 -6.32842e-18 0)
(3 3.81266e-16 0)
(3 6.36157e-16 0)
(3 2.58854e-16 0)
(3 3.57171e-16 0)
(3 5.49694e-16 0)
(3 1.01068e-15 0)
(3 1.16008e-15 0)
(3 1.13311e-15 0)
(3.01231 0.00101953 0)
(1.34813 0.429198 0)
(0.857542 0.465172 0)
(0.806909 0.491722 0)
(0.764718 0.513265 0)
(0.72844 0.541723 0)
(0.692663 0.574895 0)
(0.655798 0.618556 0)
(0.629174 0.688906 0)
(0.621705 0.812424 0)
(0.682356 0.960332 0)
(0.965377 1.13704 0)
(3 -9.77083e-17 0)
(3 -1.39199e-16 0)
(3 -7.18903e-16 0)
(3 -8.32829e-16 0)
(3 -5.77255e-16 0)
(3 -7.41545e-16 0)
(3 -4.32702e-16 0)
(3 -3.96746e-16 0)
(3 -3.39258e-16 0)
(3 1.40621e-16 0)
(3 -5.08784e-17 0)
(3 -5.04118e-16 0)
(3.00012 -3.86381e-06 0)
(1.75233 0.473204 0)
(0.87871 0.521911 0)
(0.811541 0.529853 0)
(0.785099 0.550574 0)
(0.765291 0.578386 0)
(0.750188 0.615666 0)
(0.734032 0.661819 0)
(0.73417 0.731861 0)
(0.756341 0.839384 0)
(0.873891 0.960963 0)
(1.17848 1.07272 0)
(3 -1.38555e-16 0)
(3 1.21141e-16 0)
(3 1.99798e-16 0)
(3 -1.26742e-16 0)
(3 -7.66435e-16 0)
(3 -1.21994e-15 0)
(3 -1.0965e-15 0)
(3 -8.18094e-16 0)
(3 -3.05598e-16 0)
(3 -3.02167e-16 0)
(3 -5.72906e-16 0)
(3 -6.12111e-16 0)
(3.00001 -3.62993e-06 0)
(2.47126 0.412552 0)
(1.00438 0.605217 0)
(0.866556 0.556994 0)
(0.840663 0.575283 0)
(0.819896 0.604183 0)
(0.813577 0.645303 0)
(0.812493 0.694941 0)
(0.829981 0.761182 0)
(0.878112 0.846377 0)
(1.0155 0.939982 0)
(1.26855 1.00506 0)
(3 9.81658e-17 0)
(3 2.07735e-16 0)
(3 -6.13303e-18 0)
(3 -1.43466e-16 0)
(3 -6.98146e-16 0)
(3 -6.88968e-16 0)
(3 -5.98428e-16 0)
(3 -6.63907e-16 0)
(3 -4.08186e-16 0)
(3 -2.21244e-16 0)
(3 4.55566e-16 0)
(3 7.59623e-16 0)
(3 -7.44064e-07 0)
(3.08532 0.0702323 0)
(1.30484 0.604606 0)
(0.969357 0.586694 0)
(0.932215 0.608211 0)
(0.900078 0.634326 0)
(0.885535 0.671525 0)
(0.888673 0.718941 0)
(0.913265 0.778639 0)
(0.979984 0.849443 0)
(1.11901 0.917584 0)
(1.32596 0.95819 0)
(3 -8.51872e-17 0)
(3 -1.49019e-16 0)
(3 -2.90703e-16 0)
(3 -4.74839e-16 0)
(3 -6.15157e-16 0)
(3 -8.45818e-16 0)
(3 -5.57542e-16 0)
(3 -8.42615e-16 0)
(3 -5.2905e-16 0)
(3 5.59468e-17 0)
(3 8.04522e-17 0)
(3 4.04116e-16 0)
(3 -7.00179e-08 0)
(3.01353 0.00032386 0)
(1.61791 0.574376 0)
(0.996447 0.666114 0)
(0.95649 0.671103 0)
(0.938112 0.685638 0)
(0.9345 0.710178 0)
(0.948892 0.744567 0)
(0.983303 0.78713 0)
(1.05719 0.839651 0)
(1.18461 0.885978 0)
(1.34871 0.908723 0)
(3 -8.05246e-17 0)
(3 -9.90027e-17 0)
(3 -4.59018e-16 0)
(3 -5.37714e-16 0)
(3 -2.18858e-16 0)
(3 -3.42022e-16 0)
(3 -8.69086e-16 0)
(3 -8.11507e-16 0)
(3 -3.60882e-16 0)
(3 2.26601e-16 0)
(3 3.00964e-16 0)
(3 8.7396e-16 0)
(3 -1.97974e-09 0)
(3.00011 -3.09762e-06 0)
(2.42694 0.457943 0)
(1.11111 0.713834 0)
(1.00217 0.711406 0)
(0.987246 0.71463 0)
(0.986796 0.726585 0)
(1.00482 0.755774 0)
(1.04535 0.791081 0)
(1.12123 0.832381 0)
(1.23375 0.865626 0)
(1.3689 0.880525 0)
(3 4.90896e-16 0)
(3 6.27025e-16 0)
(3 6.36572e-16 0)
(3 5.26249e-16 0)
(3 6.48412e-16 0)
(3 2.14944e-16 0)
(3 -2.90206e-16 0)
(3 -4.87696e-16 0)
(3 -1.17306e-16 0)
(3 5.11744e-17 0)
(3 9.48662e-16 0)
(3 1.86595e-15 0)
(3 -4.23126e-12 0)
(3.00001 -4.86589e-06 0)
(3.07111 0.0668373 0)
(1.44779 0.710754 0)
(1.08799 0.729412 0)
(1.06443 0.729954 0)
(1.05412 0.745313 0)
(1.06595 0.764872 0)
(1.10224 0.788217 0)
(1.1712 0.817725 0)
(1.26642 0.840764 0)
(1.37975 0.850206 0)
(3 4.66674e-17 0)
(3 1.32452e-16 0)
(3 4.48453e-16 0)
(3 5.85788e-16 0)
(3 7.80749e-17 0)
(3 -3.0974e-16 0)
(3 -1.64876e-16 0)
(3 1.52929e-16 0)
(3 3.2326e-16 0)
(3 5.02937e-16 0)
(3 4.65929e-16 0)
(3 7.18741e-16 0)
(3 -3.45085e-15 0)
(3 -1.00222e-06 0)
(3.00967 0.00066744 0)
(2.01877 0.645796 0)
(1.1468 0.797884 0)
(1.10561 0.789756 0)
(1.11514 0.784833 0)
(1.12637 0.791274 0)
(1.15775 0.803154 0)
(1.21774 0.81937 0)
(1.29958 0.833415 0)
(1.39507 0.838716 0)
(3 -6.3026e-16 0)
(3 -7.24146e-16 0)
(3 -8.17163e-16 0)
(3 -6.75808e-16 0)
(3 -8.30365e-16 0)
(3 -2.34024e-16 0)
(3 4.83052e-16 0)
(3 7.07417e-16 0)
(3 7.45786e-16 0)
(3 2.61581e-16 0)
(3 -1.44891e-16 0)
(3 -1.27516e-17 0)
(3 -4.68985e-16 0)
(3 -8.05234e-08 0)
(3.00005 3.05316e-06 0)
(2.98103 0.19752 0)
(1.40115 0.782772 0)
(1.16496 0.788102 0)
(1.19089 0.794706 0)
(1.19882 0.80293 0)
(1.22515 0.808959 0)
(1.27274 0.816709 0)
(1.33852 0.824764 0)
(1.41785 0.827317 0)
(3 1.08182e-17 0)
(3 -1.91143e-16 0)
(3 -2.7143e-16 0)
(3 -6.42694e-16 0)
(3 -1.25577e-16 0)
(3 3.03184e-16 0)
(3 9.35767e-16 0)
(3 1.02338e-15 0)
(3 4.17719e-16 0)
(3 2.62851e-16 0)
(3 2.5691e-17 0)
(3 -4.61872e-16 0)
(3 -8.67672e-16 0)
(3 -3.86831e-10 0)
(3 -1.85348e-06 0)
(3.02793 0.0042486 0)
(1.83671 0.723871 0)
(1.1976 0.837151 0)
(1.20399 0.832162 0)
(1.2318 0.836565 0)
(1.26944 0.842235 0)
(1.31547 0.846363 0)
(1.37139 0.846544 0)
(1.43889 0.840565 0)
(3 4.39735e-16 0)
(3 5.29492e-16 0)
(3 5.16918e-16 0)
(3 9.2266e-17 0)
(3 4.85197e-16 0)
(3 4.27056e-16 0)
(3 2.47105e-16 0)
(3 4.83537e-16 0)
(3 1.43009e-16 0)
(3 2.11641e-16 0)
(3 -1.49942e-17 0)
(3 -1.00178e-15 0)
(3 -9.58078e-16 0)
(3 -5.67898e-13 0)
(3 -3.791e-07 0)
(3.0003 6.25302e-05 0)
(2.86027 0.316865 0)
(1.41551 0.849392 0)
(1.23758 0.819835 0)
(1.27723 0.830045 0)
(1.31446 0.840919 0)
(1.36112 0.845884 0)
(1.41213 0.844447 0)
(1.47139 0.836896 0)
(3 7.50837e-17 0)
(3 -6.02131e-17 0)
(3 1.15077e-17 0)
(3 -3.54468e-17 0)
(3 -1.01004e-16 0)
(3 -3.66185e-17 0)
(3 -7.99047e-17 0)
(3 -1.61502e-16 0)
(3 -2.57078e-16 0)
(3 -2.66585e-16 0)
(3 5.5459e-16 0)
(3 2.74953e-16 0)
(3 -1.06556e-16 0)
(3 -3.48624e-16 0)
(3 -3.11192e-08 0)
(3 4.14561e-09 0)
(3.03953 0.0123577 0)
(1.87457 0.756238 0)
(1.28168 0.86562 0)
(1.2936 0.86255 0)
(1.33432 0.864947 0)
(1.38064 0.867138 0)
(1.4321 0.864979 0)
(1.48699 0.859551 0)
(3 -2.4583e-16 0)
(3 -5.91763e-16 0)
(3 -5.37168e-16 0)
(3 2.66466e-16 0)
(3 3.13313e-17 0)
(3 2.44841e-17 0)
(3 1.47869e-16 0)
(3 -3.25157e-16 0)
(3 -4.61512e-16 0)
(3 -4.96904e-16 0)
(3 4.65009e-17 0)
(3 6.08207e-17 0)
(3 -3.12066e-16 0)
(3 2.96165e-17 0)
(3 -1.9686e-10 0)
(3 -8.10399e-09 0)
(3.00074 0.000301467 0)
(2.83987 0.32963 0)
(1.51594 0.894042 0)
(1.3227 0.857026 0)
(1.36802 0.859548 0)
(1.40755 0.86281 0)
(1.45622 0.862531 0)
(1.508 0.859265 0)
(3 -9.367e-17 0)
(3 -3.55365e-16 0)
(3 -2.9007e-16 0)
(3 1.40344e-16 0)
(3 4.55315e-16 0)
(3 7.59625e-16 0)
(3 4.95751e-16 0)
(3 -6.57282e-16 0)
(3 -1.07447e-15 0)
(3 -6.51524e-16 0)
(3 2.77324e-16 0)
(3 -1.48017e-16 0)
(3 -7.60743e-16 0)
(3 1.02536e-16 0)
(3 -4.70882e-13 0)
(3 -1.89744e-09 0)
(3 4.78261e-07 0)
(3.02998 0.0159267 0)
(2.0754 0.753442 0)
(1.389 0.899752 0)
(1.38943 0.893117 0)
(1.42579 0.886654 0)
(1.46625 0.882609 0)
(1.51399 0.875808 0)
(3 2.61505e-16 0)
(3 5.34859e-16 0)
(3 5.69672e-16 0)
(3 -2.99058e-17 0)
(3 7.62429e-17 0)
(3 -4.12387e-16 0)
(3 -6.84147e-16 0)
(3 -6.72961e-16 0)
(3 -1.16046e-15 0)
(3 -9.81689e-16 0)
(3 -7.806e-16 0)
(3 -2.94635e-16 0)
(3 -5.2697e-16 0)
(3 3.06817e-16 0)
(3 6.02401e-17 0)
(3 -1.81879e-10 0)
(3 -2.45236e-10 0)
(3.00051 0.000466248 0)
(2.91935 0.238298 0)
(1.71389 0.893581 0)
(1.42063 0.90114 0)
(1.46283 0.893058 0)
(1.49196 0.885441 0)
(1.53267 0.874194 0)
(3 -8.11404e-19 0)
(3 5.86052e-16 0)
(3 4.9408e-16 0)
(3 -6.58765e-16 0)
(3 -1.16918e-15 0)
(3 -1.56588e-15 0)
(3 -1.61009e-15 0)
(3 -8.70812e-16 0)
(3 -3.74706e-16 0)
(3 -4.72797e-16 0)
(3 -5.72415e-16 0)
(3 -5.29637e-16 0)
(3 2.43775e-16 0)
(3 -2.53536e-16 0)
(3 -4.94415e-16 0)
(3 -4.89881e-12 0)
(3 -1.16818e-10 0)
(3 9.55591e-07 0)
(3.01137 0.0127917 0)
(2.45876 0.637111 0)
(1.53343 0.94717 0)
(1.48673 0.92695 0)
(1.51644 0.909818 0)
(1.54919 0.8945 0)
(3 -9.67454e-17 0)
(3 -5.78032e-17 0)
(3 -3.33264e-17 0)
(3 2.36928e-16 0)
(3 -4.33797e-16 0)
(3 -9.29415e-16 0)
(3 -7.41849e-16 0)
(3 -4.58087e-16 0)
(3 2.59679e-17 0)
(3 -7.18764e-17 0)
(3 -4.00188e-16 0)
(3 -3.189e-16 0)
(3 3.23148e-16 0)
(3 2.08355e-18 0)
(3 2.18598e-16 0)
(3 -4.95974e-14 0)
(3 -2.65957e-11 0)
(3 1.90247e-10 0)
(3.00007 0.000281922 0)
(3.01207 0.100078 0)
(2.00179 0.824472 0)
(1.5436 0.935026 0)
(1.55813 0.923127 0)
(1.58569 0.904044 0)
(3 -2.38125e-16 0)
(3 -7.72976e-16 0)
(3 -3.013e-16 0)
(3 4.14333e-16 0)
(3 5.74021e-16 0)
(3 1.75134e-16 0)
(3 3.16712e-16 0)
(3 4.74695e-16 0)
(3 4.59659e-16 0)
(3 4.06694e-16 0)
(3 1.98201e-16 0)
(3 4.90771e-16 0)
(3 7.45716e-16 0)
(3 1.31248e-15 0)
(3 1.64126e-15 0)
(3 1.2185e-15 0)
(3 -2.23952e-12 0)
(3 -2.03557e-12 0)
(3 4.50635e-07 0)
(3.0023 0.00507191 0)
(2.78027 0.360326 0)
(1.79322 0.913484 0)
(1.58 0.949241 0)
(1.60807 0.934685 0)
(3 -1.26317e-16 0)
(3 -1.46636e-16 0)
(3 -8.05198e-17 0)
(3 -2.59117e-16 0)
(3 -1.41766e-16 0)
(3 4.717e-16 0)
(3 5.83294e-16 0)
(3 7.19112e-16 0)
(3 8.88716e-16 0)
(3 1.58537e-15 0)
(3 1.9148e-15 0)
(3 1.85773e-15 0)
(3 1.60061e-15 0)
(3 1.2921e-15 0)
(3 7.42922e-16 0)
(3 6.93411e-16 0)
(3 -3.04653e-14 0)
(3 -5.27028e-13 0)
(3 1.75281e-10 0)
(3 4.14643e-05 0)
(3.00419 0.0291271 0)
(2.4373 0.628008 0)
(1.69835 0.967369 0)
(1.61826 0.952838 0)
(3 1.04542e-17 0)
(3 4.04401e-16 0)
(3 6.47795e-16 0)
(3 4.15902e-16 0)
(3 2.73851e-16 0)
(3 2.8313e-16 0)
(3 1.07907e-16 0)
(3 -2.44598e-16 0)
(3 -4.69851e-17 0)
(3 3.50878e-16 0)
(3 3.66473e-16 0)
(3 3.68897e-16 0)
(3 1.77072e-16 0)
(3 -4.07377e-16 0)
(3 -9.03085e-16 0)
(3 -1.00256e-15 0)
(3 -3.53916e-16 0)
(3 -3.83932e-14 0)
(3 -1.09945e-14 0)
(3 3.48275e-08 0)
(3 0.000899511 0)
(2.97119 0.111073 0)
(2.1594 0.791411 0)
(1.68187 0.96073 0)
(3 2.1194e-16 0)
(3 7.4197e-17 0)
(3 -6.43761e-17 0)
(3 3.45557e-16 0)
(3 7.05444e-16 0)
(3 3.34444e-16 0)
(3 4.44123e-16 0)
(3 3.18024e-16 0)
(3 2.99577e-16 0)
(3 -3.98555e-17 0)
(3 -6.92804e-16 0)
(3 -8.54076e-16 0)
(3 -7.01906e-16 0)
(3 -5.8682e-16 0)
(3 -4.42099e-16 0)
(3 -6.65375e-16 0)
(3 1.06539e-16 0)
(3 -1.3854e-15 0)
(3 -3.22285e-15 0)
(3 1.4157e-11 0)
(3 2.3863e-06 0)
(3.00012 0.00603468 0)
(2.83648 0.286869 0)
(1.98122 0.872119 0)
(3 2.06091e-16 0)
(3 -1.89054e-16 0)
(3 -1.01283e-15 0)
(3 -7.80498e-16 0)
(3 2.79805e-16 0)
(3 6.36619e-16 0)
(3 6.72621e-16 0)
(3 9.95631e-16 0)
(3 9.57399e-16 0)
(3 4.09228e-16 0)
(3 -2.69959e-16 0)
(3 -3.81921e-17 0)
(3 2.58448e-16 0)
(3 -1.03729e-17 0)
(3 -7.3459e-16 0)
(3 -9.95049e-16 0)
(3 -8.91096e-16 0)
(3 -6.69954e-16 0)
(3 -1.43523e-16 0)
(3 2.81849e-15 0)
(3 1.777e-09 0)
(2.99999 4.94619e-05 0)
(2.99769 0.022415 0)
(2.62393 0.475018 0)
(3 -1.57435e-16 0)
(3 -4.38868e-16 0)
(3 -2.5061e-16 0)
(3 3.55897e-17 0)
(3 4.71454e-16 0)
(3 7.38066e-16 0)
(3 6.0635e-16 0)
(3 7.90274e-16 0)
(3 6.13066e-16 0)
(3 3.09018e-16 0)
(3 2.94782e-16 0)
(3 3.54812e-16 0)
(3 4.08835e-16 0)
(3 1.63543e-16 0)
(3 2.06476e-16 0)
(3 2.08783e-16 0)
(3 -7.17001e-16 0)
(3 -8.04793e-16 0)
(3 -2.1585e-16 0)
(3 -9.55141e-16 0)
(3 3.76107e-13 0)
(3 5.61655e-08 0)
(2.9999 0.000502252 0)
(2.98412 0.0556074 0)
(3 5.28115e-17 0)
(3 5.08528e-16 0)
(3 7.45413e-16 0)
(3 -1.41992e-16 0)
(3 -3.64125e-16 0)
(3 2.61405e-16 0)
(3 1.22827e-15 0)
(3 1.48567e-15 0)
(3 1.37447e-15 0)
(3 1.14612e-15 0)
(3 6.27145e-16 0)
(3 1.29006e-16 0)
(3 -6.63803e-17 0)
(3 4.95789e-16 0)
(3 5.0535e-16 0)
(3 2.25329e-16 0)
(3 -2.13664e-16 0)
(3 -3.35789e-16 0)
(3 -4.21502e-16 0)
(3 -1.1902e-15 0)
(3 -5.145e-16 0)
(3 2.83676e-11 0)
(3 1.06245e-06 0)
(2.99966 0.0022918 0)
(3 1.69341e-16 0)
(3 3.11119e-16 0)
(3 1.75269e-16 0)
(3 -3.61507e-16 0)
(3 -4.82301e-16 0)
(3 3.78937e-16 0)
(3 1.05752e-15 0)
(3 1.41909e-15 0)
(3 2.18399e-15 0)
(3 1.77818e-15 0)
(3 3.90417e-16 0)
(3 9.27703e-17 0)
(3 1.0069e-16 0)
(3 4.1633e-16 0)
(3 5.85027e-17 0)
(3 -1.60699e-16 0)
(3 8.64247e-16 0)
(3 1.13996e-15 0)
(3 1.22595e-15 0)
(3 9.96824e-16 0)
(3 6.57952e-16 0)
(3 2.9689e-15 0)
(3 9.64903e-10 0)
(3 9.51845e-06 0)
(3 1.86079e-17 0)
(3 1.72172e-17 0)
(3 6.41579e-18 0)
(3 2.71685e-16 0)
(3 3.11783e-16 0)
(3 3.77201e-16 0)
(3 1.45748e-16 0)
(3 -2.10538e-16 0)
(3 -5.19673e-16 0)
(3 -1.09431e-16 0)
(3 -2.85337e-16 0)
(3 -2.9237e-16 0)
(3 3.07781e-16 0)
(3 3.15338e-16 0)
(3 9.68473e-16 0)
(3 1.18002e-15 0)
(3 1.20896e-15 0)
(3 1.26025e-15 0)
(3 1.27996e-15 0)
(3 1.68372e-15 0)
(3 1.52881e-15 0)
(3 6.68444e-16 0)
(3 1.30778e-13 0)
(3 1.16403e-08 0)
(3 3.71292e-17 0)
(3 2.34902e-17 0)
(3 -7.92646e-17 0)
(3 2.94931e-16 0)
(3 1.1235e-16 0)
(3 -4.97822e-16 0)
(3 -1.09522e-15 0)
(3 -1.63453e-15 0)
(3 -1.80558e-15 0)
(3 -1.91918e-15 0)
(3 -6.25587e-16 0)
(3 -8.23347e-16 0)
(3 -6.92599e-16 0)
(3 4.26281e-19 0)
(3 9.14352e-16 0)
(3 1.30122e-15 0)
(3 9.10668e-16 0)
(3 3.67521e-16 0)
(3 1.10573e-19 0)
(3 6.37094e-16 0)
(3 2.69286e-16 0)
(3 1.06661e-16 0)
(3 2.95022e-16 0)
(3 3.18439e-12 0)
(3 -1.93864e-16 0)
(3 -4.31084e-16 0)
(3 -2.33223e-16 0)
(3 3.97135e-16 0)
(3 -3.57237e-16 0)
(3 -7.44064e-16 0)
(3 -8.56503e-16 0)
(3 -9.59861e-16 0)
(3 -9.77224e-16 0)
(3 -1.03936e-15 0)
(3 -6.773e-16 0)
(3 -8.1283e-16 0)
(3 -1.47085e-15 0)
(3 -1.29357e-15 0)
(3 -6.14869e-16 0)
(3 4.33388e-16 0)
(3 1.61509e-15 0)
(3 1.40529e-15 0)
(3 4.67674e-16 0)
(3 -1.71366e-16 0)
(3 -6.45704e-16 0)
(3 -6.37999e-16 0)
(3 -1.48397e-15 0)
(3 -7.85069e-16 0)
(3 -2.08584e-16 0)
(3 -4.04933e-16 0)
(3 -3.0528e-17 0)
(3 5.69534e-17 0)
(3 -1.28399e-16 0)
(3 -4.96237e-17 0)
(3 -4.47149e-16 0)
(3 -4.92737e-16 0)
(3 -6.79973e-16 0)
(3 -4.19912e-16 0)
(3 -7.56482e-16 0)
(3 -7.41636e-16 0)
(3 -1.00159e-15 0)
(3 -1.55868e-15 0)
(3 -1.3954e-15 0)
(3 9.8758e-19 0)
(3 8.04552e-17 0)
(3 -1.2662e-16 0)
(3 -3.39103e-16 0)
(3 -1.2443e-15 0)
(3 -1.78906e-15 0)
(3 -1.97771e-15 0)
(3 -2.52288e-15 0)
(3 -1.87157e-15 0)
(3 -1.47734e-16 0)
(3 8.88349e-17 0)
(3 3.45402e-16 0)
(3 2.47105e-16 0)
(3 3.47782e-16 0)
(3 1.54296e-16 0)
(3 -8.23726e-16 0)
(3 -1.11266e-15 0)
(3 -1.03751e-15 0)
(3 -6.56555e-16 0)
(3 -6.99556e-16 0)
(3 -1.59388e-15 0)
(3 -1.78014e-15 0)
(3 -1.14485e-15 0)
(3 -7.73139e-16 0)
(3 -1.17622e-15 0)
(3 -2.667e-15 0)
(3 -2.5079e-15 0)
(3 -2.10724e-15 0)
(3 -2.25277e-15 0)
(3 -2.62851e-15 0)
(3 -2.98576e-15 0)
(3 -1.79254e-15 0)
(3 -1.46751e-15 0)
(3 -1.0841e-17 0)
(3 2.57085e-16 0)
(3 4.00451e-16 0)
(3 2.60046e-16 0)
(3 2.22735e-16 0)
(3 8.23595e-17 0)
(3 -3.68443e-16 0)
(3 -4.28736e-16 0)
(3 -4.39717e-16 0)
(3 -3.05987e-16 0)
(3 -6.0038e-16 0)
(3 -1.27104e-15 0)
(3 -1.49582e-15 0)
(3 -1.05034e-15 0)
(3 -8.44227e-16 0)
(3 -1.21207e-15 0)
(3 -7.09418e-16 0)
(3 -3.97304e-16 0)
(3 -4.07621e-16 0)
(3 -5.55101e-16 0)
(3 -9.56585e-16 0)
(3 -1.11276e-15 0)
(3 -1.98764e-16 0)
(3 -4.69249e-16 0)
(1.52025 1.26602 0)
(1.83865 1.45422 0)
(2.25915 1.20075 0)
(2.69661 0.766026 0)
(2.59467 0.321231 0)
(2.59952 0.0256088 0)
(2.54686 -0.221716 0)
(2.46712 -0.4146 0)
(2.46502 -0.431039 0)
(2.48111 -0.273525 0)
(2.46261 -0.224597 0)
(2.44083 -0.186227 0)
(2.40952 -0.146155 0)
(2.37512 -0.128712 0)
(2.39137 -0.115946 0)
(2.41885 -0.086819 0)
(2.42151 -0.0722652 0)
(2.40823 -0.0444797 0)
(2.37774 -0.0165312 0)
(2.37035 -0.0124368 0)
(2.36641 -0.0133164 0)
(2.38427 -0.013369 0)
(2.42172 -0.0110624 0)
(2.43215 -0.0108455 0)
(2.42568 -0.0106039 0)
(2.40451 -0.00936932 0)
(2.37848 -0.00387679 0)
(2.36956 -0.00106104 0)
(2.36651 0.000466229 0)
(2.38498 -0.0021357 0)
(2.40672 -0.00800032 0)
(2.41028 -0.00989246 0)
(2.41316 -0.00776406 0)
(2.40468 -0.000741497 0)
(2.39659 -0.0046812 0)
(2.3152 -0.0638253 0)
(1.31221 -0.104709 0)
(0.991078 -0.109102 0)
(1.06307 -0.0893184 0)
(1.13832 -0.0743072 0)
(1.21361 -0.0506546 0)
(1.2776 -0.0323458 0)
(1.32641 -0.0234171 0)
(1.36404 -0.0202994 0)
(1.39702 -0.0188997 0)
(1.42507 -0.0179793 0)
(1.45618 -0.0165373 0)
(1.49083 -0.0151361 0)
(1.53079 -0.0124508 0)
(1.57202 -0.00845349 0)
(1.60443 -0.00430588 0)
(1.62954 -0.00106918 0)
(1.6533 0.00169197 0)
(1.67773 0.00345081 0)
(1.70444 0.00368106 0)
(1.73017 0.00119027 0)
(1.75269 -0.0021394 0)
(1.77517 -0.00287197 0)
(1.79607 -0.0023246 0)
(1.814 0.000250132 0)
(1.82955 0.00415916 0)
(1.84496 0.00699336 0)
(1.86385 0.00773459 0)
(1.88369 0.0078088 0)
(1.90541 0.00727958 0)
(1.93194 0.00553206 0)
(1.95725 0.00216488 0)
(1.97833 0.000360951 0)
(1.99962 -0.000260149 0)
(2.01887 -0.000293435 0)
(2.03053 0.00145005 0)
(2.033 0.00478677 0)
(2.03814 0.00767534 0)
(2.05173 0.00871868 0)
(2.0694 0.00891213 0)
(2.0872 0.00896269 0)
(2.10618 0.00876635 0)
(2.12698 0.00814129 0)
(2.1455 0.00769313 0)
(2.16343 0.00715755 0)
(2.17594 0.00637924 0)
(2.17656 0.00722091 0)
(2.17902 0.00834554 0)
(2.19435 0.00853245 0)
(2.21221 0.00853422 0)
(2.23028 0.00830392 0)
(2.2495 0.00730754 0)
(2.2685 0.00683066 0)
(2.2869 0.0067213 0)
(2.29773 0.00707195 0)
(2.29243 0.00798961 0)
(2.29297 0.00885875 0)
(2.30866 0.0090841 0)
(2.32672 0.00916894 0)
(2.34257 0.00904097 0)
(2.37278 0.00851229 0)
(1.77393 1.08157 0)
(2.25976 0.90458 0)
(2.55621 0.476804 0)
(2.69501 -0.0273496 0)
(2.71308 -0.233799 0)
(2.75602 -0.388184 0)
(2.71987 -0.605682 0)
(2.73457 -0.684879 0)
(2.70059 -0.635263 0)
(2.62792 -0.511249 0)
(2.58118 -0.347802 0)
(2.56299 -0.25189 0)
(2.52524 -0.179767 0)
(2.48615 -0.115909 0)
(2.46552 -0.0674345 0)
(2.46711 -0.0446917 0)
(2.44563 -0.0300967 0)
(2.44113 -0.0250953 0)
(2.43656 -0.0022116 0)
(2.43161 -0.00139902 0)
(2.4229 -0.00578419 0)
(2.42653 0.00439456 0)
(2.44071 0.0179621 0)
(2.44432 0.0117499 0)
(2.44198 -0.0113092 0)
(2.42826 -0.0311365 0)
(2.42061 -0.02775 0)
(2.41425 -0.00885439 0)
(2.41472 0.0115739 0)
(2.41526 0.0191968 0)
(2.42015 0.0102426 0)
(2.43221 -0.00609955 0)
(2.43605 -0.00883125 0)
(2.43036 -0.0184019 0)
(2.39667 -0.0865407 0)
(2.11826 -0.438316 0)
(1.74829 -0.349556 0)
(1.24766 -0.122136 0)
(1.20004 -0.0296352 0)
(1.23439 -0.0277978 0)
(1.28182 -0.0281634 0)
(1.33505 -0.0154357 0)
(1.37344 -0.0169795 0)
(1.40626 -0.0115971 0)
(1.42962 -0.0147738 0)
(1.45546 -0.0190601 0)
(1.4854 -0.0182492 0)
(1.51703 -0.0164579 0)
(1.55259 -0.0148722 0)
(1.59166 -0.0129989 0)
(1.62462 -0.00842628 0)
(1.6503 -0.00226471 0)
(1.67377 0.00730394 0)
(1.6941 0.0179244 0)
(1.71372 0.0214669 0)
(1.73437 0.0179287 0)
(1.75722 0.00812984 0)
(1.78063 -0.00302166 0)
(1.80248 -0.0089132 0)
(1.82546 -0.00901224 0)
(1.84649 -0.00183523 0)
(1.86254 0.0111946 0)
(1.87437 0.0230929 0)
(1.89024 0.0271146 0)
(1.90939 0.0267343 0)
(1.93216 0.0220203 0)
(1.95747 0.0146332 0)
(1.98028 0.00843691 0)
(2.00077 0.00391688 0)
(2.01981 -0.00151598 0)
(2.03424 -0.00646656 0)
(2.04298 -0.00398712 0)
(2.05079 0.00607767 0)
(2.06162 0.0169009 0)
(2.07587 0.0234989 0)
(2.09244 0.0265725 0)
(2.10952 0.0281142 0)
(2.12719 0.0279136 0)
(2.14513 0.0250018 0)
(2.16205 0.0200508 0)
(2.1765 0.0129496 0)
(2.18553 0.00928776 0)
(2.19093 0.0164551 0)
(2.20108 0.0240631 0)
(2.2164 0.0266957 0)
(2.23418 0.0269462 0)
(2.25311 0.0256786 0)
(2.27261 0.0216133 0)
(2.29119 0.016489 0)
(2.30497 0.0121827 0)
(2.30535 0.0158565 0)
(2.30032 0.0252477 0)
(2.31068 0.0290544 0)
(2.32846 0.0298577 0)
(2.3435 0.0300812 0)
(2.37054 0.0282722 0)
(1.66981 1.04825 0)
(2.11513 0.80155 0)
(2.30379 0.69515 0)
(2.43863 0.472572 0)
(2.61914 0.103036 0)
(2.70613 -0.0306456 0)
(2.73102 -0.118229 0)
(2.74957 -0.294664 0)
(2.73603 -0.373237 0)
(2.73884 -0.395649 0)
(2.74912 -0.437286 0)
(2.75278 -0.475093 0)
(2.73136 -0.427661 0)
(2.70468 -0.353966 0)
(2.68421 -0.320934 0)
(2.64001 -0.269011 0)
(2.56851 -0.159536 0)
(2.53892 -0.117836 0)
(2.53011 -0.0893378 0)
(2.53782 -0.060177 0)
(2.52784 -0.0225971 0)
(2.51173 -0.00652935 0)
(2.50101 0.00666529 0)
(2.48537 0.0205066 0)
(2.47553 0.0141134 0)
(2.47415 -0.00697132 0)
(2.48596 -0.0379991 0)
(2.49039 -0.040859 0)
(2.48951 -0.0315337 0)
(2.48178 -0.0160009 0)
(2.47429 -0.000734338 0)
(2.47566 0.00440994 0)
(2.47094 -0.00469495 0)
(2.43669 -0.0717419 0)
(2.24392 -0.312765 0)
(1.93587 -0.587266 0)
(1.94169 -0.656147 0)
(1.69158 -0.391273 0)
(1.42221 -0.137883 0)
(1.38885 -0.0491668 0)
(1.40871 -0.0133076 0)
(1.44188 -0.0328233 0)
(1.4637 -0.0626474 0)
(1.49459 -0.0630026 0)
(1.51277 -0.0536531 0)
(1.5295 -0.036896 0)
(1.55098 -0.0250933 0)
(1.57682 -0.0184331 0)
(1.60724 -0.0176654 0)
(1.64019 -0.0175004 0)
(1.66821 -0.0155793 0)
(1.69195 -0.0127709 0)
(1.71481 -0.00649039 0)
(1.73536 0.00444014 0)
(1.75049 0.0174694 0)
(1.761 0.0249522 0)
(1.77692 0.0221161 0)
(1.79717 0.0142627 0)
(1.8216 0.00536545 0)
(1.84766 5.02349e-05 0)
(1.86998 -0.000555448 0)
(1.89072 0.0038798 0)
(1.90676 0.0163777 0)
(1.91563 0.0304998 0)
(1.92674 0.0355164 0)
(1.94598 0.0343829 0)
(1.96705 0.0299815 0)
(1.98757 0.0242157 0)
(2.00655 0.0188808 0)
(2.02353 0.0135105 0)
(2.0392 0.0093233 0)
(2.0547 0.00844241 0)
(2.06815 0.0128039 0)
(2.08012 0.0219047 0)
(2.09315 0.0317807 0)
(2.10775 0.0386972 0)
(2.12313 0.0420793 0)
(2.1385 0.0429169 0)
(2.15279 0.0411825 0)
(2.16567 0.0365901 0)
(2.1766 0.0312424 0)
(2.18882 0.0276895 0)
(2.20317 0.0280626 0)
(2.21683 0.033186 0)
(2.22992 0.0388552 0)
(2.24463 0.0409752 0)
(2.26058 0.0403383 0)
(2.2762 0.0378529 0)
(2.29063 0.0334403 0)
(2.30314 0.0286465 0)
(2.31253 0.0272852 0)
(2.31729 0.0344566 0)
(2.32263 0.0446854 0)
(2.33607 0.0494007 0)
(2.35119 0.0500413 0)
(2.37706 0.0484671 0)
(1.61274 0.971858 0)
(1.90254 0.866972 0)
(2.11937 0.746736 0)
(2.33378 0.502419 0)
(2.4707 0.27614 0)
(2.55783 0.166941 0)
(2.61424 0.0791918 0)
(2.69036 -0.108941 0)
(2.71968 -0.277805 0)
(2.71561 -0.346287 0)
(2.75804 -0.416256 0)
(2.77699 -0.49554 0)
(2.79597 -0.518794 0)
(2.79735 -0.499315 0)
(2.76299 -0.45347 0)
(2.72041 -0.415548 0)
(2.66467 -0.321206 0)
(2.6434 -0.270748 0)
(2.64476 -0.247228 0)
(2.64422 -0.198492 0)
(2.62783 -0.120477 0)
(2.58967 -0.0771067 0)
(2.55909 -0.0519075 0)
(2.53937 -0.0185799 0)
(2.52907 -0.00494267 0)
(2.51583 -0.00812564 0)
(2.52522 -0.0078194 0)
(2.55008 0.00275358 0)
(2.5531 0.00365467 0)
(2.54632 -0.00141179 0)
(2.52969 0.00126243 0)
(2.51985 -0.00858328 0)
(2.47457 -0.0657136 0)
(2.34692 -0.257417 0)
(1.9881 -0.568744 0)
(1.91072 -0.633728 0)
(1.95844 -0.683643 0)
(1.93703 -0.634932 0)
(1.7805 -0.419967 0)
(1.61471 -0.170497 0)
(1.53509 -0.0514758 0)
(1.51681 -0.0104866 0)
(1.54095 -0.0102435 0)
(1.57695 -0.0277722 0)
(1.59939 -0.0312125 0)
(1.61073 -0.0262733 0)
(1.62639 -0.0201969 0)
(1.64732 -0.0163843 0)
(1.67288 -0.00841474 0)
(1.69962 0.00128044 0)
(1.72159 0.00397329 0)
(1.74277 0.00707916 0)
(1.76348 0.0112352 0)
(1.78296 0.0139231 0)
(1.798 0.0159476 0)
(1.80619 0.019252 0)
(1.81553 0.0205503 0)
(1.83452 0.0191044 0)
(1.85558 0.0176191 0)
(1.87906 0.0159659 0)
(1.90199 0.0161709 0)
(1.92337 0.0167149 0)
(1.94302 0.0187081 0)
(1.95504 0.0253287 0)
(1.95808 0.0337509 0)
(1.96922 0.0337324 0)
(1.98859 0.0289778 0)
(2.00724 0.0224568 0)
(2.02502 0.0183193 0)
(2.04229 0.016875 0)
(2.0595 0.0187134 0)
(2.07622 0.0232023 0)
(2.09132 0.0298746 0)
(2.10428 0.0378648 0)
(2.11593 0.044958 0)
(2.12797 0.0488894 0)
(2.14111 0.0497272 0)
(2.15442 0.0487571 0)
(2.16643 0.046604 0)
(2.17634 0.0442475 0)
(2.18752 0.0442033 0)
(2.2019 0.0470525 0)
(2.21724 0.0493839 0)
(2.23218 0.0515381 0)
(2.24505 0.0543418 0)
(2.25665 0.0560686 0)
(2.26937 0.0549346 0)
(2.28289 0.0514702 0)
(2.29593 0.0464906 0)
(2.30879 0.0416325 0)
(2.3225 0.0397228 0)
(2.33592 0.0425589 0)
(2.34609 0.0518016 0)
(2.35179 0.0651739 0)
(2.36254 0.0670257 0)
(2.3849 0.0641135 0)
(1.56857 0.93409 0)
(1.80488 0.850152 0)
(1.99037 0.76645 0)
(2.17351 0.607449 0)
(2.31075 0.437022 0)
(2.4063 0.330338 0)
(2.52451 0.155103 0)
(2.58261 0.026354 0)
(2.60776 0.00675867 0)
(2.62158 -0.0554917 0)
(2.68028 -0.184861 0)
(2.70287 -0.29084 0)
(2.72074 -0.345044 0)
(2.75092 -0.381409 0)
(2.76751 -0.408655 0)
(2.74435 -0.399938 0)
(2.73013 -0.38418 0)
(2.7135 -0.379464 0)
(2.70433 -0.369241 0)
(2.69442 -0.324911 0)
(2.68058 -0.239114 0)
(2.65939 -0.18098 0)
(2.63592 -0.151572 0)
(2.60094 -0.110877 0)
(2.5783 -0.0656631 0)
(2.56522 -0.0414052 0)
(2.56135 -0.0343546 0)
(2.58177 -0.0283303 0)
(2.58136 -0.0166972 0)
(2.57049 -0.000406146 0)
(2.5587 -0.00832589 0)
(2.49471 -0.0817848 0)
(2.29192 -0.337419 0)
(2.10302 -0.499907 0)
(1.96159 -0.621283 0)
(1.94354 -0.66949 0)
(1.96695 -0.67117 0)
(1.99188 -0.661976 0)
(1.99054 -0.60866 0)
(1.91263 -0.45716 0)
(1.75725 -0.231192 0)
(1.62776 -0.0739395 0)
(1.59936 -0.0405597 0)
(1.61678 -0.0217777 0)
(1.64825 -0.00891481 0)
(1.66448 -0.0106681 0)
(1.68071 -0.0193636 0)
(1.70223 -0.0197563 0)
(1.72351 -0.0144339 0)
(1.74608 -0.00162105 0)
(1.76652 0.0121616 0)
(1.78517 0.0189795 0)
(1.80313 0.0211198 0)
(1.82119 0.0215381 0)
(1.83754 0.0215674 0)
(1.84959 0.0237654 0)
(1.85812 0.02826 0)
(1.87251 0.0291971 0)
(1.89192 0.0273163 0)
(1.91261 0.0243376 0)
(1.93319 0.0242379 0)
(1.95395 0.0252629 0)
(1.97398 0.0273072 0)
(1.9902 0.0314422 0)
(1.99748 0.0405822 0)
(1.99832 0.0494379 0)
(2.01056 0.0473017 0)
(2.02865 0.0410409 0)
(2.04626 0.0348643 0)
(2.06427 0.0331255 0)
(2.08304 0.0341805 0)
(2.10169 0.0386958 0)
(2.11895 0.0463478 0)
(2.13291 0.0553302 0)
(2.14189 0.0626463 0)
(2.14841 0.0642677 0)
(2.1574 0.060218 0)
(2.16878 0.05416 0)
(2.1806 0.0493078 0)
(2.19365 0.0486838 0)
(2.20915 0.0527622 0)
(2.22452 0.0587073 0)
(2.23878 0.0646888 0)
(2.25122 0.0695011 0)
(2.26113 0.0724508 0)
(2.26915 0.0727598 0)
(2.27846 0.0697053 0)
(2.29007 0.0644699 0)
(2.30322 0.0593619 0)
(2.31835 0.0561875 0)
(2.33507 0.0555916 0)
(2.35199 0.0568965 0)
(2.36711 0.0608038 0)
(2.37596 0.0721209 0)
(2.37665 0.0845133 0)
(2.3892 0.0821948 0)
(1.54028 0.89123 0)
(1.73379 0.836486 0)
(1.89785 0.769251 0)
(2.06861 0.639634 0)
(2.19375 0.516593 0)
(2.27639 0.455843 0)
(2.38365 0.336172 0)
(2.48834 0.16929 0)
(2.53916 0.0630902 0)
(2.58197 0.018134 0)
(2.60165 -0.0305681 0)
(2.63382 -0.134249 0)
(2.67466 -0.222399 0)
(2.69994 -0.289216 0)
(2.72249 -0.361767 0)
(2.73735 -0.418693 0)
(2.75023 -0.434293 0)
(2.74437 -0.401511 0)
(2.73044 -0.384602 0)
(2.72078 -0.38262 0)
(2.70629 -0.366268 0)
(2.69376 -0.331059 0)
(2.68145 -0.29618 0)
(2.66786 -0.252148 0)
(2.63344 -0.164609 0)
(2.6162 -0.0911821 0)
(2.60321 -0.0670939 0)
(2.59983 -0.0610469 0)
(2.59052 -0.03515 0)
(2.58974 -0.0238901 0)
(2.53802 -0.077406 0)
(2.25185 -0.362873 0)
(2.07108 -0.58145 0)
(1.97161 -0.610397 0)
(1.96547 -0.659625 0)
(1.97955 -0.669942 0)
(1.99316 -0.668231 0)
(2.01383 -0.661383 0)
(2.03646 -0.651691 0)
(2.02941 -0.60825 0)
(1.97915 -0.496384 0)
(1.84425 -0.296816 0)
(1.69175 -0.11348 0)
(1.66474 -0.0409523 0)
(1.67606 -0.011234 0)
(1.68383 0.00399007 0)
(1.70694 -0.00261212 0)
(1.72954 -0.00706465 0)
(1.75199 -0.00419213 0)
(1.77347 0.00910652 0)
(1.79128 0.0235313 0)
(1.80753 0.0292862 0)
(1.82432 0.0308332 0)
(1.84268 0.028864 0)
(1.86153 0.0275257 0)
(1.87937 0.0286411 0)
(1.89379 0.0338958 0)
(1.90385 0.0415529 0)
(1.91813 0.0434712 0)
(1.93673 0.0413351 0)
(1.95524 0.0382504 0)
(1.97416 0.0368609 0)
(1.9941 0.0371559 0)
(2.0136 0.0386575 0)
(2.029 0.0430007 0)
(2.03496 0.0529718 0)
(2.03601 0.0607899 0)
(2.04886 0.0581417 0)
(2.06638 0.0543712 0)
(2.08485 0.0522796 0)
(2.10396 0.0532391 0)
(2.12361 0.0561942 0)
(2.14299 0.0607617 0)
(2.15945 0.0670671 0)
(2.16721 0.0735241 0)
(2.16675 0.0748714 0)
(2.1701 0.0708065 0)
(2.18114 0.066901 0)
(2.19699 0.0656482 0)
(2.2141 0.0671059 0)
(2.23124 0.0713571 0)
(2.24779 0.0761537 0)
(2.26252 0.0816122 0)
(2.27351 0.0872918 0)
(2.27968 0.0904901 0)
(2.28247 0.0884633 0)
(2.28692 0.082335 0)
(2.29782 0.0764484 0)
(2.31381 0.0735514 0)
(2.33133 0.0734599 0)
(2.3489 0.0744733 0)
(2.36633 0.0759479 0)
(2.38272 0.0776508 0)
(2.3957 0.0825408 0)
(2.39719 0.0953536 0)
(2.3965 0.0985902 0)
(1.5235 0.867862 0)
(1.68269 0.828699 0)
(1.82786 0.775181 0)
(1.97537 0.680932 0)
(2.10105 0.57842 0)
(2.19475 0.512164 0)
(2.28784 0.42635 0)
(2.37044 0.319488 0)
(2.44657 0.220504 0)
(2.51299 0.113765 0)
(2.54844 0.0225114 0)
(2.57067 0.000190856 0)
(2.57231 -0.0257662 0)
(2.62597 -0.10771 0)
(2.66446 -0.190955 0)
(2.68214 -0.254302 0)
(2.70223 -0.304585 0)
(2.72214 -0.312308 0)
(2.72605 -0.312197 0)
(2.70375 -0.343793 0)
(2.69511 -0.366371 0)
(2.69629 -0.371873 0)
(2.70456 -0.378269 0)
(2.7127 -0.3581 0)
(2.71245 -0.314454 0)
(2.70322 -0.262268 0)
(2.66199 -0.174585 0)
(2.62875 -0.117323 0)
(2.60638 -0.073372 0)
(2.57161 -0.0927001 0)
(2.36624 -0.297563 0)
(2.06915 -0.57222 0)
(1.9984 -0.682769 0)
(1.9624 -0.66265 0)
(1.98125 -0.648077 0)
(2.00025 -0.643764 0)
(2.01513 -0.643222 0)
(2.02776 -0.645211 0)
(2.04063 -0.638595 0)
(2.04835 -0.625407 0)
(2.04955 -0.597448 0)
(2.02398 -0.532999 0)
(1.91265 -0.367535 0)
(1.77304 -0.152407 0)
(1.72514 -0.051991 0)
(1.7109 -0.0101771 0)
(1.72447 0.00618443 0)
(1.74822 0.0112101 0)
(1.76704 0.01209 0)
(1.79053 0.0213568 0)
(1.80598 0.0323952 0)
(1.81698 0.0392756 0)
(1.83549 0.0381817 0)
(1.85532 0.0372383 0)
(1.8756 0.0376136 0)
(1.89645 0.0385263 0)
(1.91624 0.0417827 0)
(1.93099 0.048728 0)
(1.93814 0.0557325 0)
(1.94895 0.0557172 0)
(1.96728 0.0543124 0)
(1.98678 0.053424 0)
(2.0075 0.0521916 0)
(2.02781 0.0523626 0)
(2.0478 0.0538449 0)
(2.06264 0.058447 0)
(2.06588 0.0679729 0)
(2.06779 0.074354 0)
(2.08347 0.074181 0)
(2.10102 0.0728259 0)
(2.11999 0.0716298 0)
(2.13888 0.0728304 0)
(2.15838 0.0755993 0)
(2.17656 0.0797525 0)
(2.18569 0.0850956 0)
(2.17987 0.0879814 0)
(2.18356 0.0852321 0)
(2.19961 0.0844466 0)
(2.21573 0.0853701 0)
(2.23366 0.0866784 0)
(2.2517 0.0884866 0)
(2.26899 0.0910033 0)
(2.28509 0.0958734 0)
(2.29608 0.102264 0)
(2.29655 0.106317 0)
(2.29094 0.10265 0)
(2.29613 0.0954844 0)
(2.31125 0.0922263 0)
(2.32754 0.0913435 0)
(2.34438 0.0902306 0)
(2.36254 0.0901151 0)
(2.38072 0.0922655 0)
(2.39658 0.0946697 0)
(2.4112 0.0977865 0)
(2.41583 0.104165 0)
(2.40975 0.10757 0)
(1.51004 0.841539 0)
(1.65092 0.812134 0)
(1.77756 0.771459 0)
(1.90322 0.706956 0)
(2.02116 0.632687 0)
(2.12145 0.567089 0)
(2.2277 0.461458 0)
(2.29978 0.376694 0)
(2.34238 0.34731 0)
(2.40855 0.262769 0)
(2.48645 0.139402 0)
(2.5185 0.0531143 0)
(2.54703 0.0165795 0)
(2.56172 0.00514867 0)
(2.57992 -0.045656 0)
(2.62734 -0.116509 0)
(2.66087 -0.185034 0)
(2.67966 -0.247309 0)
(2.70224 -0.297582 0)
(2.71755 -0.333857 0)
(2.70674 -0.347265 0)
(2.7051 -0.339478 0)
(2.70726 -0.341035 0)
(2.71648 -0.355059 0)
(2.73315 -0.363672 0)
(2.73331 -0.351768 0)
(2.7173 -0.320162 0)
(2.6856 -0.283487 0)
(2.63544 -0.257566 0)
(2.37886 -0.462868 0)
(2.17181 -0.621041 0)
(2.02148 -0.752063 0)
(2.00238 -0.756424 0)
(1.98032 -0.724452 0)
(1.99256 -0.672245 0)
(2.02109 -0.637962 0)
(2.03205 -0.628689 0)
(2.03373 -0.627532 0)
(2.03618 -0.620604 0)
(2.04426 -0.611575 0)
(2.05439 -0.603398 0)
(2.0705 -0.588633 0)
(2.06331 -0.555399 0)
(1.99735 -0.439867 0)
(1.85963 -0.220456 0)
(1.79399 -0.092254 0)
(1.76336 -0.00982103 0)
(1.77008 0.0234866 0)
(1.78523 0.0307241 0)
(1.80479 0.0327732 0)
(1.81963 0.0394985 0)
(1.8282 0.0449381 0)
(1.84487 0.0474687 0)
(1.86453 0.0492226 0)
(1.88838 0.050051 0)
(1.91224 0.049497 0)
(1.93352 0.0496077 0)
(1.95249 0.0512823 0)
(1.96148 0.0580134 0)
(1.9627 0.0673159 0)
(1.97606 0.0701767 0)
(1.99542 0.0704424 0)
(2.0162 0.0693956 0)
(2.03821 0.0684459 0)
(2.05835 0.0686206 0)
(2.0777 0.0697567 0)
(2.09029 0.0753382 0)
(2.09067 0.0868508 0)
(2.09421 0.0925149 0)
(2.11175 0.0924693 0)
(2.13003 0.0910064 0)
(2.1495 0.0877681 0)
(2.1684 0.0859277 0)
(2.18731 0.0844769 0)
(2.20058 0.0849953 0)
(2.2012 0.0935285 0)
(2.19928 0.106045 0)
(2.21341 0.110055 0)
(2.22964 0.110696 0)
(2.24674 0.109878 0)
(2.2663 0.10816 0)
(2.28415 0.108057 0)
(2.30144 0.109357 0)
(2.31524 0.112357 0)
(2.3126 0.116879 0)
(2.29743 0.11861 0)
(2.30423 0.117961 0)
(2.31944 0.118282 0)
(2.33459 0.118606 0)
(2.35073 0.118597 0)
(2.37063 0.119052 0)
(2.38879 0.118919 0)
(2.40432 0.118392 0)
(2.4209 0.116543 0)
(2.4271 0.112623 0)
(2.41868 0.118267 0)
(1.50601 0.831135 0)
(1.62101 0.812627 0)
(1.7335 0.779475 0)
(1.85744 0.716034 0)
(1.95462 0.66586 0)
(2.03515 0.62491 0)
(2.14048 0.539503 0)
(2.23593 0.43454 0)
(2.29545 0.378759 0)
(2.33784 0.343892 0)
(2.38281 0.274346 0)
(2.44074 0.188946 0)
(2.49548 0.110175 0)
(2.52474 0.0381953 0)
(2.54929 0.0147445 0)
(2.55771 0.0116525 0)
(2.58732 -0.0398372 0)
(2.63666 -0.115735 0)
(2.65925 -0.182828 0)
(2.67995 -0.232722 0)
(2.69068 -0.262029 0)
(2.69086 -0.255717 0)
(2.68747 -0.263974 0)
(2.69482 -0.295851 0)
(2.706 -0.325899 0)
(2.72152 -0.343503 0)
(2.72744 -0.344135 0)
(2.69637 -0.378049 0)
(2.47992 -0.599149 0)
(2.191 -0.813169 0)
(2.05413 -0.923321 0)
(2.02398 -0.887538 0)
(2.01484 -0.827506 0)
(2.01374 -0.7634 0)
(2.01641 -0.720847 0)
(2.0262 -0.687597 0)
(2.03041 -0.651054 0)
(2.03148 -0.62754 0)
(2.03962 -0.61682 0)
(2.04823 -0.608123 0)
(2.06632 -0.601664 0)
(2.08891 -0.591795 0)
(2.10227 -0.589352 0)
(2.10361 -0.574491 0)
(2.06712 -0.492941 0)
(1.97536 -0.31596 0)
(1.86481 -0.124281 0)
(1.83212 -0.0118077 0)
(1.82364 0.0311979 0)
(1.82722 0.0379678 0)
(1.83484 0.0454698 0)
(1.84108 0.0518863 0)
(1.86142 0.0557363 0)
(1.88408 0.059441 0)
(1.91015 0.0602435 0)
(1.93341 0.0595592 0)
(1.95334 0.0595697 0)
(1.97203 0.0605209 0)
(1.98333 0.0649242 0)
(1.98516 0.0749417 0)
(1.99018 0.0834196 0)
(2.00686 0.0855441 0)
(2.02559 0.0863572 0)
(2.04611 0.0852984 0)
(2.06721 0.0831318 0)
(2.0871 0.0824259 0)
(2.10538 0.0830215 0)
(2.11613 0.0897715 0)
(2.11491 0.103884 0)
(2.11773 0.110531 0)
(2.13482 0.109748 0)
(2.15354 0.107228 0)
(2.17222 0.10238 0)
(2.19042 0.0981551 0)
(2.20776 0.0961738 0)
(2.22031 0.100696 0)
(2.2237 0.116226 0)
(2.22581 0.132063 0)
(2.24122 0.13716 0)
(2.25675 0.138113 0)
(2.27481 0.134788 0)
(2.29353 0.129347 0)
(2.31217 0.124889 0)
(2.32677 0.119773 0)
(2.32761 0.1187 0)
(2.31486 0.129798 0)
(2.31278 0.141487 0)
(2.32597 0.144905 0)
(2.34046 0.146542 0)
(2.35563 0.147945 0)
(2.37237 0.14606 0)
(2.38921 0.141274 0)
(2.40582 0.137409 0)
(2.41942 0.131074 0)
(2.42557 0.121023 0)
(2.42693 0.12638 0)
(1.51277 0.820819 0)
(1.60921 0.806678 0)
(1.71221 0.776073 0)
(1.81531 0.732541 0)
(1.9087 0.69041 0)
(1.99524 0.639551 0)
(2.08486 0.572582 0)
(2.16145 0.507088 0)
(2.2231 0.458042 0)
(2.29529 0.377343 0)
(2.34821 0.299347 0)
(2.37704 0.281096 0)
(2.41155 0.233118 0)
(2.47888 0.145053 0)
(2.51217 0.072036 0)
(2.53923 0.0417392 0)
(2.55823 0.0301715 0)
(2.57417 -0.00839776 0)
(2.60218 -0.0668973 0)
(2.63596 -0.122723 0)
(2.65629 -0.176587 0)
(2.66619 -0.221923 0)
(2.68423 -0.240679 0)
(2.69101 -0.251394 0)
(2.69927 -0.277034 0)
(2.6978 -0.302523 0)
(2.68876 -0.356522 0)
(2.52555 -0.57773 0)
(2.2138 -0.864596 0)
(2.02324 -0.978128 0)
(2.03275 -0.979971 0)
(2.04585 -0.960643 0)
(2.06049 -0.930372 0)
(2.06961 -0.902095 0)
(2.06911 -0.862528 0)
(2.06365 -0.805969 0)
(2.0656 -0.763645 0)
(2.07176 -0.7095 0)
(2.08072 -0.670631 0)
(2.09781 -0.642905 0)
(2.11035 -0.619255 0)
(2.113 -0.604449 0)
(2.11781 -0.594638 0)
(2.13091 -0.585591 0)
(2.14759 -0.565411 0)
(2.14231 -0.517936 0)
(2.07709 -0.387268 0)
(1.96689 -0.179229 0)
(1.91996 -0.0460891 0)
(1.88169 0.0196907 0)
(1.86546 0.0360878 0)
(1.86513 0.0563023 0)
(1.88391 0.064315 0)
(1.91209 0.0662236 0)
(1.93936 0.0727177 0)
(1.9596 0.0736554 0)
(1.97719 0.0729739 0)
(1.99289 0.0747562 0)
(2.00523 0.0781359 0)
(2.01261 0.0843211 0)
(2.0159 0.0941454 0)
(2.02345 0.0994952 0)
(2.04007 0.099798 0)
(2.05863 0.100052 0)
(2.07828 0.0987988 0)
(2.09803 0.0971578 0)
(2.11733 0.0962935 0)
(2.1344 0.0978784 0)
(2.14227 0.107851 0)
(2.13761 0.123968 0)
(2.14113 0.128733 0)
(2.1577 0.125878 0)
(2.1761 0.122655 0)
(2.1952 0.119226 0)
(2.21273 0.117828 0)
(2.22983 0.119422 0)
(2.24375 0.127711 0)
(2.24884 0.146363 0)
(2.24635 0.161425 0)
(2.25686 0.161438 0)
(2.27669 0.158161 0)
(2.29481 0.151016 0)
(2.31116 0.142467 0)
(2.32469 0.135669 0)
(2.33498 0.132898 0)
(2.33851 0.138802 0)
(2.33447 0.154241 0)
(2.33958 0.165734 0)
(2.35358 0.16913 0)
(2.36744 0.169668 0)
(2.38284 0.165372 0)
(2.39574 0.160316 0)
(2.40496 0.154176 0)
(2.41286 0.144256 0)
(2.41866 0.136266 0)
(2.43217 0.141722 0)
(1.51719 0.831005 0)
(1.59938 0.815534 0)
(1.69067 0.78614 0)
(1.78218 0.748931 0)
(1.85999 0.718916 0)
(1.9463 0.671988 0)
(2.04196 0.599434 0)
(2.10751 0.553163 0)
(2.15712 0.519509 0)
(2.22812 0.452108 0)
(2.29818 0.369833 0)
(2.34451 0.32187 0)
(2.3745 0.293238 0)
(2.41072 0.242692 0)
(2.45635 0.177091 0)
(2.49811 0.126255 0)
(2.53193 0.0681773 0)
(2.55284 0.0216226 0)
(2.56511 0.0136423 0)
(2.56727 -0.0069924 0)
(2.6078 -0.0589454 0)
(2.63563 -0.125869 0)
(2.64775 -0.171607 0)
(2.67409 -0.173386 0)
(2.67985 -0.210992 0)
(2.64916 -0.271827 0)
(2.50174 -0.478984 0)
(2.17481 -0.806354 0)
(2.02374 -0.922166 0)
(2.02787 -0.975204 0)
(2.0502 -0.978524 0)
(2.07631 -0.971966 0)
(2.08798 -0.956916 0)
(2.09462 -0.94448 0)
(2.09709 -0.928802 0)
(2.10119 -0.902612 0)
(2.11664 -0.873573 0)
(2.12438 -0.830645 0)
(2.1353 -0.792268 0)
(2.13832 -0.737314 0)
(2.1482 -0.705455 0)
(2.15812 -0.668359 0)
(2.16601 -0.626594 0)
(2.17343 -0.595381 0)
(2.18834 -0.571864 0)
(2.19818 -0.562833 0)
(2.20325 -0.540994 0)
(2.17327 -0.456206 0)
(2.08543 -0.267192 0)
(2.00951 -0.102894 0)
(1.95147 -0.0105084 0)
(1.91335 0.0487866 0)
(1.91567 0.0630384 0)
(1.94088 0.0794029 0)
(1.96732 0.0882669 0)
(1.98776 0.0880855 0)
(2.00486 0.0878937 0)
(2.01725 0.087946 0)
(2.03001 0.0927764 0)
(2.04176 0.09973 0)
(2.0475 0.106647 0)
(2.04905 0.112256 0)
(2.05924 0.113238 0)
(2.07699 0.112699 0)
(2.09597 0.112047 0)
(2.11465 0.11209 0)
(2.13311 0.112391 0)
(2.15079 0.11321 0)
(2.16479 0.117231 0)
(2.16729 0.129137 0)
(2.16076 0.143271 0)
(2.16868 0.146557 0)
(2.18524 0.146169 0)
(2.20168 0.14554 0)
(2.21988 0.14448 0)
(2.23821 0.145502 0)
(2.25525 0.14739 0)
(2.27029 0.152837 0)
(2.27239 0.166302 0)
(2.26716 0.178498 0)
(2.27773 0.17624 0)
(2.29411 0.170043 0)
(2.3103 0.16303 0)
(2.32687 0.157738 0)
(2.34276 0.154795 0)
(2.35624 0.155226 0)
(2.36286 0.165624 0)
(2.36077 0.184502 0)
(2.35858 0.192394 0)
(2.36728 0.189082 0)
(2.37985 0.183773 0)
(2.39145 0.177646 0)
(2.40197 0.170537 0)
(2.41091 0.163352 0)
(2.42154 0.160088 0)
(2.44241 0.163024 0)
(1.53563 0.827141 0)
(1.60701 0.810375 0)
(1.6908 0.782997 0)
(1.76612 0.759907 0)
(1.83551 0.731842 0)
(1.92636 0.678651 0)
(2.00821 0.624899 0)
(2.06017 0.598336 0)
(2.11573 0.555527 0)
(2.19476 0.482189 0)
(2.25963 0.419906 0)
(2.3005 0.389785 0)
(2.34177 0.338856 0)
(2.38654 0.270632 0)
(2.41914 0.241635 0)
(2.44261 0.213765 0)
(2.48947 0.152486 0)
(2.52449 0.086969 0)
(2.54107 0.0435812 0)
(2.55715 0.0271 0)
(2.55998 0.023147 0)
(2.57955 -0.0215159 0)
(2.61082 -0.0709701 0)
(2.63309 -0.106637 0)
(2.6106 -0.194308 0)
(2.48468 -0.397788 0)
(2.15182 -0.732955 0)
(2.01518 -0.848942 0)
(2.01294 -0.908509 0)
(2.04292 -0.910916 0)
(2.06259 -0.908772 0)
(2.07621 -0.909883 0)
(2.09187 -0.910197 0)
(2.10613 -0.912792 0)
(2.12341 -0.912406 0)
(2.13934 -0.909922 0)
(2.14871 -0.904629 0)
(2.15661 -0.892535 0)
(2.17686 -0.879471 0)
(2.19287 -0.851975 0)
(2.20484 -0.820952 0)
(2.21326 -0.781974 0)
(2.21394 -0.721909 0)
(2.22066 -0.678197 0)
(2.22507 -0.645509 0)
(2.2264 -0.612633 0)
(2.24123 -0.593615 0)
(2.25889 -0.577762 0)
(2.25146 -0.510465 0)
(2.19918 -0.367824 0)
(2.12411 -0.194568 0)
(2.01412 -0.0272705 0)
(1.99516 0.0284843 0)
(1.97756 0.0815449 0)
(1.99364 0.0960519 0)
(2.01062 0.104335 0)
(2.03251 0.106639 0)
(2.04396 0.103499 0)
(2.05778 0.105516 0)
(2.07225 0.114005 0)
(2.07785 0.121542 0)
(2.07774 0.12477 0)
(2.08507 0.125642 0)
(2.10118 0.126039 0)
(2.11888 0.127276 0)
(2.13719 0.12934 0)
(2.15461 0.131803 0)
(2.17062 0.133674 0)
(2.18466 0.135057 0)
(2.19279 0.138945 0)
(2.19041 0.150404 0)
(2.18858 0.163494 0)
(2.20057 0.16852 0)
(2.21704 0.17006 0)
(2.2338 0.170496 0)
(2.25306 0.168278 0)
(2.26978 0.16649 0)
(2.28597 0.16616 0)
(2.29546 0.170792 0)
(2.2918 0.185171 0)
(2.28597 0.194923 0)
(2.2971 0.191684 0)
(2.31435 0.187442 0)
(2.33061 0.184226 0)
(2.34675 0.183305 0)
(2.36336 0.184406 0)
(2.3793 0.186915 0)
(2.38777 0.193694 0)
(2.38066 0.204301 0)
(2.37339 0.207287 0)
(2.38145 0.201206 0)
(2.39354 0.193888 0)
(2.40597 0.187043 0)
(2.42008 0.181848 0)
(2.43218 0.183836 0)
(2.45315 0.189755 0)
(1.54631 0.848717 0)
(1.61373 0.827403 0)
(1.68134 0.804927 0)
(1.74334 0.786274 0)
(1.81793 0.750333 0)
(1.89934 0.698255 0)
(1.95656 0.668602 0)
(2.00637 0.643543 0)
(2.08617 0.583925 0)
(2.16163 0.507994 0)
(2.20258 0.479993 0)
(2.22581 0.463803 0)
(2.28822 0.405177 0)
(2.351 0.324693 0)
(2.3899 0.281097 0)
(2.40946 0.260571 0)
(2.43034 0.231363 0)
(2.45659 0.188288 0)
(2.50081 0.128755 0)
(2.52834 0.0762915 0)
(2.54342 0.0508222 0)
(2.55895 0.0411936 0)
(2.57356 0.00442858 0)
(2.5543 -0.0703268 0)
(2.44084 -0.28122 0)
(2.11622 -0.636379 0)
(2.00284 -0.763122 0)
(1.99096 -0.821659 0)
(2.02363 -0.833312 0)
(2.04452 -0.834701 0)
(2.06049 -0.853025 0)
(2.0759 -0.871506 0)
(2.09689 -0.879003 0)
(2.11829 -0.882937 0)
(2.13745 -0.887426 0)
(2.15318 -0.893902 0)
(2.16688 -0.897396 0)
(2.18416 -0.892143 0)
(2.20441 -0.877486 0)
(2.21987 -0.87185 0)
(2.23515 -0.857867 0)
(2.25168 -0.844949 0)
(2.26714 -0.827836 0)
(2.26676 -0.793743 0)
(2.27064 -0.761582 0)
(2.27494 -0.729525 0)
(2.28133 -0.691674 0)
(2.29347 -0.6566 0)
(2.31364 -0.624622 0)
(2.31519 -0.559703 0)
(2.29189 -0.455927 0)
(2.2133 -0.279006 0)
(2.14977 -0.119385 0)
(2.05885 0.0331691 0)
(2.03353 0.0783735 0)
(2.0477 0.09505 0)
(2.05822 0.117771 0)
(2.06935 0.123733 0)
(2.08199 0.123786 0)
(2.09665 0.133752 0)
(2.10282 0.141358 0)
(2.10229 0.141133 0)
(2.11272 0.141538 0)
(2.12928 0.143343 0)
(2.14632 0.144953 0)
(2.16409 0.148438 0)
(2.18047 0.154037 0)
(2.19435 0.158807 0)
(2.20613 0.160188 0)
(2.21455 0.159585 0)
(2.21743 0.16209 0)
(2.21792 0.172249 0)
(2.22308 0.184398 0)
(2.23431 0.191522 0)
(2.24955 0.193743 0)
(2.26634 0.193137 0)
(2.28277 0.189755 0)
(2.29807 0.186302 0)
(2.31098 0.184277 0)
(2.31725 0.187631 0)
(2.3136 0.199777 0)
(2.31204 0.20984 0)
(2.32567 0.210295 0)
(2.34239 0.208986 0)
(2.35985 0.206816 0)
(2.3767 0.205899 0)
(2.39356 0.206542 0)
(2.40745 0.208029 0)
(2.40801 0.214381 0)
(2.39313 0.221686 0)
(2.38986 0.21903 0)
(2.40071 0.213837 0)
(2.41431 0.210487 0)
(2.42855 0.209169 0)
(2.44458 0.210014 0)
(2.46647 0.212467 0)
(1.56613 0.848255 0)
(1.63067 0.828886 0)
(1.68657 0.813087 0)
(1.74371 0.79022 0)
(1.81891 0.749966 0)
(1.88493 0.714629 0)
(1.92971 0.696648 0)
(1.98915 0.656933 0)
(2.06956 0.59326 0)
(2.12659 0.548735 0)
(2.15625 0.534236 0)
(2.19765 0.492874 0)
(2.26659 0.420537 0)
(2.31251 0.37328 0)
(2.33116 0.362216 0)
(2.36555 0.322184 0)
(2.40929 0.249121 0)
(2.43952 0.210964 0)
(2.45453 0.20717 0)
(2.4815 0.166363 0)
(2.51748 0.119124 0)
(2.53748 0.0800393 0)
(2.51527 -0.0103668 0)
(2.39391 -0.213634 0)
(2.08205 -0.548639 0)
(1.97245 -0.675322 0)
(1.96431 -0.742042 0)
(1.99894 -0.75548 0)
(2.02274 -0.758595 0)
(2.04159 -0.778702 0)
(2.05953 -0.795593 0)
(2.07945 -0.804676 0)
(2.09986 -0.809275 0)
(2.11826 -0.811228 0)
(2.13461 -0.813493 0)
(2.15134 -0.819778 0)
(2.16995 -0.833172 0)
(2.18975 -0.848615 0)
(2.21278 -0.856944 0)
(2.23771 -0.856659 0)
(2.26594 -0.845747 0)
(2.28502 -0.835874 0)
(2.28893 -0.832263 0)
(2.28682 -0.824659 0)
(2.30187 -0.809202 0)
(2.31936 -0.799825 0)
(2.33054 -0.783676 0)
(2.34303 -0.757931 0)
(2.36015 -0.726047 0)
(2.38405 -0.697132 0)
(2.38398 -0.647062 0)
(2.37252 -0.566072 0)
(2.33525 -0.426586 0)
(2.24947 -0.233518 0)
(2.15083 -0.0460694 0)
(2.12093 0.0267779 0)
(2.10249 0.108597 0)
(2.10039 0.140907 0)
(2.10611 0.137493 0)
(2.12371 0.143073 0)
(2.12845 0.157222 0)
(2.12302 0.163606 0)
(2.13819 0.163662 0)
(2.15664 0.164475 0)
(2.17391 0.165815 0)
(2.19095 0.168383 0)
(2.20693 0.174173 0)
(2.21981 0.182225 0)
(2.22868 0.187133 0)
(2.23595 0.186733 0)
(2.24262 0.185888 0)
(2.24781 0.187907 0)
(2.25253 0.193634 0)
(2.26104 0.201267 0)
(2.27341 0.207802 0)
(2.28639 0.211535 0)
(2.29898 0.211705 0)
(2.31236 0.209261 0)
(2.32631 0.206572 0)
(2.33778 0.204994 0)
(2.34319 0.208346 0)
(2.34215 0.219748 0)
(2.34372 0.230202 0)
(2.35558 0.232444 0)
(2.37263 0.231477 0)
(2.39045 0.229211 0)
(2.40746 0.225948 0)
(2.42182 0.222787 0)
(2.42885 0.221459 0)
(2.4199 0.226591 0)
(2.40851 0.233134 0)
(2.41732 0.235244 0)
(2.42862 0.236759 0)
(2.44158 0.238754 0)
(2.45772 0.237572 0)
(2.47935 0.237274 0)
(1.56994 0.862625 0)
(1.62561 0.849079 0)
(1.67896 0.835005 0)
(1.74227 0.805593 0)
(1.8078 0.767887 0)
(1.85598 0.748993 0)
(1.90437 0.726694 0)
(1.97723 0.676281 0)
(2.04254 0.619908 0)
(2.07948 0.602189 0)
(2.11189 0.582873 0)
(2.17825 0.526749 0)
(2.24033 0.45585 0)
(2.27535 0.425949 0)
(2.29039 0.417443 0)
(2.32767 0.379533 0)
(2.37809 0.316016 0)
(2.41715 0.259153 0)
(2.43621 0.242846 0)
(2.459 0.222929 0)
(2.48171 0.18846 0)
(2.46087 0.0902469 0)
(2.34552 -0.144515 0)
(2.04273 -0.484257 0)
(1.93938 -0.609997 0)
(1.9377 -0.660599 0)
(1.96766 -0.674491 0)
(1.99381 -0.683708 0)
(2.01857 -0.703027 0)
(2.04079 -0.721133 0)
(2.06154 -0.737382 0)
(2.08217 -0.750204 0)
(2.10277 -0.757613 0)
(2.12238 -0.762624 0)
(2.14083 -0.770733 0)
(2.1595 -0.780976 0)
(2.17956 -0.791536 0)
(2.2006 -0.802073 0)
(2.22333 -0.808045 0)
(2.24783 -0.811869 0)
(2.27359 -0.811739 0)
(2.29593 -0.809231 0)
(2.31148 -0.808378 0)
(2.31581 -0.805258 0)
(2.31526 -0.794925 0)
(2.33454 -0.795101 0)
(2.34838 -0.793207 0)
(2.36947 -0.785375 0)
(2.39838 -0.767758 0)
(2.42442 -0.746067 0)
(2.43606 -0.73475 0)
(2.44412 -0.717063 0)
(2.43782 -0.660636 0)
(2.42557 -0.570745 0)
(2.36748 -0.423676 0)
(2.27609 -0.217492 0)
(2.1826 0.00509592 0)
(2.18032 0.0777537 0)
(2.1685 0.119515 0)
(2.16145 0.145246 0)
(2.14757 0.171915 0)
(2.153 0.186671 0)
(2.16323 0.19085 0)
(2.17543 0.19092 0)
(2.19197 0.190137 0)
(2.20938 0.192125 0)
(2.22586 0.195342 0)
(2.24129 0.200946 0)
(2.25191 0.207241 0)
(2.2584 0.210996 0)
(2.26658 0.213007 0)
(2.27567 0.214363 0)
(2.28287 0.214382 0)
(2.29074 0.214416 0)
(2.30099 0.216627 0)
(2.31314 0.221255 0)
(2.32448 0.226741 0)
(2.33383 0.231499 0)
(2.34447 0.232701 0)
(2.35672 0.231252 0)
(2.36688 0.229809 0)
(2.37237 0.230983 0)
(2.37359 0.237868 0)
(2.37839 0.247253 0)
(2.38904 0.252068 0)
(2.40278 0.252163 0)
(2.41724 0.249222 0)
(2.43085 0.244719 0)
(2.4407 0.240084 0)
(2.44155 0.240396 0)
(2.43284 0.251564 0)
(2.43318 0.261655 0)
(2.44565 0.26447 0)
(2.45952 0.266064 0)
(2.47354 0.264185 0)
(2.49564 0.261118 0)
(1.58186 0.861339 0)
(1.62996 0.850551 0)
(1.68289 0.833474 0)
(1.74804 0.803963 0)
(1.8033 0.780364 0)
(1.84451 0.765921 0)
(1.90229 0.731696 0)
(1.97416 0.680096 0)
(2.02316 0.651432 0)
(2.05015 0.642074 0)
(2.1003 0.601468 0)
(2.17104 0.534445 0)
(2.21827 0.4902 0)
(2.23341 0.488438 0)
(2.26034 0.459989 0)
(2.31943 0.393484 0)
(2.36551 0.335906 0)
(2.38174 0.328669 0)
(2.40788 0.306929 0)
(2.43413 0.263456 0)
(2.41015 0.160036 0)
(2.27103 -0.0974421 0)
(2.01377 -0.417367 0)
(1.91759 -0.528128 0)
(1.91692 -0.572847 0)
(1.94031 -0.592383 0)
(1.95978 -0.611437 0)
(1.98617 -0.637497 0)
(2.01325 -0.652623 0)
(2.04001 -0.667663 0)
(2.06413 -0.68367 0)
(2.08626 -0.696685 0)
(2.10745 -0.705257 0)
(2.12685 -0.70956 0)
(2.14355 -0.711478 0)
(2.15986 -0.715529 0)
(2.17937 -0.723531 0)
(2.20249 -0.732889 0)
(2.22756 -0.742601 0)
(2.25403 -0.749422 0)
(2.27996 -0.756385 0)
(2.30469 -0.765051 0)
(2.3252 -0.770971 0)
(2.33584 -0.771519 0)
(2.33746 -0.764637 0)
(2.34749 -0.76016 0)
(2.37169 -0.759784 0)
(2.39433 -0.756238 0)
(2.41568 -0.755202 0)
(2.43754 -0.749298 0)
(2.4578 -0.738363 0)
(2.47477 -0.726019 0)
(2.48281 -0.71934 0)
(2.48407 -0.694905 0)
(2.48393 -0.651875 0)
(2.46878 -0.580246 0)
(2.39889 -0.404917 0)
(2.32356 -0.171365 0)
(2.28485 -0.0166511 0)
(2.20764 0.117812 0)
(2.19844 0.15747 0)
(2.20132 0.18599 0)
(2.19458 0.206843 0)
(2.19506 0.213525 0)
(2.20445 0.21561 0)
(2.21942 0.215934 0)
(2.23745 0.214087 0)
(2.25541 0.215013 0)
(2.2719 0.220303 0)
(2.28148 0.228579 0)
(2.2845 0.236384 0)
(2.28858 0.239528 0)
(2.30126 0.23825 0)
(2.31458 0.235918 0)
(2.32594 0.233775 0)
(2.33709 0.235028 0)
(2.34996 0.239918 0)
(2.36124 0.24677 0)
(2.36714 0.254878 0)
(2.37136 0.260443 0)
(2.38108 0.260718 0)
(2.39125 0.257011 0)
(2.39855 0.253062 0)
(2.40376 0.255165 0)
(2.41238 0.261342 0)
(2.422 0.268272 0)
(2.43042 0.272346 0)
(2.43978 0.271819 0)
(2.44975 0.269403 0)
(2.45768 0.269075 0)
(2.46031 0.273448 0)
(2.45916 0.28281 0)
(2.46555 0.288287 0)
(2.47688 0.291047 0)
(2.49054 0.289723 0)
(2.50964 0.287186 0)
(1.5866 0.881363 0)
(1.62921 0.866942 0)
(1.68315 0.843236 0)
(1.73728 0.819521 0)
(1.78083 0.808223 0)
(1.83054 0.787794 0)
(1.89727 0.745152 0)
(1.95246 0.706051 0)
(1.98558 0.696781 0)
(2.02365 0.675971 0)
(2.0904 0.623218 0)
(2.14658 0.564098 0)
(2.17384 0.549804 0)
(2.19049 0.539694 0)
(2.2445 0.49251 0)
(2.30155 0.421807 0)
(2.3284 0.397031 0)
(2.34975 0.386028 0)
(2.37728 0.353378 0)
(2.35094 0.245762 0)
(2.19612 -0.0318377 0)
(1.96247 -0.349005 0)
(1.87693 -0.488847 0)
(1.88256 -0.517888 0)
(1.91571 -0.520926 0)
(1.92961 -0.536358 0)
(1.95306 -0.570922 0)
(1.97864 -0.591558 0)
(2.00839 -0.604325 0)
(2.03862 -0.617988 0)
(2.06663 -0.633145 0)
(2.09203 -0.64732 0)
(2.11531 -0.657069 0)
(2.13482 -0.662356 0)
(2.1502 -0.667195 0)
(2.16714 -0.67397 0)
(2.18957 -0.682015 0)
(2.21497 -0.690949 0)
(2.24109 -0.699254 0)
(2.26704 -0.706152 0)
(2.29264 -0.709141 0)
(2.31535 -0.709803 0)
(2.33279 -0.710132 0)
(2.34431 -0.713987 0)
(2.35204 -0.720075 0)
(2.36652 -0.717363 0)
(2.38623 -0.716924 0)
(2.40891 -0.717889 0)
(2.42981 -0.717578 0)
(2.45217 -0.715381 0)
(2.47653 -0.710174 0)
(2.49601 -0.704654 0)
(2.51067 -0.697178 0)
(2.51477 -0.690225 0)
(2.50974 -0.678159 0)
(2.5291 -0.657926 0)
(2.53384 -0.630843 0)
(2.5202 -0.554046 0)
(2.46734 -0.390716 0)
(2.35712 -0.138213 0)
(2.34777 -0.00621581 0)
(2.25883 0.140489 0)
(2.23114 0.21351 0)
(2.22163 0.235397 0)
(2.2192 0.240882 0)
(2.2263 0.241254 0)
(2.24387 0.239479 0)
(2.2668 0.235647 0)
(2.28737 0.237126 0)
(2.30312 0.24087 0)
(2.3097 0.245126 0)
(2.30861 0.250443 0)
(2.30875 0.255693 0)
(2.3166 0.25786 0)
(2.33244 0.259662 0)
(2.34908 0.262043 0)
(2.36555 0.267286 0)
(2.38221 0.270884 0)
(2.39306 0.275671 0)
(2.39279 0.283435 0)
(2.38921 0.284893 0)
(2.3965 0.280054 0)
(2.41079 0.276005 0)
(2.42396 0.273404 0)
(2.4353 0.274003 0)
(2.44431 0.278402 0)
(2.45156 0.284951 0)
(2.45818 0.292244 0)
(2.46576 0.298363 0)
(2.47517 0.301591 0)
(2.48361 0.302522 0)
(2.48802 0.304086 0)
(2.49112 0.306545 0)
(2.49798 0.310709 0)
(2.51104 0.308611 0)
(2.52919 0.306919 0)
(1.6119 0.889214 0)
(1.64888 0.869649 0)
(1.69696 0.845858 0)
(1.73844 0.831939 0)
(1.77656 0.820237 0)
(1.83283 0.791208 0)
(1.89548 0.75225 0)
(1.93705 0.734297 0)
(1.96464 0.724322 0)
(2.01685 0.687769 0)
(2.08374 0.629819 0)
(2.12582 0.596873 0)
(2.14192 0.594867 0)
(2.17374 0.564774 0)
(2.23909 0.500345 0)
(2.27938 0.458549 0)
(2.30095 0.449936 0)
(2.32416 0.418143 0)
(2.2924 0.311743 0)
(2.11883 0.0235421 0)
(1.88781 -0.292069 0)
(1.83726 -0.407495 0)
(1.85432 -0.424737 0)
(1.89135 -0.442257 0)
(1.92039 -0.464267 0)
(1.93212 -0.494108 0)
(1.94894 -0.524781 0)
(1.97429 -0.543354 0)
(2.00514 -0.557368 0)
(2.03764 -0.571387 0)
(2.0688 -0.586064 0)
(2.09757 -0.600736 0)
(2.12376 -0.613504 0)
(2.14605 -0.621829 0)
(2.16264 -0.624304 0)
(2.17737 -0.624256 0)
(2.19778 -0.627032 0)
(2.22281 -0.632732 0)
(2.24884 -0.640139 0)
(2.27457 -0.647676 0)
(2.29963 -0.655159 0)
(2.32342 -0.661688 0)
(2.34428 -0.666411 0)
(2.36069 -0.667819 0)
(2.37067 -0.664314 0)
(2.37927 -0.658938 0)
(2.39548 -0.660445 0)
(2.4182 -0.666539 0)
(2.44236 -0.673018 0)
(2.46671 -0.677232 0)
(2.49119 -0.677138 0)
(2.51243 -0.674049 0)
(2.52881 -0.674388 0)
(2.5419 -0.669063 0)
(2.54598 -0.661913 0)
(2.54529 -0.647063 0)
(2.55811 -0.637437 0)
(2.5736 -0.624937 0)
(2.58235 -0.593001 0)
(2.57059 -0.524578 0)
(2.52788 -0.368797 0)
(2.41872 -0.126484 0)
(2.37547 0.0267898 0)
(2.32917 0.144508 0)
(2.27201 0.23614 0)
(2.24379 0.270774 0)
(2.25206 0.271748 0)
(2.27093 0.272086 0)
(2.29113 0.267728 0)
(2.30825 0.26726 0)
(2.32735 0.264526 0)
(2.33332 0.26053 0)
(2.32854 0.26345 0)
(2.33395 0.275113 0)
(2.34625 0.284991 0)
(2.35911 0.290643 0)
(2.37268 0.294289 0)
(2.3868 0.297607 0)
(2.40148 0.298912 0)
(2.41144 0.298816 0)
(2.40957 0.298747 0)
(2.41287 0.29913 0)
(2.42596 0.299207 0)
(2.43911 0.298869 0)
(2.4511 0.299223 0)
(2.46178 0.300026 0)
(2.47104 0.302458 0)
(2.4792 0.308281 0)
(2.4861 0.317582 0)
(2.49187 0.327945 0)
(2.49954 0.332052 0)
(2.50962 0.330279 0)
(2.51582 0.326964 0)
(2.51971 0.328072 0)
(2.52577 0.328835 0)
(2.53784 0.328339 0)
(1.63877 0.915452 0)
(1.67191 0.89231 0)
(1.70523 0.873666 0)
(1.73682 0.862231 0)
(1.7792 0.838935 0)
(1.83483 0.800981 0)
(1.87795 0.776676 0)
(1.90665 0.772471 0)
(1.94822 0.749083 0)
(2.01426 0.696248 0)
(2.06524 0.64889 0)
(2.08921 0.644139 0)
(2.1077 0.634006 0)
(2.16865 0.585774 0)
(2.22276 0.526531 0)
(2.24782 0.51088 0)
(2.27091 0.481596 0)
(2.2321 0.368709 0)
(2.04618 0.0687824 0)
(1.82091 -0.21896 0)
(1.78354 -0.354966 0)
(1.80585 -0.379879 0)
(1.8491 -0.388362 0)
(1.88907 -0.405689 0)
(1.91888 -0.429125 0)
(1.9359 -0.450511 0)
(1.94659 -0.473085 0)
(1.97251 -0.49651 0)
(2.00444 -0.513189 0)
(2.03814 -0.527477 0)
(2.07169 -0.541973 0)
(2.10351 -0.556919 0)
(2.13282 -0.570396 0)
(2.15857 -0.580368 0)
(2.1788 -0.585405 0)
(2.1946 -0.585594 0)
(2.21276 -0.585474 0)
(2.23619 -0.589211 0)
(2.26187 -0.59569 0)
(2.28741 -0.602662 0)
(2.31202 -0.608345 0)
(2.33555 -0.612601 0)
(2.35709 -0.617514 0)
(2.37504 -0.623368 0)
(2.38833 -0.626595 0)
(2.39939 -0.624109 0)
(2.41254 -0.619791 0)
(2.42936 -0.615844 0)
(2.4484 -0.614638 0)
(2.46917 -0.616868 0)
(2.49166 -0.620449 0)
(2.51481 -0.622926 0)
(2.53521 -0.622585 0)
(2.55119 -0.619734 0)
(2.56219 -0.623284 0)
(2.56816 -0.627461 0)
(2.57978 -0.615091 0)
(2.59127 -0.598301 0)
(2.60881 -0.588204 0)
(2.62004 -0.584605 0)
(2.62866 -0.561849 0)
(2.61651 -0.505977 0)
(2.56259 -0.344019 0)
(2.4942 -0.14606 0)
(2.38688 0.0636129 0)
(2.37382 0.136637 0)
(2.32866 0.220126 0)
(2.30325 0.289374 0)
(2.30632 0.297169 0)
(2.31634 0.295405 0)
(2.33061 0.295229 0)
(2.34265 0.291105 0)
(2.35001 0.287688 0)
(2.35951 0.296585 0)
(2.37027 0.307199 0)
(2.38077 0.314383 0)
(2.39113 0.317755 0)
(2.40211 0.319159 0)
(2.41292 0.317377 0)
(2.42297 0.313067 0)
(2.42784 0.312573 0)
(2.42694 0.318497 0)
(2.43113 0.32206 0)
(2.44634 0.323177 0)
(2.46131 0.325305 0)
(2.47439 0.328524 0)
(2.48741 0.331791 0)
(2.49842 0.333312 0)
(2.50552 0.336772 0)
(2.51051 0.346129 0)
(2.51344 0.354554 0)
(2.5135 0.356079 0)
(2.52179 0.353613 0)
(2.53249 0.350376 0)
(2.5429 0.345903 0)
(2.55372 0.345516 0)
(1.65463 0.935387 0)
(1.69106 0.913843 0)
(1.72128 0.895433 0)
(1.75241 0.87664 0)
(1.79401 0.847619 0)
(1.83546 0.817154 0)
(1.86787 0.802806 0)
(1.89821 0.78824 0)
(1.95177 0.749122 0)
(2.00679 0.70133 0)
(2.03895 0.684661 0)
(2.05411 0.683249 0)
(2.10088 0.648705 0)
(2.16722 0.589725 0)
(2.19726 0.567959 0)
(2.21709 0.533127 0)
(2.16362 0.411159 0)
(1.96026 0.0856623 0)
(1.77635 -0.172133 0)
(1.74264 -0.270922 0)
(1.76265 -0.298503 0)
(1.79795 -0.317211 0)
(1.84356 -0.340365 0)
(1.88373 -0.37211 0)
(1.91593 -0.398898 0)
(1.94142 -0.419089 0)
(1.95474 -0.434989 0)
(1.97518 -0.453326 0)
(2.00844 -0.470347 0)
(2.04337 -0.48504 0)
(2.07817 -0.499218 0)
(2.1117 -0.513173 0)
(2.14317 -0.526204 0)
(2.17161 -0.53681 0)
(2.19517 -0.543601 0)
(2.213 -0.545816 0)
(2.22979 -0.545415 0)
(2.25085 -0.54582 0)
(2.27481 -0.548272 0)
(2.29905 -0.55174 0)
(2.32245 -0.555145 0)
(2.34481 -0.557561 0)
(2.36542 -0.560475 0)
(2.38341 -0.565544 0)
(2.39858 -0.57125 0)
(2.4123 -0.573969 0)
(2.42678 -0.573015 0)
(2.44346 -0.570773 0)
(2.46181 -0.570052 0)
(2.48084 -0.570183 0)
(2.49885 -0.568491 0)
(2.51479 -0.565211 0)
(2.53137 -0.565382 0)
(2.55169 -0.567908 0)
(2.57075 -0.573315 0)
(2.58562 -0.578837 0)
(2.59821 -0.582863 0)
(2.61264 -0.577718 0)
(2.62733 -0.561526 0)
(2.63827 -0.553505 0)
(2.64775 -0.554809 0)
(2.6509 -0.554312 0)
(2.65836 -0.523598 0)
(2.64849 -0.47359 0)
(2.59206 -0.331434 0)
(2.53726 -0.148036 0)
(2.43459 0.0742944 0)
(2.38106 0.19809 0)
(2.38368 0.241376 0)
(2.36966 0.291401 0)
(2.34921 0.320692 0)
(2.34834 0.319696 0)
(2.35869 0.325867 0)
(2.36927 0.330556 0)
(2.37775 0.335359 0)
(2.3855 0.338125 0)
(2.39543 0.338315 0)
(2.40815 0.338063 0)
(2.42209 0.338695 0)
(2.43422 0.338556 0)
(2.44337 0.338344 0)
(2.44921 0.336997 0)
(2.44939 0.341594 0)
(2.4542 0.346869 0)
(2.46363 0.348529 0)
(2.47624 0.349727 0)
(2.4868 0.35149 0)
(2.49676 0.35619 0)
(2.51017 0.364301 0)
(2.5229 0.370107 0)
(2.53274 0.371738 0)
(2.5314 0.373244 0)
(2.52661 0.373823 0)
(2.53201 0.368618 0)
(2.54221 0.36662 0)
(2.56031 0.368356 0)
(1.67268 0.958019 0)
(1.70701 0.935473 0)
(1.73982 0.914724 0)
(1.77171 0.892804 0)
(1.80503 0.866957 0)
(1.8404 0.839783 0)
(1.86867 0.825973 0)
(1.90104 0.804745 0)
(1.95176 0.763751 0)
(1.99268 0.727547 0)
(2.01376 0.723282 0)
(2.04186 0.705876 0)
(2.10559 0.655188 0)
(2.13674 0.63094 0)
(2.16157 0.585338 0)
(2.09865 0.448794 0)
(1.85628 0.109237 0)
(1.71536 -0.121234 0)
(1.70283 -0.243122 0)
(1.72892 -0.258605 0)
(1.76077 -0.263978 0)
(1.80061 -0.284389 0)
(1.84205 -0.31194 0)
(1.88203 -0.343485 0)
(1.91807 -0.366498 0)
(1.94952 -0.387083 0)
(1.97057 -0.405878 0)
(1.98965 -0.420192 0)
(2.01931 -0.431015 0)
(2.05371 -0.442085 0)
(2.08881 -0.454486 0)
(2.12291 -0.467642 0)
(2.15514 -0.48027 0)
(2.18466 -0.491462 0)
(2.2101 -0.50048 0)
(2.23051 -0.505583 0)
(2.24813 -0.506483 0)
(2.26786 -0.506654 0)
(2.29085 -0.508643 0)
(2.31494 -0.511865 0)
(2.33833 -0.514961 0)
(2.36022 -0.516388 0)
(2.3797 -0.516812 0)
(2.39631 -0.518759 0)
(2.41115 -0.522997 0)
(2.42612 -0.526713 0)
(2.44237 -0.527894 0)
(2.45993 -0.527964 0)
(2.47839 -0.530295 0)
(2.49718 -0.534379 0)
(2.51527 -0.537272 0)
(2.53234 -0.535036 0)
(2.54718 -0.527054 0)
(2.55835 -0.515295 0)
(2.56812 -0.510636 0)
(2.58198 -0.513036 0)
(2.59988 -0.517033 0)
(2.61956 -0.516837 0)
(2.63735 -0.518939 0)
(2.65313 -0.523151 0)
(2.6627 -0.519676 0)
(2.66668 -0.5135 0)
(2.6682 -0.512146 0)
(2.67219 -0.505498 0)
(2.67987 -0.475878 0)
(2.67631 -0.433785 0)
(2.63228 -0.312639 0)
(2.56097 -0.127744 0)
(2.51019 0.0506085 0)
(2.41354 0.264225 0)
(2.40684 0.284568 0)
(2.39235 0.31004 0)
(2.39712 0.333812 0)
(2.39163 0.34351 0)
(2.39124 0.347279 0)
(2.39866 0.353236 0)
(2.40719 0.358358 0)
(2.41482 0.36189 0)
(2.42412 0.364619 0)
(2.43428 0.365609 0)
(2.44425 0.366534 0)
(2.45307 0.369349 0)
(2.46259 0.371242 0)
(2.47071 0.370277 0)
(2.47661 0.368131 0)
(2.48207 0.370291 0)
(2.49115 0.373974 0)
(2.5025 0.378935 0)
(2.51488 0.385013 0)
(2.52692 0.39083 0)
(2.53534 0.395025 0)
(2.54183 0.395593 0)
(2.54057 0.392437 0)
(2.54042 0.389412 0)
(2.5485 0.391831 0)
(2.56258 0.396051 0)
(1.71812 0.965756 0)
(1.72393 0.957725 0)
(1.75976 0.934319 0)
(1.79041 0.912658 0)
(1.82097 0.886211 0)
(1.85204 0.862742 0)
(1.87614 0.849736 0)
(1.91516 0.817958 0)
(1.95735 0.776186 0)
(1.98467 0.757264 0)
(1.99903 0.755437 0)
(2.05593 0.717888 0)
(2.0889 0.691145 0)
(2.10557 0.624572 0)
(2.03697 0.473893 0)
(1.78339 0.140759 0)
(1.63478 -0.0892581 0)
(1.65113 -0.187238 0)
(1.69515 -0.201732 0)
(1.73976 -0.214382 0)
(1.77136 -0.230301 0)
(1.80469 -0.251062 0)
(1.84543 -0.278538 0)
(1.88695 -0.31229 0)
(1.9251 -0.337818 0)
(1.96053 -0.360713 0)
(1.98887 -0.378902 0)
(2.01167 -0.388548 0)
(2.0384 -0.395622 0)
(2.07091 -0.404046 0)
(2.10484 -0.413824 0)
(2.1378 -0.424488 0)
(2.16882 -0.435137 0)
(2.19739 -0.445116 0)
(2.2229 -0.454087 0)
(2.24517 -0.46045 0)
(2.26514 -0.462727 0)
(2.285 -0.462404 0)
(2.30652 -0.462732 0)
(2.32945 -0.465258 0)
(2.35233 -0.469638 0)
(2.37391 -0.473714 0)
(2.39341 -0.475824 0)
(2.41034 -0.476313 0)
(2.42513 -0.476774 0)
(2.43914 -0.47665 0)
(2.45356 -0.474561 0)
(2.46851 -0.471991 0)
(2.48415 -0.472375 0)
(2.50144 -0.475714 0)
(2.52059 -0.480724 0)
(2.54059 -0.485154 0)
(2.55903 -0.486891 0)
(2.57477 -0.482846 0)
(2.58767 -0.477056 0)
(2.59864 -0.471842 0)
(2.60833 -0.465198 0)
(2.62002 -0.458522 0)
(2.63737 -0.457106 0)
(2.65779 -0.461571 0)
(2.67415 -0.469428 0)
(2.68469 -0.476468 0)
(2.68601 -0.477988 0)
(2.68561 -0.463965 0)
(2.68534 -0.45744 0)
(2.69719 -0.45078 0)
(2.70857 -0.436109 0)
(2.70732 -0.396871 0)
(2.67869 -0.299 0)
(2.59096 -0.088055 0)
(2.56895 0.0559403 0)
(2.46312 0.259602 0)
(2.42689 0.351483 0)
(2.41396 0.363533 0)
(2.41188 0.359457 0)
(2.41532 0.362112 0)
(2.42351 0.372113 0)
(2.43469 0.37948 0)
(2.44187 0.385549 0)
(2.44752 0.386875 0)
(2.45571 0.391983 0)
(2.46344 0.397632 0)
(2.46839 0.397065 0)
(2.47048 0.394329 0)
(2.48115 0.393831 0)
(2.49348 0.393466 0)
(2.50632 0.395019 0)
(2.5197 0.397386 0)
(2.52999 0.402975 0)
(2.53529 0.411657 0)
(2.53914 0.41691 0)
(2.54063 0.418653 0)
(2.54719 0.41512 0)
(2.55728 0.413388 0)
(2.5669 0.41546 0)
(2.57954 0.419676 0)
(1.90262 0.920771 0)
(1.74683 0.971007 0)
(1.7677 0.957779 0)
(1.80246 0.935629 0)
(1.83719 0.908135 0)
(1.86338 0.888659 0)
(1.89228 0.867351 0)
(1.92379 0.839107 0)
(1.95922 0.804039 0)
(1.97319 0.797485 0)
(2.02001 0.765283 0)
(2.05137 0.749859 0)
(2.05227 0.667343 0)
(1.98323 0.484779 0)
(1.69728 0.137384 0)
(1.57653 -0.0447604 0)
(1.63005 -0.132663 0)
(1.67003 -0.158128 0)
(1.71072 -0.171096 0)
(1.7535 -0.193689 0)
(1.78822 -0.219588 0)
(1.82341 -0.243212 0)
(1.864 -0.26308 0)
(1.90369 -0.284459 0)
(1.94109 -0.307067 0)
(1.97635 -0.327737 0)
(2.00805 -0.346027 0)
(2.03557 -0.358414 0)
(2.06251 -0.364275 0)
(2.09206 -0.368901 0)
(2.12353 -0.375809 0)
(2.15479 -0.3849 0)
(2.18434 -0.394493 0)
(2.21153 -0.403193 0)
(2.23623 -0.410632 0)
(2.25908 -0.41598 0)
(2.28085 -0.418448 0)
(2.30186 -0.418724 0)
(2.32249 -0.418484 0)
(2.34323 -0.419294 0)
(2.36401 -0.422113 0)
(2.38446 -0.425877 0)
(2.40427 -0.429346 0)
(2.42321 -0.432554 0)
(2.44097 -0.435813 0)
(2.45736 -0.438237 0)
(2.4727 -0.438527 0)
(2.48758 -0.437446 0)
(2.50269 -0.437574 0)
(2.5184 -0.43845 0)
(2.53416 -0.439034 0)
(2.54961 -0.438404 0)
(2.56564 -0.436803 0)
(2.5831 -0.433789 0)
(2.59984 -0.432713 0)
(2.61368 -0.433352 0)
(2.62479 -0.430381 0)
(2.63499 -0.421578 0)
(2.6448 -0.410855 0)
(2.65455 -0.404906 0)
(2.66733 -0.405659 0)
(2.68253 -0.40848 0)
(2.6954 -0.415782 0)
(2.70365 -0.423999 0)
(2.70887 -0.427798 0)
(2.71273 -0.411761 0)
(2.71347 -0.409809 0)
(2.72519 -0.405175 0)
(2.74254 -0.39864 0)
(2.74086 -0.360865 0)
(2.72273 -0.268744 0)
(2.63876 -0.0695579 0)
(2.58717 0.0959302 0)
(2.54402 0.237931 0)
(2.44729 0.375176 0)
(2.41845 0.397208 0)
(2.42717 0.418629 0)
(2.4437 0.420557 0)
(2.45368 0.415338 0)
(2.46264 0.409991 0)
(2.47571 0.409376 0)
(2.48567 0.410783 0)
(2.48313 0.413179 0)
(2.47944 0.417433 0)
(2.48395 0.418958 0)
(2.49352 0.418982 0)
(2.50679 0.421511 0)
(2.5212 0.42506 0)
(2.53588 0.429818 0)
(2.55024 0.432607 0)
(2.55787 0.433587 0)
(2.55321 0.441385 0)
(2.55332 0.444526 0)
(2.5605 0.438735 0)
(2.56912 0.440293 0)
(2.58468 0.445947 0)
(2.42273 0.62597 0)
(1.87236 0.950715 0)
(1.77593 0.968936 0)
(1.80444 0.954634 0)
(1.84434 0.928472 0)
(1.87752 0.906015 0)
(1.89629 0.893198 0)
(1.94065 0.855026 0)
(1.95934 0.836689 0)
(1.99572 0.805177 0)
(2.0237 0.80487 0)
(2.00815 0.715939 0)
(1.88639 0.469488 0)
(1.68695 0.145728 0)
(1.56237 0.00605676 0)
(1.59659 -0.0582702 0)
(1.65127 -0.0871088 0)
(1.699 -0.119449 0)
(1.73486 -0.145412 0)
(1.76957 -0.168793 0)
(1.80539 -0.193734 0)
(1.84402 -0.215301 0)
(1.88434 -0.233812 0)
(1.9234 -0.25263 0)
(1.96052 -0.273697 0)
(1.99512 -0.294242 0)
(2.02729 -0.310262 0)
(2.05725 -0.321002 0)
(2.08566 -0.327914 0)
(2.11378 -0.333346 0)
(2.14239 -0.339223 0)
(2.17103 -0.346543 0)
(2.19866 -0.354396 0)
(2.22469 -0.361203 0)
(2.24912 -0.366505 0)
(2.27255 -0.370001 0)
(2.29539 -0.371841 0)
(2.31727 -0.373014 0)
(2.33775 -0.374378 0)
(2.35711 -0.376128 0)
(2.3759 -0.378562 0)
(2.39489 -0.380685 0)
(2.41436 -0.38191 0)
(2.43386 -0.383171 0)
(2.45245 -0.385406 0)
(2.46907 -0.387587 0)
(2.48337 -0.387951 0)
(2.49606 -0.387241 0)
(2.50912 -0.388516 0)
(2.52451 -0.391448 0)
(2.54159 -0.393705 0)
(2.55884 -0.39396 0)
(2.57559 -0.390828 0)
(2.59082 -0.38379 0)
(2.60371 -0.378176 0)
(2.61644 -0.376205 0)
(2.63093 -0.374843 0)
(2.64584 -0.37324 0)
(2.65897 -0.370817 0)
(2.66903 -0.368445 0)
(2.6774 -0.364948 0)
(2.68345 -0.3589 0)
(2.68864 -0.356671 0)
(2.69763 -0.358311 0)
(2.71194 -0.364687 0)
(2.72505 -0.370803 0)
(2.73407 -0.376514 0)
(2.74436 -0.367166 0)
(2.75154 -0.369658 0)
(2.763 -0.36631 0)
(2.78037 -0.354737 0)
(2.77508 -0.322643 0)
(2.75085 -0.231793 0)
(2.68463 -0.0514493 0)
(2.59637 0.134546 0)
(2.57494 0.222654 0)
(2.4856 0.359773 0)
(2.45986 0.453586 0)
(2.46565 0.454572 0)
(2.47574 0.454117 0)
(2.48112 0.450067 0)
(2.48615 0.437916 0)
(2.49412 0.429758 0)
(2.50112 0.430236 0)
(2.49961 0.436077 0)
(2.50292 0.44372 0)
(2.51282 0.448612 0)
(2.52521 0.450489 0)
(2.53789 0.453242 0)
(2.54849 0.458103 0)
(2.55719 0.464351 0)
(2.56553 0.468638 0)
(2.57331 0.467888 0)
(2.57503 0.462318 0)
(2.57761 0.46509 0)
(2.58965 0.468835 0)
(2.93925 0.120313 0)
(2.29279 0.726488 0)
(1.85337 0.969804 0)
(1.81043 0.966814 0)
(1.84178 0.947182 0)
(1.87172 0.930653 0)
(1.91517 0.898471 0)
(1.94076 0.882118 0)
(1.97189 0.85175 0)
(1.99377 0.83921 0)
(1.9718 0.741297 0)
(1.8238 0.475214 0)
(1.60574 0.134323 0)
(1.55252 -0.00837191 0)
(1.58259 -0.048579 0)
(1.62724 -0.0436215 0)
(1.67514 -0.0619738 0)
(1.72278 -0.0995827 0)
(1.7613 -0.132887 0)
(1.795 -0.157674 0)
(1.82926 -0.180443 0)
(1.86587 -0.198007 0)
(1.90409 -0.21291 0)
(1.94148 -0.227937 0)
(1.97708 -0.243886 0)
(2.01083 -0.260411 0)
(2.04332 -0.274952 0)
(2.07491 -0.285681 0)
(2.10482 -0.292992 0)
(2.13242 -0.298132 0)
(2.15834 -0.302417 0)
(2.18381 -0.307442 0)
(2.20955 -0.313213 0)
(2.23531 -0.318202 0)
(2.2605 -0.322057 0)
(2.28489 -0.324787 0)
(2.3083 -0.32664 0)
(2.33032 -0.328371 0)
(2.35042 -0.330828 0)
(2.36867 -0.333746 0)
(2.38588 -0.336654 0)
(2.40385 -0.337532 0)
(2.42299 -0.336187 0)
(2.44225 -0.335031 0)
(2.46105 -0.336704 0)
(2.47934 -0.340821 0)
(2.49631 -0.344726 0)
(2.51087 -0.347855 0)
(2.52342 -0.350406 0)
(2.53708 -0.353282 0)
(2.55412 -0.354841 0)
(2.57184 -0.353367 0)
(2.58787 -0.347865 0)
(2.6047 -0.339897 0)
(2.61929 -0.335762 0)
(2.63136 -0.334342 0)
(2.64378 -0.332182 0)
(2.65774 -0.328292 0)
(2.67065 -0.32437 0)
(2.68233 -0.323784 0)
(2.69261 -0.326999 0)
(2.70041 -0.326371 0)
(2.70547 -0.317105 0)
(2.70751 -0.30682 0)
(2.70772 -0.304852 0)
(2.71739 -0.310053 0)
(2.73489 -0.314733 0)
(2.7533 -0.322192 0)
(2.7713 -0.333022 0)
(2.7828 -0.331706 0)
(2.79696 -0.324297 0)
(2.80322 -0.319629 0)
(2.80719 -0.315202 0)
(2.79381 -0.271102 0)
(2.7682 -0.188166 0)
(2.72178 -0.0500131 0)
(2.60089 0.185094 0)
(2.58865 0.270638 0)
(2.56908 0.364492 0)
(2.52859 0.455683 0)
(2.49503 0.483943 0)
(2.48852 0.481679 0)
(2.49172 0.476207 0)
(2.499 0.46755 0)
(2.50657 0.461589 0)
(2.52055 0.462806 0)
(2.53408 0.466732 0)
(2.54039 0.470663 0)
(2.54427 0.478241 0)
(2.55289 0.486399 0)
(2.56185 0.492871 0)
(2.56749 0.495779 0)
(2.57286 0.496498 0)
(2.58376 0.490841 0)
(2.59244 0.489355 0)
(2.60618 0.491056 0)
(2.99865 0.00669823 0)
(2.86304 0.21777 0)
(2.21167 0.795307 0)
(1.85479 0.965874 0)
(1.84499 0.966994 0)
(1.87188 0.948372 0)
(1.91412 0.92539 0)
(1.93768 0.906527 0)
(1.95711 0.864601 0)
(1.91696 0.728506 0)
(1.74619 0.422754 0)
(1.56202 0.154306 0)
(1.54889 0.0633563 0)
(1.58307 0.0107232 0)
(1.63022 -0.00897747 0)
(1.66346 -0.0252329 0)
(1.69248 -0.0491945 0)
(1.73379 -0.0768612 0)
(1.77506 -0.101393 0)
(1.81222 -0.122348 0)
(1.84712 -0.145566 0)
(1.88097 -0.16627 0)
(1.91578 -0.180758 0)
(1.95066 -0.193267 0)
(1.98471 -0.207295 0)
(2.01849 -0.222427 0)
(2.05133 -0.23601 0)
(2.08372 -0.24592 0)
(2.11529 -0.252947 0)
(2.14405 -0.258917 0)
(2.16935 -0.264487 0)
(2.19276 -0.269484 0)
(2.21657 -0.273369 0)
(2.24176 -0.275268 0)
(2.26691 -0.275913 0)
(2.29064 -0.276367 0)
(2.31275 -0.277348 0)
(2.33363 -0.278983 0)
(2.35337 -0.281002 0)
(2.37177 -0.283501 0)
(2.38882 -0.287201 0)
(2.4063 -0.289457 0)
(2.42585 -0.288622 0)
(2.44558 -0.286436 0)
(2.46284 -0.286058 0)
(2.47758 -0.288819 0)
(2.49243 -0.293021 0)
(2.50894 -0.298116 0)
(2.52571 -0.303411 0)
(2.54152 -0.306859 0)
(2.55573 -0.307978 0)
(2.57204 -0.307766 0)
(2.5946 -0.303419 0)
(2.61326 -0.296176 0)
(2.62995 -0.290971 0)
(2.64415 -0.289146 0)
(2.65221 -0.286757 0)
(2.65634 -0.281204 0)
(2.66405 -0.276104 0)
(2.67461 -0.273785 0)
(2.68507 -0.274092 0)
(2.70005 -0.271778 0)
(2.71475 -0.266837 0)
(2.72479 -0.262179 0)
(2.73028 -0.261495 0)
(2.73118 -0.264959 0)
(2.72537 -0.272366 0)
(2.73441 -0.275428 0)
(2.75927 -0.278397 0)
(2.78496 -0.281897 0)
(2.80721 -0.283512 0)
(2.82674 -0.287044 0)
(2.83321 -0.276509 0)
(2.82351 -0.272049 0)
(2.81972 -0.256282 0)
(2.81557 -0.231095 0)
(2.78442 -0.156086 0)
(2.74675 -0.0270978 0)
(2.65562 0.211502 0)
(2.62123 0.324412 0)
(2.61039 0.389505 0)
(2.5668 0.449946 0)
(2.52181 0.499717 0)
(2.50326 0.508356 0)
(2.50872 0.508891 0)
(2.52064 0.508628 0)
(2.53041 0.505348 0)
(2.54204 0.49947 0)
(2.55643 0.499133 0)
(2.57124 0.503398 0)
(2.58104 0.510795 0)
(2.5789 0.519076 0)
(2.57807 0.521609 0)
(2.58252 0.515636 0)
(2.58999 0.51431 0)
(2.60644 0.517051 0)
(2.99998 5.42931e-05 0)
(2.99509 0.015564 0)
(2.78875 0.31956 0)
(2.13038 0.840303 0)
(1.88469 0.964064 0)
(1.88762 0.967112 0)
(1.9182 0.962141 0)
(1.90756 0.879482 0)
(1.82316 0.682984 0)
(1.66062 0.366828 0)
(1.52661 0.152423 0)
(1.50828 0.0662098 0)
(1.55312 0.0560343 0)
(1.59579 0.0390897 0)
(1.64686 0.00212854 0)
(1.68393 -0.0261786 0)
(1.70963 -0.03841 0)
(1.7373 -0.0528951 0)
(1.77685 -0.0732341 0)
(1.81745 -0.0998262 0)
(1.85406 -0.124297 0)
(1.88816 -0.140995 0)
(1.92199 -0.151275 0)
(1.95647 -0.161251 0)
(1.98873 -0.174095 0)
(2.01935 -0.185386 0)
(2.05149 -0.196191 0)
(2.08323 -0.205891 0)
(2.11517 -0.213345 0)
(2.14801 -0.218796 0)
(2.17587 -0.224678 0)
(2.19895 -0.229994 0)
(2.21968 -0.232872 0)
(2.24208 -0.233544 0)
(2.26751 -0.233599 0)
(2.29354 -0.234008 0)
(2.3179 -0.235529 0)
(2.3404 -0.238039 0)
(2.36172 -0.240313 0)
(2.38198 -0.241931 0)
(2.40066 -0.242748 0)
(2.41825 -0.243886 0)
(2.43597 -0.244687 0)
(2.45413 -0.245337 0)
(2.47337 -0.247801 0)
(2.49234 -0.25161 0)
(2.50939 -0.25369 0)
(2.52446 -0.254325 0)
(2.5389 -0.256461 0)
(2.5535 -0.261086 0)
(2.56796 -0.263816 0)
(2.58193 -0.2621 0)
(2.59104 -0.259982 0)
(2.60006 -0.257123 0)
(2.61276 -0.251142 0)
(2.62799 -0.245761 0)
(2.64538 -0.243356 0)
(2.66167 -0.242753 0)
(2.6756 -0.241878 0)
(2.68906 -0.239375 0)
(2.70124 -0.233943 0)
(2.71031 -0.226124 0)
(2.71673 -0.222484 0)
(2.7217 -0.222161 0)
(2.72332 -0.224975 0)
(2.72348 -0.228354 0)
(2.73535 -0.231475 0)
(2.7517 -0.232252 0)
(2.76539 -0.232572 0)
(2.77949 -0.235794 0)
(2.79382 -0.238713 0)
(2.80923 -0.235763 0)
(2.82786 -0.232976 0)
(2.83898 -0.232624 0)
(2.84067 -0.232695 0)
(2.83252 -0.220282 0)
(2.83896 -0.213915 0)
(2.84118 -0.191832 0)
(2.8249 -0.122579 0)
(2.7856 0.0036774 0)
(2.73273 0.192535 0)
(2.63755 0.390936 0)
(2.62426 0.421411 0)
(2.57706 0.462474 0)
(2.55243 0.511196 0)
(2.527 0.54522 0)
(2.53332 0.543149 0)
(2.54517 0.536435 0)
(2.55795 0.533086 0)
(2.56853 0.534292 0)
(2.5791 0.540726 0)
(2.58898 0.542481 0)
(2.59222 0.543057 0)
(2.58856 0.541826 0)
(2.59458 0.540465 0)
(2.61088 0.54232 0)
(3 8.11276e-08 0)
(2.99992 0.000246515 0)
(2.9926 0.0257836 0)
(2.65553 0.432512 0)
(2.11193 0.833883 0)
(1.94501 1.01875 0)
(1.87955 0.936371 0)
(1.68292 0.629336 0)
(1.51779 0.320353 0)
(1.4726 0.171203 0)
(1.4768 0.118355 0)
(1.50296 0.101155 0)
(1.55152 0.0826391 0)
(1.58821 0.0633038 0)
(1.63215 0.0351869 0)
(1.67353 0.00428611 0)
(1.70566 -0.0146429 0)
(1.73067 -0.0270389 0)
(1.75738 -0.0428094 0)
(1.79925 -0.0640142 0)
(1.8455 -0.0872616 0)
(1.88668 -0.104297 0)
(1.92003 -0.113646 0)
(1.94596 -0.12123 0)
(1.97892 -0.134128 0)
(2.01577 -0.145573 0)
(2.05123 -0.155487 0)
(2.08635 -0.166307 0)
(2.11658 -0.174086 0)
(2.13875 -0.17667 0)
(2.16261 -0.180295 0)
(2.1877 -0.184912 0)
(2.21191 -0.188281 0)
(2.23406 -0.188487 0)
(2.25442 -0.186937 0)
(2.27448 -0.186664 0)
(2.29518 -0.18881 0)
(2.31711 -0.191404 0)
(2.34006 -0.192464 0)
(2.36343 -0.191921 0)
(2.38625 -0.191394 0)
(2.40687 -0.193718 0)
(2.42508 -0.198588 0)
(2.44238 -0.20312 0)
(2.45888 -0.205785 0)
(2.47481 -0.206555 0)
(2.49108 -0.205034 0)
(2.50833 -0.203235 0)
(2.52476 -0.203906 0)
(2.53819 -0.208429 0)
(2.54958 -0.213465 0)
(2.56111 -0.215996 0)
(2.57342 -0.216974 0)
(2.58669 -0.214466 0)
(2.60113 -0.208579 0)
(2.61427 -0.202496 0)
(2.6246 -0.197232 0)
(2.63539 -0.192667 0)
(2.64914 -0.188941 0)
(2.66671 -0.184973 0)
(2.68691 -0.183469 0)
(2.70737 -0.183307 0)
(2.72423 -0.182417 0)
(2.73316 -0.180198 0)
(2.7345 -0.180304 0)
(2.73365 -0.181958 0)
(2.74234 -0.181452 0)
(2.75662 -0.180449 0)
(2.77321 -0.183754 0)
(2.78894 -0.188634 0)
(2.80266 -0.191754 0)
(2.81462 -0.191597 0)
(2.82411 -0.191132 0)
(2.82895 -0.189105 0)
(2.82567 -0.187581 0)
(2.83476 -0.183704 0)
(2.84495 -0.183282 0)
(2.86343 -0.180634 0)
(2.87597 -0.172365 0)
(2.87882 -0.148365 0)
(2.86435 -0.0919242 0)
(2.80096 0.052639 0)
(2.76662 0.19182 0)
(2.66267 0.38377 0)
(2.59717 0.497111 0)
(2.59062 0.490745 0)
(2.58825 0.516415 0)
(2.58418 0.545564 0)
(2.57614 0.556359 0)
(2.57654 0.564043 0)
(2.5809 0.571287 0)
(2.58364 0.573273 0)
(2.58565 0.573033 0)
(2.59622 0.570377 0)
(2.60734 0.567046 0)
(2.62572 0.566788 0)
(3 3.75638e-11 0)
(3 5.59502e-07 0)
(2.99986 0.000571461 0)
(2.9716 0.0522272 0)
(2.62381 0.458942 0)
(2.22659 1.04835 0)
(1.56798 0.555837 0)
(1.35018 0.281935 0)
(1.37994 0.183466 0)
(1.39877 0.126963 0)
(1.4428 0.106558 0)
(1.48911 0.10034 0)
(1.53287 0.0896157 0)
(1.569 0.0757634 0)
(1.60666 0.0555002 0)
(1.645 0.030495 0)
(1.68045 0.00964154 0)
(1.71641 -0.0124492 0)
(1.75297 -0.0306396 0)
(1.79397 -0.0415793 0)
(1.8354 -0.0553569 0)
(1.87342 -0.0724824 0)
(1.91047 -0.0875898 0)
(1.94721 -0.0972857 0)
(1.98231 -0.100779 0)
(2.01208 -0.10853 0)
(2.04075 -0.119777 0)
(2.07085 -0.127893 0)
(2.10468 -0.132843 0)
(2.13811 -0.13798 0)
(2.16865 -0.14057 0)
(2.19523 -0.140038 0)
(2.21913 -0.138959 0)
(2.24131 -0.138814 0)
(2.26217 -0.140206 0)
(2.28302 -0.142551 0)
(2.30567 -0.144323 0)
(2.32873 -0.145384 0)
(2.35183 -0.145972 0)
(2.37559 -0.146449 0)
(2.4009 -0.14845 0)
(2.42587 -0.151823 0)
(2.4467 -0.154985 0)
(2.46267 -0.15737 0)
(2.47621 -0.159616 0)
(2.49134 -0.161231 0)
(2.50914 -0.160512 0)
(2.52733 -0.158954 0)
(2.54483 -0.158429 0)
(2.55979 -0.159993 0)
(2.57023 -0.163227 0)
(2.57624 -0.16733 0)
(2.5837 -0.168951 0)
(2.59678 -0.165055 0)
(2.61037 -0.159688 0)
(2.62261 -0.155115 0)
(2.63309 -0.151004 0)
(2.64309 -0.146952 0)
(2.65621 -0.145343 0)
(2.6737 -0.144983 0)
(2.69449 -0.145169 0)
(2.71408 -0.144598 0)
(2.73067 -0.143592 0)
(2.743 -0.144403 0)
(2.74764 -0.144918 0)
(2.74834 -0.141016 0)
(2.75586 -0.139108 0)
(2.76965 -0.139851 0)
(2.78491 -0.144578 0)
(2.79943 -0.148125 0)
(2.81423 -0.149408 0)
(2.82922 -0.151593 0)
(2.83987 -0.152326 0)
(2.83633 -0.148329 0)
(2.83158 -0.139872 0)
(2.83461 -0.133294 0)
(2.84337 -0.135523 0)
(2.85639 -0.132454 0)
(2.87071 -0.129375 0)
(2.88488 -0.127997 0)
(2.89582 -0.131386 0)
(2.89181 -0.114644 0)
(2.87905 -0.0614877 0)
(2.82175 0.0679251 0)
(2.76819 0.198203 0)
(2.68549 0.381204 0)
(2.62841 0.537808 0)
(2.63035 0.534681 0)
(2.61651 0.554031 0)
(2.61339 0.563128 0)
(2.60496 0.573889 0)
(2.59666 0.587667 0)
(2.59466 0.603912 0)
(2.59593 0.607922 0)
(2.60729 0.60203 0)
(2.6215 0.590787 0)
(3 3.20525e-15 0)
(3 3.7926e-10 0)
(3 1.84034e-06 0)
(2.99951 0.0013342 0)
(2.95858 0.0876818 0)
(2.00831 0.384634 0)
(1.18323 0.174314 0)
(1.17991 0.115108 0)
(1.27481 0.127655 0)
(1.31578 0.136454 0)
(1.35216 0.129019 0)
(1.39977 0.119141 0)
(1.44307 0.101233 0)
(1.48868 0.0828364 0)
(1.53445 0.0671128 0)
(1.58452 0.0503976 0)
(1.63377 0.0340288 0)
(1.68009 0.0154769 0)
(1.72454 -0.00348757 0)
(1.76855 -0.016942 0)
(1.8115 -0.0299029 0)
(1.85413 -0.0449341 0)
(1.89516 -0.0586499 0)
(1.93242 -0.0666284 0)
(1.96665 -0.0711209 0)
(2.00166 -0.0771529 0)
(2.03582 -0.0829925 0)
(2.06819 -0.0880046 0)
(2.09865 -0.0933717 0)
(2.12978 -0.0978191 0)
(2.15964 -0.0976377 0)
(2.1874 -0.0958868 0)
(2.21244 -0.0953708 0)
(2.23451 -0.0968321 0)
(2.25473 -0.0997096 0)
(2.27509 -0.102233 0)
(2.29719 -0.102267 0)
(2.32126 -0.101505 0)
(2.34597 -0.101861 0)
(2.37016 -0.103262 0)
(2.39234 -0.105421 0)
(2.41165 -0.107489 0)
(2.4294 -0.108909 0)
(2.44783 -0.10972 0)
(2.46679 -0.11083 0)
(2.48474 -0.112191 0)
(2.5012 -0.112977 0)
(2.5162 -0.113449 0)
(2.53 -0.113219 0)
(2.54216 -0.113308 0)
(2.55336 -0.113637 0)
(2.56505 -0.113227 0)
(2.5777 -0.111915 0)
(2.591 -0.110541 0)
(2.60416 -0.110291 0)
(2.61638 -0.110682 0)
(2.62655 -0.109311 0)
(2.63658 -0.106321 0)
(2.64969 -0.104109 0)
(2.66673 -0.103797 0)
(2.68556 -0.10457 0)
(2.70552 -0.102696 0)
(2.72288 -0.101814 0)
(2.73538 -0.102674 0)
(2.74021 -0.104822 0)
(2.74012 -0.104877 0)
(2.74504 -0.103214 0)
(2.75702 -0.0999308 0)
(2.77285 -0.101511 0)
(2.78832 -0.105809 0)
(2.80185 -0.111414 0)
(2.81289 -0.11651 0)
(2.82491 -0.110539 0)
(2.83624 -0.104866 0)
(2.84436 -0.0958953 0)
(2.85166 -0.0923376 0)
(2.85827 -0.0943344 0)
(2.86644 -0.0937272 0)
(2.87777 -0.092477 0)
(2.89052 -0.0958566 0)
(2.90588 -0.0987147 0)
(2.91062 -0.0919953 0)
(2.91236 -0.104363 0)
(2.89821 -0.0737373 0)
(2.88693 -0.0219468 0)
(2.84655 0.0891509 0)
(2.78065 0.258741 0)
(2.7574 0.378706 0)
(2.6633 0.567701 0)
(2.64833 0.594082 0)
(2.62723 0.5991 0)
(2.62452 0.598499 0)
(2.62049 0.606147 0)
(2.61176 0.616964 0)
(2.61163 0.605864 0)
(2.61279 0.571936 0)
(3 -1.25617e-15 0)
(3 3.26221e-14 0)
(3 1.94663e-09 0)
(3 5.41628e-06 0)
(2.9974 0.00234373 0)
(1.28478 -0.112504 0)
(0.802553 0.065671 0)
(0.903388 0.171277 0)
(1.02006 0.160514 0)
(1.08939 0.123199 0)
(1.15008 0.0879871 0)
(1.22218 0.0598146 0)
(1.29102 0.0469328 0)
(1.36047 0.0360694 0)
(1.42913 0.0255935 0)
(1.49852 0.0167651 0)
(1.56528 0.006844 0)
(1.62498 -0.00221621 0)
(1.68196 -0.0116782 0)
(1.73515 -0.0194737 0)
(1.78505 -0.0278937 0)
(1.83059 -0.0369321 0)
(1.87231 -0.0429218 0)
(1.91158 -0.0455019 0)
(1.94911 -0.0473875 0)
(1.98527 -0.0495415 0)
(2.02055 -0.051893 0)
(2.05519 -0.0546253 0)
(2.08861 -0.0569822 0)
(2.12004 -0.0576804 0)
(2.14963 -0.0571727 0)
(2.17735 -0.0569673 0)
(2.20283 -0.0579356 0)
(2.22649 -0.0597487 0)
(2.24997 -0.061451 0)
(2.27472 -0.0622466 0)
(2.30093 -0.0622428 0)
(2.32768 -0.0621139 0)
(2.35359 -0.0622839 0)
(2.37749 -0.0624236 0)
(2.39929 -0.0621552 0)
(2.42005 -0.0620412 0)
(2.44106 -0.0630546 0)
(2.46233 -0.0649564 0)
(2.4827 -0.0669193 0)
(2.50065 -0.0686847 0)
(2.51541 -0.0694744 0)
(2.52792 -0.0690209 0)
(2.53977 -0.0678244 0)
(2.55189 -0.0672978 0)
(2.56508 -0.0674097 0)
(2.58049 -0.0674257 0)
(2.59752 -0.0672667 0)
(2.61427 -0.0668845 0)
(2.6288 -0.0665417 0)
(2.63921 -0.0666365 0)
(2.64518 -0.0657776 0)
(2.65025 -0.063467 0)
(2.65952 -0.0610452 0)
(2.67521 -0.0606007 0)
(2.69839 -0.0615295 0)
(2.71902 -0.0607812 0)
(2.73674 -0.0609702 0)
(2.75065 -0.0638413 0)
(2.75671 -0.0670248 0)
(2.75014 -0.064911 0)
(2.74714 -0.0604606 0)
(2.75799 -0.0567248 0)
(2.77619 -0.0574627 0)
(2.79474 -0.0593182 0)
(2.80942 -0.0622854 0)
(2.81956 -0.0657175 0)
(2.82663 -0.0643604 0)
(2.8321 -0.0631425 0)
(2.83903 -0.0591225 0)
(2.84574 -0.0575012 0)
(2.85031 -0.0587236 0)
(2.8561 -0.057927 0)
(2.86565 -0.0564646 0)
(2.878 -0.0602505 0)
(2.88949 -0.0575768 0)
(2.89917 -0.0613265 0)
(2.90605 -0.0632088 0)
(2.90384 -0.0685143 0)
(2.90641 -0.0579198 0)
(2.90294 -0.0346561 0)
(2.89221 0.0186194 0)
(2.86201 0.131165 0)
(2.78834 0.323452 0)
(2.80285 0.400009 0)
(2.70636 0.558532 0)
(2.66674 0.621923 0)
(2.62816 0.600538 0)
(2.58748 0.547877 0)
(2.56302 0.465875 0)
(2.53505 0.285137 0)
(3 -6.34164e-16 0)
(3 -7.03155e-16 0)
(3 1.38942e-13 0)
(3 9.55199e-09 0)
(2.94998 -0.00444668 0)
(0.950392 -0.0427621 0)
(0.610899 0.011044 0)
(0.674625 0.0531684 0)
(0.782178 0.0793362 0)
(0.887483 0.0863175 0)
(0.990097 0.0849143 0)
(1.09338 0.0763629 0)
(1.1903 0.0652533 0)
(1.27955 0.0532042 0)
(1.36302 0.0445079 0)
(1.44568 0.0379109 0)
(1.52718 0.0301319 0)
(1.60178 0.0203865 0)
(1.66787 0.00740231 0)
(1.725 -0.00183274 0)
(1.77637 -0.00616357 0)
(1.82301 -0.00917243 0)
(1.86568 -0.0112133 0)
(1.9052 -0.0125751 0)
(1.94206 -0.0136515 0)
(1.97757 -0.0146883 0)
(2.01294 -0.0158474 0)
(2.04788 -0.0169452 0)
(2.08155 -0.0176204 0)
(2.11369 -0.0178112 0)
(2.14445 -0.0177682 0)
(2.17386 -0.0178309 0)
(2.20191 -0.0182741 0)
(2.22888 -0.0190241 0)
(2.25544 -0.0197047 0)
(2.28204 -0.0200273 0)
(2.30845 -0.0199939 0)
(2.33452 -0.0199393 0)
(2.35999 -0.0199779 0)
(2.38425 -0.0198472 0)
(2.40727 -0.0197214 0)
(2.42909 -0.0199644 0)
(2.4498 -0.0206037 0)
(2.46991 -0.0212792 0)
(2.49057 -0.0222514 0)
(2.51126 -0.0235709 0)
(2.52953 -0.0244242 0)
(2.54342 -0.0240818 0)
(2.55306 -0.0229701 0)
(2.56227 -0.0225556 0)
(2.57549 -0.0227518 0)
(2.59172 -0.0225679 0)
(2.60807 -0.0219078 0)
(2.62256 -0.0209953 0)
(2.6342 -0.0205738 0)
(2.6444 -0.0217482 0)
(2.65636 -0.0244667 0)
(2.67028 -0.027599 0)
(2.68399 -0.0281683 0)
(2.69626 -0.025111 0)
(2.70476 -0.0238911 0)
(2.71337 -0.0273834 0)
(2.72551 -0.0284671 0)
(2.73851 -0.0292428 0)
(2.75143 -0.0299602 0)
(2.76459 -0.0312558 0)
(2.77222 -0.0300497 0)
(2.77724 -0.0240181 0)
(2.78398 -0.0200436 0)
(2.79373 -0.0194717 0)
(2.80537 -0.0206962 0)
(2.81657 -0.0218401 0)
(2.82842 -0.0219236 0)
(2.84095 -0.0216726 0)
(2.85033 -0.0203428 0)
(2.85458 -0.0185322 0)
(2.85387 -0.0188567 0)
(2.85551 -0.0182173 0)
(2.86337 -0.0178668 0)
(2.87543 -0.0176688 0)
(2.88878 -0.0174567 0)
(2.90204 -0.01917 0)
(2.91073 -0.0225999 0)
(2.91272 -0.0256623 0)
(2.90783 -0.0221034 0)
(2.90249 -0.01755 0)
(2.91311 -0.0191365 0)
(2.91415 -0.0112695 0)
(2.89628 0.0295202 0)
(2.85776 0.108224 0)
(2.76223 0.223932 0)
(2.68802 0.283532 0)
(2.61618 0.361999 0)
(2.56499 0.306022 0)
(2.51662 0.342111 0)
(2.47505 0.274596 0)
)
;

boundaryField
{
    inlet
    {
        type            fixedValue;
        value           uniform (3 0 0);
    }
    outlet
    {
        type            inletOutlet;
        inletValue      uniform (3 0 0);
        value           nonuniform List<vector> 
32
(
(2.37278 0.00851229 0)
(2.37054 0.0282722 0)
(2.37706 0.0484671 0)
(2.3849 0.0641135 0)
(2.3892 0.0821948 0)
(2.3965 0.0985902 0)
(2.40975 0.10757 0)
(2.41868 0.118267 0)
(2.42693 0.12638 0)
(2.43217 0.141722 0)
(2.44241 0.163024 0)
(2.45315 0.189755 0)
(2.46647 0.212467 0)
(2.47935 0.237274 0)
(2.49564 0.261118 0)
(2.50964 0.287186 0)
(2.52919 0.306919 0)
(2.53784 0.328339 0)
(2.55372 0.345516 0)
(2.56031 0.368356 0)
(2.56258 0.396051 0)
(2.57954 0.419676 0)
(2.58468 0.445947 0)
(2.58965 0.468835 0)
(2.60618 0.491056 0)
(2.60644 0.517051 0)
(2.61088 0.54232 0)
(2.62572 0.566788 0)
(2.6215 0.590787 0)
(2.61279 0.571936 0)
(2.53505 0.285137 0)
(2.47505 0.274596 0)
)
;
    }
    bottom
    {
        type            symmetryPlane;
    }
    top
    {
        type            symmetryPlane;
    }
    obstacle
    {
        type            slip;
    }
    defaultFaces
    {
        type            empty;
    }
}


// ************************************************************************* //
