/*--------------------------------*- C++ -*----------------------------------*\
  =========                 |
  \\      /  F ield         | OpenFOAM: The Open Source CFD Toolbox
   \\    /   O peration     | Website:  https://openfoam.org
    \\  /    A nd           | Version:  7
     \\/     M anipulation  |
\*---------------------------------------------------------------------------*/
FoamFile
{
    version     2.0;
    format      ascii;
    class       volVectorField;
    location    "0.6";
    object      U;
}
// * * * * * * * * * * * * * * * * * * * * * * * * * * * * * * * * * * * * * //

dimensions      [0 1 -1 0 0 0 0];

internalField   nonuniform List<vector> 
4032
(
(3 -1.93497e-17 0)
(3 6.12441e-17 0)
(3 1.76898e-17 0)
(3 -2.32471e-16 0)
(3 -8.74233e-16 0)
(3 -1.4864e-15 0)
(3 -1.45653e-15 0)
(3 -1.23247e-15 0)
(3 -8.96329e-16 0)
(3 -6.46633e-16 0)
(3 2.84686e-17 0)
(3 5.02114e-16 0)
(3 5.30983e-16 0)
(3 5.762e-16 0)
(2.27417 0.013967 0)
(0.747154 0.0266332 0)
(0.572191 0.023431 0)
(0.509725 0.0265845 0)
(0.43642 0.0274964 0)
(0.36976 0.0318578 0)
(0.28729 0.0356174 0)
(0.216684 0.0410181 0)
(0.132542 0.0454959 0)
(0.0495733 0.0492306 0)
(3 6.18402e-18 0)
(3 9.68263e-17 0)
(3 -1.21829e-17 0)
(3 2.07178e-16 0)
(3 -1.00158e-15 0)
(3 -1.98578e-15 0)
(3 -2.62876e-15 0)
(3 -2.13546e-15 0)
(3 -1.25046e-15 0)
(3 -5.83492e-16 0)
(3 5.72065e-17 0)
(3 8.38594e-16 0)
(3 1.2639e-15 0)
(3 1.44101e-15 0)
(2.30949 0.0658783 0)
(0.744022 0.109966 0)
(0.556084 0.0784266 0)
(0.492232 0.0783129 0)
(0.419849 0.0839091 0)
(0.352223 0.0966943 0)
(0.269207 0.106967 0)
(0.20081 0.121994 0)
(0.121823 0.136929 0)
(0.0451621 0.148939 0)
(3 2.23211e-17 0)
(3 -6.06261e-16 0)
(3 -9.17943e-16 0)
(3 -5.0854e-16 0)
(3 -6.28526e-16 0)
(3 -4.07035e-16 0)
(3 -8.13333e-16 0)
(3 -5.64423e-16 0)
(3 -4.93914e-17 0)
(3 7.83088e-16 0)
(3 1.2428e-15 0)
(3 1.30744e-15 0)
(3 1.35886e-15 0)
(3 9.09201e-16 0)
(2.4353 0.121786 0)
(0.778221 0.19351 0)
(0.572773 0.134747 0)
(0.505981 0.135571 0)
(0.427369 0.146045 0)
(0.352903 0.167809 0)
(0.263146 0.183389 0)
(0.190428 0.201705 0)
(0.112691 0.22223 0)
(0.0397898 0.237814 0)
(3 1.33265e-16 0)
(3 -4.78479e-16 0)
(3 -6.40606e-16 0)
(3 -6.16838e-16 0)
(3 3.44195e-16 0)
(3 1.00212e-15 0)
(3 9.3228e-16 0)
(3 3.54195e-16 0)
(3 2.48976e-16 0)
(3 2.27392e-16 0)
(3 6.48522e-16 0)
(3 2.24442e-16 0)
(3 2.19768e-16 0)
(3 -1.75911e-16 0)
(2.63258 0.162295 0)
(0.838452 0.270024 0)
(0.606558 0.188532 0)
(0.539457 0.193308 0)
(0.451864 0.215164 0)
(0.367663 0.248063 0)
(0.268495 0.268817 0)
(0.190515 0.287139 0)
(0.112037 0.308711 0)
(0.0374775 0.321704 0)
(3 9.86786e-17 0)
(3 4.38094e-16 0)
(3 7.35288e-16 0)
(3 6.58348e-16 0)
(3 5.85466e-16 0)
(3 4.63681e-16 0)
(3 -5.9352e-17 0)
(3 -5.38721e-16 0)
(3 -9.59029e-16 0)
(3 -1.04554e-15 0)
(3 -8.08997e-16 0)
(3 -7.54462e-16 0)
(3 -5.22908e-16 0)
(3 -4.02291e-16 0)
(2.89971 0.112833 0)
(0.956084 0.312274 0)
(0.64471 0.236098 0)
(0.573634 0.262618 0)
(0.474675 0.298666 0)
(0.384203 0.33816 0)
(0.287081 0.358664 0)
(0.213467 0.373773 0)
(0.13278 0.396979 0)
(0.0478579 0.412987 0)
(3 -1.71382e-16 0)
(3 -3.77363e-17 0)
(3 3.4268e-16 0)
(3 2.55373e-16 0)
(3 8.10001e-17 0)
(3 -8.34118e-17 0)
(3 -3.02663e-16 0)
(3 -4.30835e-16 0)
(3 -3.22259e-16 0)
(3 -4.2869e-16 0)
(3 -8.0224e-16 0)
(3 -6.88821e-16 0)
(3 2.48025e-17 0)
(3 2.38024e-16 0)
(3.01335 0.0111 0)
(1.13598 0.347685 0)
(0.670402 0.297512 0)
(0.582556 0.34643 0)
(0.486302 0.389608 0)
(0.410182 0.42684 0)
(0.322778 0.44508 0)
(0.251369 0.466981 0)
(0.164962 0.504864 0)
(0.0553104 0.531804 0)
(3 1.92237e-17 0)
(3 8.85958e-17 0)
(3 9.31157e-17 0)
(3 1.68941e-16 0)
(3 2.11007e-16 0)
(3 1.40333e-16 0)
(3 6.2663e-17 0)
(3 3.25146e-16 0)
(3 5.34583e-16 0)
(3 1.69892e-16 0)
(3 -3.76231e-16 0)
(3 -3.20988e-17 0)
(3 1.49111e-16 0)
(3 -2.11059e-16 0)
(3.00035 7.82082e-05 0)
(1.44138 0.400406 0)
(0.707137 0.374982 0)
(0.605134 0.431863 0)
(0.526601 0.472289 0)
(0.467785 0.502365 0)
(0.397238 0.525528 0)
(0.339201 0.555141 0)
(0.255593 0.610095 0)
(0.116685 0.686321 0)
(3 9.46809e-17 0)
(3 4.49469e-16 0)
(3 7.15665e-16 0)
(3 4.57078e-16 0)
(3 2.81454e-16 0)
(3 -4.51637e-16 0)
(3 -6.86014e-16 0)
(3 -5.58782e-16 0)
(3 -3.68504e-16 0)
(3 2.98999e-16 0)
(3 8.26175e-16 0)
(3 9.87853e-16 0)
(3 7.83714e-17 0)
(3 -5.0477e-16 0)
(3 5.59487e-08 0)
(1.93727 0.433058 0)
(0.792265 0.460972 0)
(0.672899 0.503958 0)
(0.614097 0.529822 0)
(0.563075 0.550437 0)
(0.502853 0.580125 0)
(0.443686 0.6453 0)
(0.308971 0.778452 0)
(0.169915 0.985429 0)
(3 -1.09344e-16 0)
(3 -1.68469e-17 0)
(3 -1.47854e-16 0)
(3 -7.41945e-16 0)
(3 -1.15039e-15 0)
(3 -1.47342e-15 0)
(3 -1.05667e-15 0)
(3 -1.04418e-15 0)
(3 -2.78814e-16 0)
(3 3.43236e-16 0)
(3 1.0088e-15 0)
(3 5.3651e-16 0)
(3 4.21288e-16 0)
(3 6.02727e-16 0)
(3 2.66131e-12 0)
(2.61495 0.320599 0)
(0.954098 0.524485 0)
(0.773123 0.537071 0)
(0.721907 0.575144 0)
(0.661975 0.606028 0)
(0.595597 0.656703 0)
(0.538093 0.771236 0)
(0.515219 0.96647 0)
(0.626938 1.27969 0)
(3 -2.19561e-17 0)
(3 -5.28591e-16 0)
(3 -1.05955e-15 0)
(3 -1.10801e-15 0)
(3 -1.28212e-15 0)
(3 -1.29745e-15 0)
(3 -2.83011e-16 0)
(3 6.5562e-16 0)
(3 8.02073e-16 0)
(3 7.91558e-16 0)
(3 5.57224e-16 0)
(3 4.22258e-16 0)
(3 7.11376e-16 0)
(3 7.61648e-16 0)
(3 1.01606e-15 0)
(3.0609 0.0512756 0)
(1.1985 0.538057 0)
(0.844537 0.598205 0)
(0.770067 0.652615 0)
(0.702259 0.690303 0)
(0.658635 0.750215 0)
(0.653241 0.857376 0)
(0.733654 1.01573 0)
(1.02292 1.21579 0)
(3 -1.00233e-16 0)
(3 -5.51301e-16 0)
(3 -3.67782e-16 0)
(3 2.38805e-16 0)
(3 6.60234e-16 0)
(3 1.07676e-15 0)
(3 1.09176e-15 0)
(3 1.08948e-15 0)
(3 7.51646e-16 0)
(3 6.94523e-16 0)
(3 1.79352e-16 0)
(3 -3.14448e-16 0)
(3 -1.0303e-15 0)
(3 -1.50518e-16 0)
(3 -1.04283e-16 0)
(3.00609 0.000479846 0)
(1.5799 0.560401 0)
(0.8797 0.682705 0)
(0.800243 0.729041 0)
(0.76047 0.758709 0)
(0.745779 0.805013 0)
(0.779054 0.882895 0)
(0.903881 0.994948 0)
(1.21426 1.11938 0)
(3 -6.33141e-18 0)
(3 1.44083e-16 0)
(3 5.83598e-16 0)
(3 7.91864e-16 0)
(3 8.0707e-16 0)
(3 6.13512e-16 0)
(3 4.93304e-16 0)
(3 4.48472e-16 0)
(3 -7.32073e-17 0)
(3 -5.96843e-16 0)
(3 -1.0039e-15 0)
(3 -1.80531e-15 0)
(3 -2.31034e-15 0)
(3 -1.77247e-15 0)
(3 -9.07359e-16 0)
(3.00002 -5.9524e-07 0)
(2.42196 0.447808 0)
(1.03492 0.740329 0)
(0.886551 0.765524 0)
(0.856952 0.785943 0)
(0.853478 0.82692 0)
(0.905759 0.882756 0)
(1.0393 0.965044 0)
(1.30566 1.03804 0)
(3 2.37963e-17 0)
(3 1.09516e-16 0)
(3 -3.92661e-17 0)
(3 -1.55869e-16 0)
(3 -5.24213e-16 0)
(3 -6.20172e-16 0)
(3 -5.85915e-16 0)
(3 -6.14464e-16 0)
(3 -5.95016e-16 0)
(3 -1.42095e-15 0)
(3 -1.83155e-15 0)
(3 -1.93606e-15 0)
(3 -2.36302e-15 0)
(3 -3.04641e-15 0)
(3 -2.35734e-15 0)
(3 -2.64396e-07 0)
(3.07521 0.0712697 0)
(1.38167 0.754609 0)
(0.987538 0.826847 0)
(0.960848 0.835699 0)
(0.964141 0.86833 0)
(1.02386 0.907109 0)
(1.14935 0.954797 0)
(1.36141 0.986835 0)
(3 -1.92601e-16 0)
(3 1.2573e-16 0)
(3 -1.91906e-16 0)
(3 -3.15656e-16 0)
(3 7.28575e-17 0)
(3 3.36594e-16 0)
(3 8.9092e-17 0)
(3 -7.20399e-16 0)
(3 -8.49723e-16 0)
(3 -8.36999e-16 0)
(3 -2.09859e-15 0)
(3 -2.18139e-15 0)
(3 -2.53579e-15 0)
(3 -2.80936e-15 0)
(3 -2.32427e-15 0)
(3 -2.62454e-08 0)
(3.00819 0.000894285 0)
(2.06384 0.690447 0)
(1.09466 0.891921 0)
(1.05283 0.874475 0)
(1.08726 0.873057 0)
(1.13476 0.894759 0)
(1.23977 0.923831 0)
(1.40183 0.943076 0)
(3 -1.43361e-16 0)
(3 -1.44719e-16 0)
(3 4.17832e-16 0)
(3 3.84775e-16 0)
(3 2.54993e-16 0)
(3 -9.02241e-17 0)
(3 -3.80783e-16 0)
(3 -5.09078e-16 0)
(3 -9.92239e-16 0)
(3 -1.58982e-15 0)
(3 -1.63078e-15 0)
(3 -1.19053e-15 0)
(3 -1.8973e-16 0)
(3 -6.96836e-16 0)
(3 -1.38177e-15 0)
(3 -7.37603e-10 0)
(3.00002 3.54952e-06 0)
(3.01511 0.179125 0)
(1.44546 0.8708 0)
(1.13157 0.903018 0)
(1.17725 0.910366 0)
(1.21376 0.929744 0)
(1.30211 0.94354 0)
(1.43205 0.94516 0)
(3 7.77187e-18 0)
(3 -2.85598e-16 0)
(3 -4.69532e-16 0)
(3 -6.7523e-16 0)
(3 -6.51333e-16 0)
(3 -7.78564e-16 0)
(3 -1.11769e-15 0)
(3 -1.19052e-15 0)
(3 -1.18533e-15 0)
(3 -1.36267e-15 0)
(3 -1.30003e-15 0)
(3 -1.30703e-15 0)
(3 -7.24307e-16 0)
(3 -6.97977e-16 0)
(3 -3.90297e-16 0)
(3 -2.01348e-12 0)
(3 -1.43281e-08 0)
(3.01677 0.00513815 0)
(2.14774 0.737384 0)
(1.2365 0.962405 0)
(1.22179 0.951549 0)
(1.28587 0.934857 0)
(1.36596 0.929099 0)
(1.47406 0.927964 0)
(3 3.15569e-16 0)
(3 2.32256e-16 0)
(3 -4.35441e-16 0)
(3 -5.88319e-16 0)
(3 -7.60168e-16 0)
(3 -7.91421e-16 0)
(3 -9.12834e-16 0)
(3 -1.26071e-15 0)
(3 -9.82674e-16 0)
(3 -6.58685e-16 0)
(3 -4.31897e-16 0)
(3 -9.29237e-16 0)
(3 -1.59873e-15 0)
(3 -1.24517e-15 0)
(3 -1.18055e-16 0)
(3 -4.17111e-16 0)
(3 -3.06892e-10 0)
(3.00009 4.99061e-05 0)
(3.00558 0.164252 0)
(1.63816 0.910213 0)
(1.28119 0.972904 0)
(1.34229 0.965401 0)
(1.40632 0.966913 0)
(1.48978 0.96191 0)
(3 3.39638e-18 0)
(3 -5.73561e-17 0)
(3 4.51283e-17 0)
(3 2.41504e-16 0)
(3 -2.38381e-16 0)
(3 -8.65233e-16 0)
(3 -1.09737e-15 0)
(3 -1.36074e-15 0)
(3 -1.51928e-15 0)
(3 -8.6959e-16 0)
(3 -3.78926e-16 0)
(3 -2.37197e-16 0)
(3 -7.40703e-16 0)
(3 -7.98463e-16 0)
(3 -5.17254e-16 0)
(3 5.85403e-16 0)
(3 -2.26665e-13 0)
(3 2.00116e-08 0)
(3.00822 0.00632111 0)
(2.53501 0.588799 0)
(1.44513 1.00846 0)
(1.3904 0.979989 0)
(1.4693 0.964968 0)
(1.52818 0.958059 0)
(3 -1.22758e-16 0)
(3 -4.39739e-16 0)
(3 4.749e-17 0)
(3 3.39789e-16 0)
(3 3.20819e-16 0)
(3 -1.87641e-17 0)
(3 -4.65298e-16 0)
(3 -5.92548e-16 0)
(3 -4.7733e-16 0)
(3 -5.10023e-16 0)
(3 -3.67499e-16 0)
(3 -1.93857e-16 0)
(3 9.09882e-16 0)
(3 7.08673e-16 0)
(3 7.58048e-16 0)
(3 2.73607e-16 0)
(3 -7.88965e-15 0)
(3 1.04132e-12 0)
(3.00003 4.47133e-05 0)
(3.02315 0.0654332 0)
(2.02841 0.855693 0)
(1.46384 1.02332 0)
(1.48246 1.01757 0)
(1.55811 0.998379 0)
(3 -9.00113e-18 0)
(3 2.6094e-16 0)
(3 3.1831e-16 0)
(3 1.22458e-16 0)
(3 1.08658e-15 0)
(3 1.14288e-15 0)
(3 1.15358e-15 0)
(3 9.9213e-16 0)
(3 1.20947e-15 0)
(3 8.83746e-16 0)
(3 2.09987e-16 0)
(3 -9.8106e-17 0)
(3 6.84045e-16 0)
(3 1.56485e-15 0)
(3 1.60826e-15 0)
(3 9.56246e-16 0)
(3 -2.13136e-15 0)
(3 -7.58614e-15 0)
(3 1.84271e-08 0)
(3.00117 0.00208433 0)
(2.8748 0.290773 0)
(1.81956 0.960021 0)
(1.53754 1.03404 0)
(1.5993 1.01659 0)
(3 1.17331e-16 0)
(3 6.22482e-16 0)
(3 2.59623e-16 0)
(3 -3.99901e-16 0)
(3 -4.49416e-16 0)
(3 4.09316e-16 0)
(3 8.38054e-16 0)
(3 7.62863e-16 0)
(3 5.65364e-17 0)
(3 6.04745e-17 0)
(3 3.37009e-17 0)
(3 3.27633e-16 0)
(3 9.6595e-16 0)
(3 1.70847e-15 0)
(3 2.21368e-15 0)
(3 1.73176e-15 0)
(3 8.07654e-16 0)
(3 -5.50987e-15 0)
(3 1.17152e-12 0)
(3 5.64487e-06 0)
(3.00487 0.0186786 0)
(2.58264 0.550751 0)
(1.76576 1.00137 0)
(1.63715 1.04717 0)
(3 1.78813e-16 0)
(3 1.3204e-17 0)
(3 -2.73494e-16 0)
(3 -1.16377e-15 0)
(3 -1.59687e-15 0)
(3 -1.31797e-15 0)
(3 -6.34023e-16 0)
(3 -5.41896e-16 0)
(3 -1.05533e-15 0)
(3 -5.17743e-16 0)
(3 9.97693e-16 0)
(3 1.12099e-15 0)
(3 9.1663e-16 0)
(3 5.57528e-16 0)
(3 4.71368e-16 0)
(3 2.47558e-16 0)
(3 9.16355e-16 0)
(3 -4.26109e-16 0)
(3 -1.78807e-15 0)
(3 1.81747e-09 0)
(3.00002 0.000225874 0)
(2.99192 0.0642781 0)
(2.36524 0.708207 0)
(1.79064 1.0233 0)
(3 -6.00578e-17 0)
(3 -1.65026e-16 0)
(3 -1.80719e-16 0)
(3 7.80314e-17 0)
(3 -4.04887e-16 0)
(3 -9.74738e-16 0)
(3 -1.1917e-15 0)
(3 -6.98895e-17 0)
(3 4.62702e-16 0)
(3 4.44293e-16 0)
(3 1.16623e-15 0)
(3 1.42231e-15 0)
(3 1.08746e-15 0)
(3 7.7322e-16 0)
(3 -3.27975e-17 0)
(3 7.96237e-17 0)
(3 1.02296e-16 0)
(3 -1.82984e-16 0)
(3 -5.99925e-16 0)
(3 1.37384e-13 0)
(3 2.28307e-07 0)
(3.00005 0.00178006 0)
(2.94664 0.135139 0)
(2.26107 0.789786 0)
(3 -2.39201e-17 0)
(3 -1.74172e-16 0)
(3 2.58434e-17 0)
(3 3.24745e-16 0)
(3 5.86071e-16 0)
(3 1.90962e-16 0)
(3 2.9484e-16 0)
(3 1.78826e-16 0)
(3 7.04826e-16 0)
(3 8.03439e-16 0)
(3 5.40681e-16 0)
(3 7.95144e-16 0)
(3 1.06029e-15 0)
(3 1.20829e-15 0)
(3 8.59771e-16 0)
(3 2.99783e-17 0)
(3 -7.59507e-16 0)
(3 -9.96751e-16 0)
(3 -7.26422e-16 0)
(3 3.25635e-17 0)
(3 3.96546e-11 0)
(3 4.06963e-06 0)
(2.99951 0.00596497 0)
(2.89009 0.208176 0)
(3 9.59934e-18 0)
(3 -6.70552e-16 0)
(3 -2.0138e-16 0)
(3 1.99971e-16 0)
(3 4.44408e-16 0)
(3 4.15796e-16 0)
(3 2.77743e-16 0)
(3 1.44097e-16 0)
(3 4.09628e-16 0)
(3 5.32483e-16 0)
(3 2.50841e-16 0)
(3 -5.73689e-16 0)
(3 -3.53138e-16 0)
(3 1.88832e-17 0)
(3 2.09308e-17 0)
(3 -3.72233e-16 0)
(3 -9.13756e-16 0)
(3 -1.75548e-15 0)
(3 -2.0274e-15 0)
(3 -1.40697e-15 0)
(3 1.97572e-15 0)
(3 1.5764e-09 0)
(3 2.6469e-05 0)
(2.99783 0.0119611 0)
(3 -2.26435e-16 0)
(3 -2.98085e-16 0)
(3 1.44722e-16 0)
(3 3.88736e-16 0)
(3 3.86211e-16 0)
(3 2.75205e-16 0)
(3 1.17556e-16 0)
(3 9.43843e-17 0)
(3 4.85136e-17 0)
(3 1.91806e-16 0)
(3 6.15607e-16 0)
(3 6.5247e-16 0)
(3 4.33511e-16 0)
(3 3.7002e-16 0)
(3 -1.18255e-16 0)
(3 -5.76116e-16 0)
(3 -1.12881e-15 0)
(3 -9.74504e-16 0)
(3 -1.23196e-15 0)
(3 -1.53925e-15 0)
(3 -1.79746e-15 0)
(3 9.82095e-14 0)
(3 1.96322e-08 0)
(2.99999 7.58441e-05 0)
(3 -2.14729e-16 0)
(3 9.73672e-17 0)
(3 -4.33174e-17 0)
(3 -3.01675e-16 0)
(3 -4.0048e-16 0)
(3 -1.87494e-16 0)
(3 -1.28644e-16 0)
(3 -4.40947e-17 0)
(3 4.23235e-17 0)
(3 -2.14072e-16 0)
(3 -1.37371e-16 0)
(3 4.79073e-17 0)
(3 9.53415e-17 0)
(3 -3.41245e-16 0)
(3 -2.69975e-16 0)
(3 -5.25891e-16 0)
(3 -5.13934e-17 0)
(3 1.32203e-15 0)
(3 1.27555e-15 0)
(3 -1.0789e-16 0)
(3 -5.33618e-16 0)
(3 -1.88496e-15 0)
(3 1.63771e-12 0)
(3 7.51904e-08 0)
(3 1.46776e-16 0)
(3 1.85733e-16 0)
(3 -2.64784e-16 0)
(3 -2.94542e-16 0)
(3 -5.04377e-16 0)
(3 -8.99635e-16 0)
(3 -8.29657e-16 0)
(3 -8.35543e-16 0)
(3 -9.02616e-16 0)
(3 -9.85882e-16 0)
(3 -1.15681e-15 0)
(3 -1.06681e-15 0)
(3 -9.61313e-16 0)
(3 -7.12085e-16 0)
(3 -1.50543e-16 0)
(3 6.28957e-16 0)
(3 1.4293e-15 0)
(3 1.27748e-15 0)
(3 1.17987e-15 0)
(3 1.05863e-15 0)
(3 1.30509e-17 0)
(3 -1.18918e-15 0)
(3 -1.85896e-15 0)
(3 8.61294e-12 0)
(3 1.93785e-16 0)
(3 -2.93452e-16 0)
(3 -7.31924e-16 0)
(3 -5.175e-16 0)
(3 -1.23818e-16 0)
(3 -1.84928e-16 0)
(3 -2.09304e-16 0)
(3 -5.44426e-16 0)
(3 -8.10485e-16 0)
(3 -6.14222e-16 0)
(3 -9.1381e-16 0)
(3 -9.67408e-16 0)
(3 -1.05354e-15 0)
(3 -3.58114e-16 0)
(3 4.73358e-16 0)
(3 1.20413e-15 0)
(3 1.28273e-15 0)
(3 8.90436e-16 0)
(3 4.31624e-16 0)
(3 1.34164e-15 0)
(3 1.1359e-15 0)
(3 2.81054e-16 0)
(3 -7.55221e-16 0)
(3 4.13626e-17 0)
(3 -3.28458e-16 0)
(3 -3.2551e-16 0)
(3 -6.36251e-17 0)
(3 -1.31316e-16 0)
(3 -1.26561e-16 0)
(3 6.4873e-16 0)
(3 9.47421e-16 0)
(3 8.00215e-16 0)
(3 6.86467e-16 0)
(3 4.16052e-16 0)
(3 2.04863e-18 0)
(3 -4.48624e-16 0)
(3 -7.01821e-16 0)
(3 5.48913e-17 0)
(3 1.14446e-15 0)
(3 1.17025e-15 0)
(3 7.14912e-16 0)
(3 9.28571e-16 0)
(3 1.36348e-15 0)
(3 1.21601e-15 0)
(3 8.99487e-16 0)
(3 1.93351e-16 0)
(3 -1.40938e-16 0)
(3 -1.11153e-15 0)
(3 2.72255e-16 0)
(3 3.7771e-16 0)
(3 2.60659e-16 0)
(3 1.1808e-16 0)
(3 6.31945e-17 0)
(3 3.36157e-16 0)
(3 3.78099e-16 0)
(3 3.20858e-16 0)
(3 1.17563e-16 0)
(3 1.64128e-16 0)
(3 6.88314e-16 0)
(3 4.78743e-16 0)
(3 4.73554e-16 0)
(3 5.71831e-17 0)
(3 4.48478e-16 0)
(3 1.06461e-15 0)
(3 1.45549e-15 0)
(3 1.75348e-15 0)
(3 1.73931e-15 0)
(3 1.1481e-15 0)
(3 5.58012e-17 0)
(3 -8.10989e-17 0)
(3 -2.62204e-16 0)
(3 -3.59214e-16 0)
(3 3.69858e-16 0)
(3 2.10172e-16 0)
(3 5.20713e-17 0)
(3 1.41417e-17 0)
(3 -1.35954e-16 0)
(3 -2.91154e-16 0)
(3 -3.42401e-16 0)
(3 -2.99375e-16 0)
(3 -4.58086e-16 0)
(3 -7.22227e-16 0)
(3 -3.72896e-16 0)
(3 2.40436e-16 0)
(3 6.39243e-16 0)
(3 -1.31812e-16 0)
(3 -2.71872e-16 0)
(3 1.70753e-16 0)
(3 5.57622e-16 0)
(3 5.50084e-16 0)
(3 5.79089e-16 0)
(3 4.8506e-16 0)
(3 5.2964e-16 0)
(3 4.74303e-16 0)
(3 5.56141e-16 0)
(3 7.14621e-16 0)
(3 -6.62428e-17 0)
(3 9.06441e-17 0)
(3 2.80618e-16 0)
(3 2.31415e-16 0)
(3 -1.74579e-17 0)
(3 -5.72693e-16 0)
(3 -1.05146e-15 0)
(3 -7.42779e-16 0)
(3 -3.92258e-16 0)
(3 -3.7601e-16 0)
(3 -3.96639e-16 0)
(3 3.27186e-17 0)
(3 2.26744e-16 0)
(3 4.03606e-16 0)
(3 3.42791e-16 0)
(3 1.33496e-16 0)
(3 3.28574e-16 0)
(3 3.54289e-16 0)
(3 6.31426e-16 0)
(3 4.04998e-16 0)
(3 5.96311e-16 0)
(3 1.36888e-15 0)
(3 1.41136e-15 0)
(3 1.82884e-15 0)
(3 7.73729e-18 0)
(3 1.12594e-16 0)
(3 -1.5785e-16 0)
(3 -1.93785e-16 0)
(3 -4.57358e-16 0)
(3 -6.02773e-16 0)
(3 -5.07856e-16 0)
(3 -5.20225e-16 0)
(3 -1.58226e-16 0)
(3 4.39995e-16 0)
(3 6.0205e-16 0)
(3 2.04775e-16 0)
(3 -2.74412e-16 0)
(3 1.2705e-16 0)
(3 2.13734e-16 0)
(3 3.67877e-16 0)
(3 6.58212e-16 0)
(3 1.23633e-15 0)
(3 1.41146e-15 0)
(3 1.75942e-15 0)
(3 1.44339e-15 0)
(3 1.61529e-15 0)
(3 2.46163e-15 0)
(3 3.06366e-15 0)
(3 2.24067e-17 0)
(3 -1.01659e-17 0)
(3 9.78536e-17 0)
(3 1.22021e-16 0)
(3 -1.11737e-16 0)
(3 -2.62973e-17 0)
(3 6.35324e-17 0)
(3 -7.86812e-17 0)
(3 4.29013e-16 0)
(3 2.98907e-16 0)
(3 5.67909e-16 0)
(3 4.24017e-16 0)
(3 2.0596e-16 0)
(3 2.35419e-16 0)
(3 4.64542e-16 0)
(3 3.51742e-16 0)
(3 7.88906e-18 0)
(3 8.1445e-16 0)
(3 8.1204e-16 0)
(3 1.18131e-15 0)
(3 2.30748e-15 0)
(3 2.05463e-15 0)
(3 2.54949e-15 0)
(3 2.33031e-15 0)
(3 -6.07797e-17 0)
(3 -1.79058e-16 0)
(3 1.92582e-16 0)
(3 4.84369e-16 0)
(3 1.07786e-15 0)
(3 1.04857e-15 0)
(3 6.00272e-16 0)
(3 7.74718e-16 0)
(3 1.2896e-15 0)
(3 1.38643e-15 0)
(3 1.35549e-15 0)
(3 1.37414e-15 0)
(3 1.78434e-15 0)
(3 1.18268e-15 0)
(3 4.23147e-16 0)
(3 -1.49901e-16 0)
(3 -2.58402e-16 0)
(3 -4.92779e-16 0)
(3 -3.62248e-16 0)
(3 3.20207e-16 0)
(3 9.27386e-16 0)
(3 1.82835e-15 0)
(3 1.23482e-15 0)
(3 1.19272e-15 0)
(3 -3.61225e-16 0)
(3 3.02253e-16 0)
(3 5.84789e-16 0)
(3 5.78572e-16 0)
(3 1.13163e-15 0)
(3 1.01729e-15 0)
(3 6.98103e-16 0)
(3 6.01034e-16 0)
(3 1.84659e-15 0)
(3 2.24353e-15 0)
(3 1.74177e-15 0)
(3 1.30217e-15 0)
(3 1.66355e-15 0)
(3 1.45796e-15 0)
(3 8.33144e-16 0)
(3 -8.58801e-16 0)
(3 -1.06857e-15 0)
(3 -1.29618e-15 0)
(3 -8.06149e-16 0)
(3 7.49228e-16 0)
(3 7.44468e-16 0)
(3 -3.46048e-16 0)
(3 -8.02046e-16 0)
(3 -7.66833e-16 0)
(3 -3.68468e-17 0)
(3 5.10158e-16 0)
(3 3.46202e-16 0)
(3 1.90643e-16 0)
(3 4.23486e-16 0)
(3 5.36592e-16 0)
(3 4.0614e-16 0)
(3 7.05464e-16 0)
(3 1.79763e-15 0)
(3 1.86937e-15 0)
(3 1.21255e-15 0)
(3 1.1815e-15 0)
(3 1.13146e-15 0)
(3 8.61501e-16 0)
(3 6.005e-16 0)
(3 -5.10002e-16 0)
(3 -8.47551e-16 0)
(3 -6.6779e-16 0)
(3 4.85153e-16 0)
(3 9.70979e-16 0)
(3 1.07099e-15 0)
(3 -3.70894e-17 0)
(3 -6.55583e-16 0)
(3 -1.46771e-15 0)
(3 2.53291e-17 0)
(3 3.47035e-17 0)
(3 -3.05551e-16 0)
(3 -3.45059e-16 0)
(3 1.53136e-17 0)
(3 4.85445e-16 0)
(3 9.91015e-16 0)
(3 1.77396e-15 0)
(3 1.59996e-15 0)
(3 1.88017e-15 0)
(3 1.64515e-15 0)
(3 1.87022e-15 0)
(3 9.29152e-16 0)
(3 2.77628e-16 0)
(3 1.49638e-16 0)
(3 6.28587e-16 0)
(3 9.92944e-16 0)
(3 1.03969e-15 0)
(3 4.35328e-16 0)
(3 -4.76687e-16 0)
(3 -5.36165e-16 0)
(3 -4.88033e-16 0)
(3 -3.0617e-16 0)
(3 -4.52839e-16 0)
(3 -7.76863e-17 0)
(3 1.34136e-17 0)
(3 -1.77172e-16 0)
(3 -1.38733e-16 0)
(3 -6.66991e-17 0)
(3 3.44818e-16 0)
(3 7.23698e-16 0)
(3 1.11671e-15 0)
(3 1.23038e-15 0)
(3 1.1315e-15 0)
(3 8.6866e-16 0)
(3 7.5754e-16 0)
(3 4.36732e-16 0)
(3 3.62985e-16 0)
(3 3.31673e-16 0)
(3 1.04099e-15 0)
(3 1.18431e-15 0)
(3 9.51633e-16 0)
(3 4.5852e-16 0)
(3 -8.36294e-17 0)
(3 -1.10065e-16 0)
(3 -3.17006e-18 0)
(3 1.39409e-16 0)
(3 1.18027e-16 0)
(1.6384 1.42389 0)
(2.18864 1.37418 0)
(2.51936 1.45031 0)
(2.75065 0.914961 0)
(2.81519 0.464126 0)
(2.85193 0.0308882 0)
(2.82989 -0.291179 0)
(2.85433 -0.333235 0)
(2.81679 -0.303334 0)
(2.78309 -0.395288 0)
(2.82102 -0.321557 0)
(2.85579 -0.237024 0)
(2.84314 -0.149334 0)
(2.83098 -0.120982 0)
(2.81798 -0.098254 0)
(2.80508 -0.0654404 0)
(2.80223 -0.0359425 0)
(2.81575 -0.0193584 0)
(2.83504 -0.0174585 0)
(2.84267 -0.0184256 0)
(2.85807 -0.0121274 0)
(2.85139 0.00195873 0)
(2.81291 0.0147878 0)
(2.79412 0.0176478 0)
(2.80201 0.0169199 0)
(2.81397 0.0168603 0)
(2.82703 0.0164193 0)
(2.84585 0.0118149 0)
(2.85359 0.0065547 0)
(2.85774 0.00420829 0)
(2.86235 0.00251838 0)
(2.86075 0.00607431 0)
(2.86653 0.00936823 0)
(2.87188 0.00992752 0)
(2.87619 0.0100493 0)
(2.88666 0.00892039 0)
(2.90234 0.00519986 0)
(2.90328 0.00238796 0)
(2.89728 0.00152229 0)
(2.87858 0.00053208 0)
(2.84997 0.00289998 0)
(2.83466 0.00671475 0)
(2.82985 0.00770572 0)
(2.82603 0.00888538 0)
(2.82782 0.0104384 0)
(2.82661 0.0098241 0)
(2.82122 0.00598855 0)
(2.81813 -0.00128904 0)
(2.82107 -0.0107397 0)
(2.80996 -0.00884865 0)
(2.79531 -0.00392351 0)
(2.78952 0.000728931 0)
(2.79264 0.00467608 0)
(2.80572 0.00443638 0)
(2.81558 0.0029193 0)
(2.81498 0.00288913 0)
(2.81149 0.0033215 0)
(2.80605 0.00358111 0)
(2.79866 0.00305163 0)
(2.78999 0.00155687 0)
(2.78237 -0.00338694 0)
(2.78254 -0.0113807 0)
(2.79673 -0.0203083 0)
(2.8255 -0.0251183 0)
(2.86589 -0.021228 0)
(2.90193 -0.0147248 0)
(2.91394 -0.014226 0)
(2.92902 -0.0130412 0)
(2.93314 -0.00979472 0)
(2.94178 -0.00809203 0)
(2.95065 -0.00694268 0)
(2.96222 -0.00639443 0)
(2.97422 -0.00572113 0)
(2.97815 -0.00557199 0)
(2.98175 -0.00530872 0)
(2.98578 -0.00473194 0)
(2.98843 -0.00416727 0)
(2.99089 -0.00348352 0)
(2.99309 -0.00309441 0)
(2.99495 -0.00278533 0)
(2.99659 -0.00244149 0)
(2.99803 -0.00209558 0)
(3.00065 -0.00173531 0)
(3.0061 -0.00123616 0)
(3.01733 -0.000429792 0)
(3.03058 0.000359242 0)
(3.03465 0.000643802 0)
(3.03451 0.000685297 0)
(3.03427 0.000707819 0)
(3.03364 0.00071711 0)
(3.03202 0.000714767 0)
(3.02782 0.000583972 0)
(3.01806 0.000302245 0)
(3.00539 6.91109e-05 0)
(3.00035 3.42499e-06 0)
(3 8.28365e-09 0)
(1.92174 1.2183 0)
(2.50929 0.899866 0)
(2.82748 0.44702 0)
(3.02809 0.229713 0)
(3.0446 -0.191722 0)
(3.04864 -0.546911 0)
(3.02421 -0.690516 0)
(3.07411 -0.662881 0)
(3.05728 -0.535831 0)
(3.00209 -0.467746 0)
(2.95331 -0.399107 0)
(2.90834 -0.279713 0)
(2.88811 -0.165475 0)
(2.85798 -0.147336 0)
(2.85476 -0.140083 0)
(2.84796 -0.0578365 0)
(2.85047 0.000614697 0)
(2.86049 0.0230353 0)
(2.86285 0.0281802 0)
(2.85932 0.0255813 0)
(2.85447 0.0294939 0)
(2.84215 0.054976 0)
(2.81508 0.051512 0)
(2.80625 0.0347714 0)
(2.81256 0.0255094 0)
(2.82668 0.0227949 0)
(2.84358 0.0230492 0)
(2.85985 0.0154357 0)
(2.86597 0.00458305 0)
(2.87405 -0.00255649 0)
(2.88354 -0.00883448 0)
(2.88434 -0.00573094 0)
(2.88904 0.00539595 0)
(2.89794 0.0145218 0)
(2.90398 0.0233277 0)
(2.91103 0.0310442 0)
(2.91782 0.02836 0)
(2.91669 0.0117359 0)
(2.91001 -0.00110493 0)
(2.89718 -0.0119043 0)
(2.87738 -0.0146309 0)
(2.86593 -0.00550111 0)
(2.86326 0.00348503 0)
(2.8634 0.0146975 0)
(2.86089 0.0300335 0)
(2.85185 0.0372856 0)
(2.83834 0.03222 0)
(2.82758 0.018073 0)
(2.82047 -0.00168249 0)
(2.81254 -0.0223868 0)
(2.80557 -0.0265712 0)
(2.80751 -0.016097 0)
(2.81808 0.00192316 0)
(2.82586 0.0139148 0)
(2.82413 0.0139325 0)
(2.81977 0.0111448 0)
(2.81552 0.00845633 0)
(2.81134 0.00524415 0)
(2.8066 0.000982147 0)
(2.80146 -0.00350846 0)
(2.79799 -0.0122144 0)
(2.80167 -0.0239015 0)
(2.81712 -0.033964 0)
(2.84343 -0.0370315 0)
(2.86984 -0.0277962 0)
(2.87899 -0.0198355 0)
(2.89003 -0.0228536 0)
(2.91831 -0.0268419 0)
(2.93986 -0.0277965 0)
(2.94403 -0.0270364 0)
(2.95248 -0.0219954 0)
(2.96036 -0.0158572 0)
(2.96965 -0.0121468 0)
(2.97754 -0.00903573 0)
(2.98078 -0.00824425 0)
(2.98505 -0.00675079 0)
(2.9878 -0.00571771 0)
(2.99001 -0.00548195 0)
(2.99188 -0.00521901 0)
(2.99364 -0.00489513 0)
(2.99523 -0.00459158 0)
(2.99673 -0.00443739 0)
(2.99965 -0.00428799 0)
(3.00595 -0.00369653 0)
(3.01859 -0.00212704 0)
(3.0318 -0.000227472 0)
(3.03528 0.000518516 0)
(3.03523 0.000696353 0)
(3.03503 0.000952713 0)
(3.03429 0.0013212 0)
(3.03237 0.00159551 0)
(3.02765 0.0015782 0)
(3.01736 0.00105834 0)
(3.0049 0.000292429 0)
(3.00029 1.59001e-05 0)
(3 5.61515e-08 0)
(1.7726 1.12242 0)
(2.18263 1.01924 0)
(2.5968 0.638178 0)
(2.83233 0.360873 0)
(2.87142 0.31617 0)
(2.97403 0.0347324 0)
(3.01794 -0.181726 0)
(3.06601 -0.173729 0)
(3.07167 -0.290054 0)
(3.05375 -0.343244 0)
(3.05273 -0.444709 0)
(3.06013 -0.436622 0)
(3.03592 -0.386377 0)
(3.00782 -0.351723 0)
(2.99401 -0.301101 0)
(2.95144 -0.1955 0)
(2.94331 -0.0933201 0)
(2.93736 -0.0515448 0)
(2.92295 -0.0301249 0)
(2.90713 -0.00129128 0)
(2.89759 0.0154055 0)
(2.87978 0.0515698 0)
(2.86351 0.0615094 0)
(2.86391 0.0461421 0)
(2.86552 0.0153372 0)
(2.87474 0.00176852 0)
(2.88619 0.00582167 0)
(2.89472 0.0118387 0)
(2.90056 0.0108903 0)
(2.90569 0.0096452 0)
(2.90926 0.0106672 0)
(2.91754 0.00741215 0)
(2.93149 0.00573977 0)
(2.94194 0.00705094 0)
(2.95034 0.0113093 0)
(2.95775 0.0185121 0)
(2.96207 0.0264242 0)
(2.95859 0.0313958 0)
(2.94411 0.0258021 0)
(2.9313 0.00934037 0)
(2.92847 0.000613494 0)
(2.92629 -0.00356808 0)
(2.92694 -0.00469917 0)
(2.92922 -0.000577777 0)
(2.92061 0.00690849 0)
(2.91096 0.0157585 0)
(2.89954 0.0184417 0)
(2.88451 0.0139829 0)
(2.87032 0.00353103 0)
(2.85347 -0.00491695 0)
(2.84204 -0.00686188 0)
(2.8485 -0.00351101 0)
(2.85969 0.00118017 0)
(2.85672 0.0013475 0)
(2.84955 0.000678586 0)
(2.84384 0.00159159 0)
(2.84136 0.00502043 0)
(2.84127 0.00853836 0)
(2.8407 0.00823444 0)
(2.83875 0.00223709 0)
(2.8386 -0.0120279 0)
(2.84545 -0.0334002 0)
(2.86211 -0.0535083 0)
(2.88598 -0.0643204 0)
(2.90391 -0.0620324 0)
(2.90094 -0.0530549 0)
(2.90229 -0.0443167 0)
(2.92785 -0.0371213 0)
(2.95178 -0.0327179 0)
(2.95717 -0.031577 0)
(2.96212 -0.0303897 0)
(2.96792 -0.0274285 0)
(2.97622 -0.0205621 0)
(2.97991 -0.0169829 0)
(2.98482 -0.0141503 0)
(2.98746 -0.011 0)
(2.9889 -0.00912624 0)
(2.99097 -0.00878112 0)
(2.99269 -0.00839399 0)
(2.9944 -0.0078817 0)
(2.99597 -0.00745708 0)
(2.99784 -0.00718367 0)
(3.00124 -0.00671259 0)
(3.00808 -0.00521145 0)
(3.02123 -0.0024226 0)
(3.03359 0.000226301 0)
(3.03627 0.00118428 0)
(3.03611 0.00143089 0)
(3.03578 0.00182929 0)
(3.03474 0.00232896 0)
(3.03245 0.00265978 0)
(3.02709 0.00250909 0)
(3.01611 0.00157811 0)
(3.00406 0.000395881 0)
(3.0002 1.83101e-05 0)
(3 4.13143e-08 0)
(1.67195 1.04294 0)
(2.03346 0.924912 0)
(2.31006 0.761518 0)
(2.47959 0.672191 0)
(2.67007 0.492755 0)
(2.84668 0.18151 0)
(2.91587 -0.0183823 0)
(2.96396 -0.0416734 0)
(2.98723 -0.147758 0)
(3.03572 -0.344797 0)
(3.0376 -0.452015 0)
(3.09906 -0.451157 0)
(3.10383 -0.42841 0)
(3.09526 -0.42584 0)
(3.07451 -0.395889 0)
(3.03988 -0.323223 0)
(3.03266 -0.247754 0)
(3.01856 -0.195296 0)
(3.00517 -0.171202 0)
(2.9929 -0.122582 0)
(2.96573 -0.0829194 0)
(2.94122 -0.0212583 0)
(2.93125 0.0228895 0)
(2.92236 0.0318536 0)
(2.9201 0.0619417 0)
(2.91952 0.0673539 0)
(2.91825 0.0677463 0)
(2.9213 0.062301 0)
(2.93383 0.0373815 0)
(2.94006 0.00762034 0)
(2.94211 -0.006759 0)
(2.95919 -0.00606484 0)
(2.97321 -0.000361455 0)
(2.9833 0.0153606 0)
(2.99557 0.0233324 0)
(3.00279 0.0222821 0)
(3.00777 0.0190075 0)
(3.0069 0.013529 0)
(2.99658 0.00837597 0)
(2.99069 0.00905834 0)
(2.99138 0.0105774 0)
(2.99422 0.0118092 0)
(2.99955 0.0141857 0)
(2.99987 0.0194559 0)
(2.99192 0.0204264 0)
(2.9826 0.0209858 0)
(2.97097 0.0179865 0)
(2.95685 0.00485659 0)
(2.94369 -0.0115584 0)
(2.92634 -0.015301 0)
(2.91206 -0.00267918 0)
(2.91478 0.0189434 0)
(2.91274 0.0278824 0)
(2.89917 0.0235369 0)
(2.88666 0.0162826 0)
(2.87977 0.00752558 0)
(2.88083 0.00330736 0)
(2.88628 0.00573931 0)
(2.89193 0.00902876 0)
(2.89616 0.00727947 0)
(2.90218 -0.0040502 0)
(2.91475 -0.0224865 0)
(2.93258 -0.0429981 0)
(2.94886 -0.0615371 0)
(2.95094 -0.070934 0)
(2.93346 -0.066279 0)
(2.9297 -0.0553281 0)
(2.95228 -0.0451389 0)
(2.97156 -0.0396495 0)
(2.97493 -0.0384221 0)
(2.97776 -0.0363142 0)
(2.98151 -0.0319554 0)
(2.98397 -0.02777 0)
(2.98626 -0.0253086 0)
(2.98923 -0.0204122 0)
(2.98941 -0.0149194 0)
(2.99009 -0.0117275 0)
(2.99195 -0.0113048 0)
(2.99344 -0.0110487 0)
(2.99499 -0.0106377 0)
(2.99656 -0.0102984 0)
(2.99881 -0.0100249 0)
(3.00261 -0.00905778 0)
(3.01042 -0.00665865 0)
(3.02448 -0.00272585 0)
(3.03553 0.000587247 0)
(3.03723 0.00169827 0)
(3.03702 0.002048 0)
(3.03647 0.00271699 0)
(3.03511 0.00347362 0)
(3.03238 0.00388401 0)
(3.02621 0.00347556 0)
(3.01439 0.0019793 0)
(3.00305 0.000410795 0)
(3.00011 1.39907e-05 0)
(3 1.04004e-09 0)
(1.63204 0.972787 0)
(1.89823 0.907057 0)
(2.14087 0.785887 0)
(2.32628 0.679002 0)
(2.4808 0.599728 0)
(2.64556 0.409619 0)
(2.75378 0.203411 0)
(2.8103 0.151731 0)
(2.85643 0.0735699 0)
(2.91906 -0.0772892 0)
(2.94832 -0.175439 0)
(2.98932 -0.162868 0)
(3.00071 -0.191926 0)
(3.03657 -0.276512 0)
(3.04458 -0.342671 0)
(3.07869 -0.335133 0)
(3.07681 -0.306273 0)
(3.06394 -0.297337 0)
(3.03823 -0.285589 0)
(3.02634 -0.243442 0)
(3.01541 -0.181732 0)
(3.0026 -0.115386 0)
(2.99185 -0.0683196 0)
(2.98564 -0.0492124 0)
(2.97288 -0.00763954 0)
(2.93678 0.040083 0)
(2.9316 0.0694164 0)
(2.93394 0.0695504 0)
(2.9469 0.0587845 0)
(2.96177 0.0403238 0)
(2.97079 0.0162993 0)
(2.98109 0.00904537 0)
(2.99935 0.0154221 0)
(3.0161 0.0239031 0)
(3.03122 0.0257736 0)
(3.04081 0.0223441 0)
(3.04205 0.0141285 0)
(3.03691 0.00738409 0)
(3.03358 0.00219988 0)
(3.03392 -0.000192893 0)
(3.03723 -0.00141356 0)
(3.04668 0.00335775 0)
(3.05533 0.0161432 0)
(3.05216 0.0255227 0)
(3.04534 0.0277292 0)
(3.03308 0.0227848 0)
(3.02171 0.0119656 0)
(3.00964 0.000997822 0)
(2.99479 -0.00868446 0)
(2.97967 -0.00636094 0)
(2.97485 0.00790878 0)
(2.97867 0.025143 0)
(2.96479 0.0294858 0)
(2.94544 0.0263145 0)
(2.92866 0.0184399 0)
(2.92094 0.00526183 0)
(2.92293 -0.00478152 0)
(2.92865 -0.00596106 0)
(2.93545 -0.00544372 0)
(2.9456 -0.0102824 0)
(2.96343 -0.0226579 0)
(2.9853 -0.0392292 0)
(2.99882 -0.0566115 0)
(2.99623 -0.0730808 0)
(2.97844 -0.0825504 0)
(2.95793 -0.0766407 0)
(2.96002 -0.0599999 0)
(2.98114 -0.0457824 0)
(2.99036 -0.0412995 0)
(2.99095 -0.040682 0)
(2.99234 -0.0387865 0)
(2.99348 -0.036205 0)
(2.9935 -0.0335065 0)
(2.99464 -0.029333 0)
(2.99557 -0.0239062 0)
(2.99426 -0.0183967 0)
(2.99281 -0.0143521 0)
(2.99386 -0.0132558 0)
(2.99488 -0.0130065 0)
(2.99591 -0.0127278 0)
(2.99727 -0.012558 0)
(2.99963 -0.0120342 0)
(3.00376 -0.0106404 0)
(3.01311 -0.00763947 0)
(3.0283 -0.00274991 0)
(3.03746 0.00104091 0)
(3.03823 0.00229904 0)
(3.03793 0.00291531 0)
(3.03702 0.00388317 0)
(3.03527 0.00480222 0)
(3.03199 0.00512274 0)
(3.02477 0.00436145 0)
(3.01203 0.00218162 0)
(3.00198 0.00034602 0)
(3.00005 7.61186e-06 0)
(3 -2.92338e-08 0)
(1.6072 0.933451 0)
(1.80682 0.895687 0)
(1.98625 0.844144 0)
(2.17442 0.757836 0)
(2.3651 0.624822 0)
(2.50243 0.475737 0)
(2.57268 0.395478 0)
(2.62623 0.371581 0)
(2.72956 0.252245 0)
(2.83416 0.0451978 0)
(2.87229 -0.065178 0)
(2.90926 -0.0561961 0)
(2.93546 -0.091586 0)
(2.98912 -0.228114 0)
(2.99833 -0.335842 0)
(3.04767 -0.340348 0)
(3.06823 -0.327894 0)
(3.04601 -0.341631 0)
(3.04254 -0.334123 0)
(3.05126 -0.312446 0)
(3.04971 -0.265225 0)
(3.04295 -0.219816 0)
(3.0259 -0.164228 0)
(3.01456 -0.130799 0)
(2.99276 -0.0793307 0)
(2.96382 -0.00831876 0)
(2.95341 0.00951657 0)
(2.95447 0.0276677 0)
(2.96067 0.0364267 0)
(2.96549 0.0554663 0)
(2.97201 0.0588525 0)
(2.98341 0.0520775 0)
(3.00079 0.0436662 0)
(3.02517 0.0323024 0)
(3.04533 0.0145765 0)
(3.05047 -0.00270692 0)
(3.05122 -0.010181 0)
(3.05486 -0.00837722 0)
(3.05666 -0.00340589 0)
(3.05892 -5.91122e-05 0)
(3.0634 0.00657599 0)
(3.07328 0.0213176 0)
(3.07843 0.0321175 0)
(3.07577 0.0344974 0)
(3.06553 0.030889 0)
(3.0476 0.014535 0)
(3.03892 0.0065438 0)
(3.02724 -0.00654653 0)
(3.01664 -0.0101361 0)
(3.01157 0.00499965 0)
(3.02104 0.0298052 0)
(3.02194 0.0453767 0)
(3.00003 0.0436539 0)
(2.97782 0.0358554 0)
(2.96131 0.0165026 0)
(2.95641 -0.0116333 0)
(2.95877 -0.0313041 0)
(2.96121 -0.0327353 0)
(2.96703 -0.0260987 0)
(2.9839 -0.0241898 0)
(3.01234 -0.0315973 0)
(3.03296 -0.0472974 0)
(3.03148 -0.0645206 0)
(3.01307 -0.0765541 0)
(2.98833 -0.0796803 0)
(2.97478 -0.0717571 0)
(2.98773 -0.0570589 0)
(3.00192 -0.048782 0)
(3.00322 -0.047495 0)
(3.00303 -0.0464548 0)
(3.00386 -0.0433332 0)
(3.00456 -0.0391177 0)
(3.00385 -0.03548 0)
(3.00368 -0.0312433 0)
(3.00268 -0.0261283 0)
(2.99892 -0.0207319 0)
(2.99557 -0.0169148 0)
(2.99572 -0.0157207 0)
(2.99628 -0.0153419 0)
(2.99682 -0.0150119 0)
(2.99784 -0.0146885 0)
(2.99991 -0.0139287 0)
(3.00504 -0.01196 0)
(3.01684 -0.00784698 0)
(3.03273 -0.00185558 0)
(3.03939 0.0018324 0)
(3.03951 0.00292751 0)
(3.0391 0.00369944 0)
(3.03791 0.00486269 0)
(3.03585 0.00590433 0)
(3.03172 0.00613868 0)
(3.02281 0.00485668 0)
(3.00914 0.00200785 0)
(3.00103 0.000216576 0)
(3.00001 2.56258e-06 0)
(3 -4.65817e-08 0)
(1.58881 0.932348 0)
(1.74586 0.903434 0)
(1.92612 0.832709 0)
(2.0974 0.750181 0)
(2.21327 0.703244 0)
(2.32542 0.617579 0)
(2.46399 0.472545 0)
(2.56072 0.386236 0)
(2.63443 0.329118 0)
(2.70649 0.211904 0)
(2.75128 0.140084 0)
(2.79189 0.14161 0)
(2.85311 0.0719118 0)
(2.90229 -0.0632835 0)
(2.91168 -0.153603 0)
(2.95092 -0.156414 0)
(2.96896 -0.131206 0)
(2.99365 -0.201869 0)
(3.00731 -0.244754 0)
(3.02812 -0.260961 0)
(3.03831 -0.246919 0)
(3.0358 -0.240607 0)
(3.03255 -0.234965 0)
(3.02689 -0.21966 0)
(3.01935 -0.183982 0)
(2.99976 -0.102434 0)
(2.98529 -0.0541574 0)
(2.98234 -0.0434704 0)
(2.97229 -0.0130319 0)
(2.9698 0.033755 0)
(2.98316 0.0579168 0)
(2.98943 0.0577698 0)
(2.99596 0.0527412 0)
(3.01327 0.0437829 0)
(3.03177 0.0278998 0)
(3.04067 0.00384104 0)
(3.05122 -0.00466167 0)
(3.05949 -0.00659284 0)
(3.0668 -0.00235764 0)
(3.07414 0.00121333 0)
(3.07901 0.0035174 0)
(3.08235 0.0117015 0)
(3.08217 0.0168301 0)
(3.07487 0.0182258 0)
(3.05542 0.0098449 0)
(3.04621 0.00449178 0)
(3.03499 -0.0023743 0)
(3.02483 -0.0158069 0)
(3.02325 -0.0143348 0)
(3.03508 0.0207898 0)
(3.05207 0.0545504 0)
(3.0399 0.0633159 0)
(3.01629 0.0616354 0)
(2.99584 0.0483371 0)
(2.98268 0.0130754 0)
(2.9819 -0.0266682 0)
(2.98142 -0.05042 0)
(2.98029 -0.0524558 0)
(2.98988 -0.0433557 0)
(3.01929 -0.0322699 0)
(3.04994 -0.0279336 0)
(3.05402 -0.0367469 0)
(3.03817 -0.0502674 0)
(3.01553 -0.0618734 0)
(2.99546 -0.0659429 0)
(2.99085 -0.0616878 0)
(3.00484 -0.0552028 0)
(3.01289 -0.0517211 0)
(3.01337 -0.0508531 0)
(3.01295 -0.0497468 0)
(3.01338 -0.0468739 0)
(3.01426 -0.0410345 0)
(3.01403 -0.0360267 0)
(3.01285 -0.031693 0)
(3.00982 -0.026544 0)
(3.0029 -0.0215771 0)
(2.9973 -0.0185413 0)
(2.99658 -0.017612 0)
(2.99674 -0.0174006 0)
(2.99711 -0.017129 0)
(2.9982 -0.0165813 0)
(3.00083 -0.0153408 0)
(3.0077 -0.0127779 0)
(3.02233 -0.00720837 0)
(3.0376 -0.000386586 0)
(3.0415 0.00281308 0)
(3.04124 0.00377945 0)
(3.04056 0.00483752 0)
(3.03902 0.00624531 0)
(3.03643 0.00733376 0)
(3.03105 0.00725317 0)
(3.01992 0.00506208 0)
(3.00599 0.00154024 0)
(3.0004 9.51445e-05 0)
(3 4.42023e-07 0)
(3 -5.80528e-08 0)
(1.59833 0.920999 0)
(1.72999 0.894551 0)
(1.86303 0.852267 0)
(1.98611 0.81216 0)
(2.12024 0.744295 0)
(2.25214 0.638115 0)
(2.34026 0.575243 0)
(2.40645 0.54558 0)
(2.51466 0.45371 0)
(2.61834 0.302793 0)
(2.66908 0.218147 0)
(2.71814 0.230096 0)
(2.75983 0.207966 0)
(2.82079 0.0730766 0)
(2.84491 -0.0405362 0)
(2.87815 -0.0554802 0)
(2.9017 -0.0665901 0)
(2.95854 -0.150412 0)
(2.98148 -0.237206 0)
(3.01259 -0.26103 0)
(3.04586 -0.243057 0)
(3.03357 -0.262858 0)
(3.02572 -0.266744 0)
(3.03602 -0.255128 0)
(3.03906 -0.232186 0)
(3.04141 -0.200616 0)
(3.02829 -0.155735 0)
(3.00893 -0.117562 0)
(2.99727 -0.0837867 0)
(2.98802 -0.0132758 0)
(2.99815 0.0242322 0)
(2.99997 0.0300705 0)
(3.001 0.0279819 0)
(3.00563 0.0301566 0)
(3.01259 0.0327405 0)
(3.02579 0.0275853 0)
(3.03555 0.0211755 0)
(3.05385 0.0136172 0)
(3.06851 0.012634 0)
(3.07748 0.0127927 0)
(3.08022 0.0053087 0)
(3.07687 -0.00108025 0)
(3.07089 -0.0036343 0)
(3.05771 -0.0012204 0)
(3.04655 0.00149112 0)
(3.04134 0.00120331 0)
(3.0322 -0.00278539 0)
(3.0259 -0.00167749 0)
(3.03552 0.00830326 0)
(3.05324 0.0468949 0)
(3.05769 0.0685101 0)
(3.048 0.0677742 0)
(3.02467 0.0612755 0)
(3.00547 0.0429245 0)
(2.99595 0.000454352 0)
(2.99567 -0.0393045 0)
(2.99169 -0.0560528 0)
(2.99256 -0.0490242 0)
(3.01473 -0.0239954 0)
(3.05317 0.00208764 0)
(3.0628 -0.000243764 0)
(3.0471 -0.0168199 0)
(3.0312 -0.0339477 0)
(3.01561 -0.0502882 0)
(3.00513 -0.060226 0)
(3.00622 -0.0608517 0)
(3.01453 -0.0574894 0)
(3.0199 -0.0558685 0)
(3.02039 -0.0539732 0)
(3.02014 -0.0503064 0)
(3.02062 -0.0450604 0)
(3.02214 -0.0383192 0)
(3.02285 -0.0336144 0)
(3.02139 -0.0301135 0)
(3.01581 -0.0256999 0)
(3.00549 -0.0220198 0)
(2.99799 -0.020136 0)
(2.99686 -0.019494 0)
(2.99692 -0.0192826 0)
(2.9972 -0.0189404 0)
(2.99834 -0.0182451 0)
(3.00186 -0.0167236 0)
(3.01154 -0.0129891 0)
(3.02933 -0.00562688 0)
(3.04235 0.00134502 0)
(3.04383 0.00393305 0)
(3.04333 0.0050273 0)
(3.04229 0.00639626 0)
(3.04029 0.00796874 0)
(3.03686 0.00896618 0)
(3.02955 0.00821216 0)
(3.01575 0.00467132 0)
(3.00311 0.000904461 0)
(3.0001 2.61069e-05 0)
(3 -2.56737e-08 0)
(3 -7.07835e-08 0)
(1.59389 0.948432 0)
(1.70429 0.920495 0)
(1.82627 0.87265 0)
(1.95358 0.814542 0)
(2.06392 0.768955 0)
(2.16886 0.709086 0)
(2.28385 0.61843 0)
(2.36913 0.555786 0)
(2.43051 0.524648 0)
(2.50967 0.438135 0)
(2.58005 0.345269 0)
(2.63932 0.320257 0)
(2.70613 0.258934 0)
(2.75468 0.143048 0)
(2.77288 0.0902966 0)
(2.78497 0.108663 0)
(2.82191 0.0696124 0)
(2.9038 -0.0292995 0)
(2.93509 -0.109103 0)
(2.97151 -0.138497 0)
(3.00465 -0.113817 0)
(3.00689 -0.141279 0)
(3.00162 -0.189389 0)
(3.00574 -0.197466 0)
(3.03679 -0.190188 0)
(3.04107 -0.186077 0)
(3.03884 -0.183873 0)
(3.03625 -0.18178 0)
(3.03778 -0.160949 0)
(3.03209 -0.09935 0)
(3.02922 -0.0398728 0)
(3.0246 -0.00954936 0)
(3.01158 -0.00384607 0)
(3.00283 0.00768331 0)
(3.00687 0.0237717 0)
(3.01263 0.0282043 0)
(3.02823 0.0308007 0)
(3.05048 0.0283044 0)
(3.06178 0.0265542 0)
(3.06604 0.0256092 0)
(3.06892 0.0158992 0)
(3.06061 -0.00333712 0)
(3.04762 -0.0118667 0)
(3.04238 -0.00118798 0)
(3.04101 0.00380959 0)
(3.03857 0.00360966 0)
(3.037 -0.00437896 0)
(3.04199 -0.0157581 0)
(3.05458 -0.00941471 0)
(3.05627 0.031073 0)
(3.05355 0.0584838 0)
(3.04839 0.0618794 0)
(3.03091 0.0489121 0)
(3.01593 0.0200772 0)
(3.01186 -0.0184347 0)
(3.00799 -0.0459573 0)
(3.00294 -0.0424327 0)
(3.0169 -0.0179403 0)
(3.0563 0.00570392 0)
(3.07108 0.00208282 0)
(3.05209 -0.0135455 0)
(3.03711 -0.0347724 0)
(3.02588 -0.0523933 0)
(3.01578 -0.0624652 0)
(3.01249 -0.0680456 0)
(3.02065 -0.0672964 0)
(3.02689 -0.0610032 0)
(3.02648 -0.0550292 0)
(3.02539 -0.0504897 0)
(3.02547 -0.0453968 0)
(3.02693 -0.0381878 0)
(3.02862 -0.0324198 0)
(3.02867 -0.0302248 0)
(3.02678 -0.0278643 0)
(3.01958 -0.0254823 0)
(3.0071 -0.0238876 0)
(2.99881 -0.0230782 0)
(2.99756 -0.022485 0)
(2.99754 -0.0221215 0)
(2.99784 -0.0211425 0)
(2.99925 -0.0194905 0)
(3.0042 -0.0169375 0)
(3.01719 -0.01155 0)
(3.03697 -0.00279185 0)
(3.04644 0.00337906 0)
(3.04644 0.00542499 0)
(3.04573 0.00676809 0)
(3.04432 0.00833157 0)
(3.0417 0.00998214 0)
(3.03692 0.0106116 0)
(3.02657 0.00857799 0)
(3.01049 0.00350802 0)
(3.00112 0.000354059 0)
(3.00001 3.64976e-06 0)
(3 -8.09435e-08 0)
(3 -8.09105e-08 0)
(1.61447 0.942839 0)
(1.71136 0.916302 0)
(1.81541 0.881406 0)
(1.91527 0.848997 0)
(2.01787 0.803946 0)
(2.11972 0.740894 0)
(2.20289 0.695842 0)
(2.27886 0.665256 0)
(2.37988 0.588716 0)
(2.4717 0.471459 0)
(2.52128 0.414195 0)
(2.56435 0.417909 0)
(2.62154 0.377577 0)
(2.68842 0.256987 0)
(2.72541 0.168793 0)
(2.75025 0.165343 0)
(2.77738 0.143319 0)
(2.85135 0.0643753 0)
(2.89002 -0.0171183 0)
(2.93147 -0.0335841 0)
(2.9596 -0.0327693 0)
(2.98785 -0.106314 0)
(2.9888 -0.174498 0)
(2.99997 -0.189029 0)
(3.02294 -0.192051 0)
(3.04353 -0.194307 0)
(3.04471 -0.196457 0)
(3.04813 -0.203331 0)
(3.0683 -0.193524 0)
(3.07061 -0.1614 0)
(3.06089 -0.116721 0)
(3.05288 -0.090058 0)
(3.02771 -0.0540907 0)
(3.00637 -0.0181125 0)
(3.00542 -0.00462717 0)
(3.01204 0.0012662 0)
(3.02875 0.00828106 0)
(3.05042 0.0160846 0)
(3.06017 0.0197984 0)
(3.06142 0.020814 0)
(3.05781 0.0202545 0)
(3.04582 0.00868522 0)
(3.03101 0.000243147 0)
(3.03386 0.00753068 0)
(3.03688 0.0123308 0)
(3.04077 0.0116483 0)
(3.04821 -0.00352595 0)
(3.06093 -0.0147181 0)
(3.06805 -0.00890678 0)
(3.06168 0.0099225 0)
(3.05181 0.0287204 0)
(3.04603 0.0366967 0)
(3.03877 0.0264257 0)
(3.0323 -0.000286099 0)
(3.03011 -0.032663 0)
(3.0274 -0.05457 0)
(3.02872 -0.0428112 0)
(3.05278 -0.0094427 0)
(3.07656 -0.00692267 0)
(3.06322 -0.023577 0)
(3.04631 -0.0380399 0)
(3.0332 -0.0597373 0)
(3.02426 -0.0723812 0)
(3.01923 -0.0794437 0)
(3.02443 -0.0808168 0)
(3.03515 -0.0754547 0)
(3.03906 -0.0664308 0)
(3.03748 -0.0584462 0)
(3.03694 -0.0506764 0)
(3.03689 -0.041307 0)
(3.03668 -0.0344384 0)
(3.0358 -0.0314398 0)
(3.03281 -0.027629 0)
(3.02746 -0.0250635 0)
(3.01855 -0.0245849 0)
(3.00654 -0.0252684 0)
(2.99955 -0.0254346 0)
(2.99858 -0.0250401 0)
(2.9984 -0.0243713 0)
(2.99852 -0.0228879 0)
(3.00055 -0.0208617 0)
(3.00776 -0.0172495 0)
(3.02471 -0.00974424 0)
(3.04456 0.000215985 0)
(3.05015 0.00560757 0)
(3.04941 0.00746332 0)
(3.04846 0.00910136 0)
(3.04654 0.0108415 0)
(3.043 0.0123832 0)
(3.03595 0.0120244 0)
(3.02141 0.00776689 0)
(3.00528 0.00189617 0)
(3.00024 7.75294e-05 0)
(3 1.20973e-07 0)
(3 -9.95496e-08 0)
(3 -9.51615e-08 0)
(1.64211 0.96772 0)
(1.72873 0.935012 0)
(1.82143 0.896725 0)
(1.90672 0.861308 0)
(1.98562 0.834758 0)
(2.07817 0.786578 0)
(2.18217 0.711768 0)
(2.2665 0.654617 0)
(2.3273 0.633561 0)
(2.39581 0.575044 0)
(2.46927 0.495569 0)
(2.52756 0.46077 0)
(2.59171 0.398253 0)
(2.63586 0.311923 0)
(2.6598 0.29337 0)
(2.67021 0.299674 0)
(2.73628 0.228071 0)
(2.8099 0.121897 0)
(2.83624 0.0589487 0)
(2.87521 0.068138 0)
(2.90768 0.0731806 0)
(2.95098 0.00429173 0)
(2.9617 -0.0709989 0)
(2.9747 -0.0884521 0)
(2.98651 -0.079406 0)
(3.00262 -0.0903285 0)
(3.01833 -0.0986317 0)
(3.03375 -0.127575 0)
(3.05585 -0.144703 0)
(3.07188 -0.144375 0)
(3.07643 -0.141964 0)
(3.06282 -0.12574 0)
(3.04548 -0.105287 0)
(3.02472 -0.0789396 0)
(3.01537 -0.0481558 0)
(3.01995 -0.0347662 0)
(3.03355 -0.0267327 0)
(3.0528 -0.0163102 0)
(3.06211 -0.0089114 0)
(3.06248 -0.00634121 0)
(3.0565 -0.00153283 0)
(3.04475 0.000617197 0)
(3.03378 0.000187384 0)
(3.02404 0.0109632 0)
(3.03074 0.0267925 0)
(3.04459 0.0262111 0)
(3.05887 0.00396101 0)
(3.07396 -0.0209793 0)
(3.08029 -0.0245664 0)
(3.07123 -0.000970226 0)
(3.06087 0.0257583 0)
(3.0558 0.0343516 0)
(3.05223 0.0252215 0)
(3.04927 0.0100398 0)
(3.04605 -0.00575091 0)
(3.04705 -0.0177437 0)
(3.05739 -0.0228849 0)
(3.06977 -0.0212978 0)
(3.07038 -0.026123 0)
(3.05704 -0.0411419 0)
(3.04567 -0.0598023 0)
(3.03702 -0.0726763 0)
(3.03236 -0.0753825 0)
(3.03505 -0.0721205 0)
(3.04216 -0.0640334 0)
(3.04749 -0.0552965 0)
(3.04927 -0.0484982 0)
(3.04877 -0.0420381 0)
(3.04699 -0.0361369 0)
(3.0447 -0.0329655 0)
(3.04356 -0.031747 0)
(3.04116 -0.029416 0)
(3.03551 -0.0262874 0)
(3.02671 -0.025507 0)
(3.01476 -0.0272538 0)
(3.00444 -0.0284021 0)
(3.00113 -0.0277331 0)
(3.00072 -0.0271987 0)
(3.0003 -0.0254996 0)
(3.00066 -0.0230583 0)
(3.0034 -0.0202141 0)
(3.01289 -0.0150844 0)
(3.03345 -0.00548525 0)
(3.05142 0.0045203 0)
(3.05379 0.00874923 0)
(3.05273 0.0104809 0)
(3.05144 0.0123199 0)
(3.04874 0.0141561 0)
(3.04363 0.0151048 0)
(3.03265 0.0126941 0)
(3.01399 0.0056124 0)
(3.00171 0.000640096 0)
(3.00002 7.78749e-06 0)
(3 -1.13987e-07 0)
(3 -1.16425e-07 0)
(3 -1.07459e-07 0)
(1.67721 0.984958 0)
(1.74559 0.963245 0)
(1.81219 0.944456 0)
(1.88959 0.90969 0)
(1.98311 0.854338 0)
(2.06942 0.8058 0)
(2.13433 0.775454 0)
(2.20035 0.737492 0)
(2.29353 0.665829 0)
(2.37717 0.574827 0)
(2.42795 0.542898 0)
(2.46244 0.55071 0)
(2.5203 0.499582 0)
(2.59344 0.382712 0)
(2.6324 0.307961 0)
(2.66462 0.304573 0)
(2.6827 0.303805 0)
(2.73879 0.234049 0)
(2.77288 0.168663 0)
(2.81191 0.16493 0)
(2.86159 0.143898 0)
(2.91277 0.0706144 0)
(2.92453 0.000727807 0)
(2.93952 -0.00951569 0)
(2.95628 -0.00246047 0)
(2.97123 -0.0342102 0)
(3.00069 -0.0587936 0)
(3.02137 -0.107832 0)
(3.03936 -0.140935 0)
(3.07826 -0.142844 0)
(3.07927 -0.145166 0)
(3.06368 -0.145903 0)
(3.04628 -0.140019 0)
(3.04058 -0.121075 0)
(3.04158 -0.0949358 0)
(3.0449 -0.078813 0)
(3.0463 -0.0650125 0)
(3.05348 -0.0498964 0)
(3.05875 -0.0423598 0)
(3.05468 -0.0366453 0)
(3.04893 -0.0319058 0)
(3.03836 -0.0319855 0)
(3.02697 -0.0290266 0)
(3.02132 -0.0155754 0)
(3.03144 -0.0011966 0)
(3.05242 0.0038149 0)
(3.07314 -0.000646019 0)
(3.08813 -0.00562352 0)
(3.09267 0.00229151 0)
(3.08875 0.0207247 0)
(3.08469 0.0341208 0)
(3.08221 0.0369617 0)
(3.07924 0.0336508 0)
(3.07374 0.0270533 0)
(3.06691 0.019124 0)
(3.06478 0.0133158 0)
(3.07086 0.00400376 0)
(3.06689 -0.0175168 0)
(3.05864 -0.0317212 0)
(3.051 -0.0410245 0)
(3.04278 -0.0493162 0)
(3.03969 -0.056753 0)
(3.04649 -0.0612575 0)
(3.05701 -0.0581297 0)
(3.06348 -0.0487681 0)
(3.06451 -0.0390392 0)
(3.06094 -0.0318903 0)
(3.05565 -0.0290083 0)
(3.0523 -0.0283778 0)
(3.04749 -0.0280651 0)
(3.04471 -0.0287765 0)
(3.04251 -0.0294253 0)
(3.03676 -0.0296518 0)
(3.02479 -0.0303083 0)
(3.01064 -0.032125 0)
(3.0044 -0.0315101 0)
(3.00318 -0.0297731 0)
(3.00288 -0.0287147 0)
(3.00229 -0.0273501 0)
(3.00291 -0.0252468 0)
(3.00744 -0.0214721 0)
(3.02077 -0.0139503 0)
(3.04415 -0.00157095 0)
(3.05791 0.00832645 0)
(3.0579 0.0118845 0)
(3.05658 0.0138575 0)
(3.05473 0.0159087 0)
(3.05065 0.0177126 0)
(3.04262 0.017215 0)
(3.02567 0.0111589 0)
(3.00635 0.00269093 0)
(3.00028 0.000105526 0)
(3 1.33608e-07 0)
(3 -1.35959e-07 0)
(3 -1.32146e-07 0)
(3 -1.10909e-07 0)
(1.69349 1.02456 0)
(1.77247 0.981957 0)
(1.83089 0.959507 0)
(1.89857 0.930979 0)
(1.97923 0.888803 0)
(2.04955 0.856378 0)
(2.12744 0.80721 0)
(2.2002 0.751951 0)
(2.2512 0.719392 0)
(2.31573 0.663996 0)
(2.38582 0.601608 0)
(2.44445 0.568525 0)
(2.5033 0.524532 0)
(2.54944 0.452232 0)
(2.57769 0.411452 0)
(2.61264 0.406881 0)
(2.66895 0.35582 0)
(2.72335 0.25896 0)
(2.73826 0.213515 0)
(2.76634 0.231263 0)
(2.80116 0.239196 0)
(2.8641 0.172697 0)
(2.88595 0.0847674 0)
(2.90175 0.0531497 0)
(2.92524 0.0594109 0)
(2.93165 0.0492851 0)
(2.96235 0.0200227 0)
(2.98426 -0.0210772 0)
(3.00506 -0.0549873 0)
(3.04119 -0.0448586 0)
(3.05659 -0.0560296 0)
(3.05227 -0.0828064 0)
(3.03997 -0.0971477 0)
(3.0424 -0.0985083 0)
(3.04876 -0.0973259 0)
(3.05283 -0.0934245 0)
(3.05019 -0.09239 0)
(3.05277 -0.0886457 0)
(3.06423 -0.0820703 0)
(3.06301 -0.0729031 0)
(3.05961 -0.064152 0)
(3.05635 -0.0585828 0)
(3.05073 -0.0546841 0)
(3.04752 -0.0417471 0)
(3.05642 -0.0224645 0)
(3.07585 -0.0144624 0)
(3.09563 -0.0166437 0)
(3.10904 -0.0190797 0)
(3.11209 -0.0133811 0)
(3.10996 -0.0024514 0)
(3.10714 0.00083305 0)
(3.10386 -0.003303 0)
(3.10047 -0.00532399 0)
(3.09555 -0.00197024 0)
(3.08783 -0.00172057 0)
(3.07908 -0.0114416 0)
(3.07162 -0.0198877 0)
(3.06327 -0.020461 0)
(3.05597 -0.0231577 0)
(3.05061 -0.0271929 0)
(3.04798 -0.0286916 0)
(3.05292 -0.0286817 0)
(3.06532 -0.0281973 0)
(3.0728 -0.0270767 0)
(3.07205 -0.0266311 0)
(3.06959 -0.0268664 0)
(3.06667 -0.027034 0)
(3.06399 -0.0269686 0)
(3.05992 -0.0255382 0)
(3.05303 -0.0217082 0)
(3.04649 -0.0199146 0)
(3.03985 -0.0236394 0)
(3.03068 -0.0304909 0)
(3.01837 -0.0374266 0)
(3.00887 -0.0386481 0)
(3.0063 -0.0361519 0)
(3.00565 -0.0334796 0)
(3.00518 -0.030159 0)
(3.00501 -0.0266614 0)
(3.00659 -0.0230902 0)
(3.01335 -0.0177412 0)
(3.03101 -0.00779068 0)
(3.05511 0.00594551 0)
(3.06347 0.0141537 0)
(3.06212 0.0167564 0)
(3.06052 0.0187049 0)
(3.05771 0.0206377 0)
(3.0515 0.0214663 0)
(3.03789 0.0175532 0)
(3.01524 0.0071422 0)
(3.0016 0.000681673 0)
(3.00002 6.15737e-06 0)
(3 -1.50571e-07 0)
(3 -1.50006e-07 0)
(3 -1.4337e-07 0)
(3 -1.04295e-07 0)
(1.72549 1.05882 0)
(1.77728 1.03248 0)
(1.84851 0.989994 0)
(1.91686 0.948645 0)
(1.98952 0.906589 0)
(2.05728 0.868526 0)
(2.11157 0.848267 0)
(2.16223 0.826279 0)
(2.24057 0.762179 0)
(2.31746 0.681096 0)
(2.36275 0.637448 0)
(2.40695 0.631544 0)
(2.45761 0.609838 0)
(2.52532 0.527312 0)
(2.56774 0.443979 0)
(2.60154 0.408319 0)
(2.64152 0.421463 0)
(2.66236 0.394186 0)
(2.70043 0.310928 0)
(2.72938 0.283187 0)
(2.77543 0.271863 0)
(2.83423 0.215751 0)
(2.8491 0.154495 0)
(2.85812 0.141027 0)
(2.87805 0.152209 0)
(2.8938 0.131454 0)
(2.93351 0.088336 0)
(2.9574 0.0342982 0)
(2.97458 -0.000780591 0)
(3.01302 -0.00155906 0)
(3.04022 -0.0048229 0)
(3.05034 -0.0470589 0)
(3.04074 -0.085895 0)
(3.03531 -0.0973058 0)
(3.05724 -0.103879 0)
(3.06012 -0.101765 0)
(3.05911 -0.104068 0)
(3.06054 -0.110613 0)
(3.06584 -0.105582 0)
(3.06543 -0.100286 0)
(3.06568 -0.0936251 0)
(3.06505 -0.0893735 0)
(3.06257 -0.0857228 0)
(3.06054 -0.0764809 0)
(3.0649 -0.0673233 0)
(3.08059 -0.0613418 0)
(3.10413 -0.0545828 0)
(3.11822 -0.0522941 0)
(3.1181 -0.0494921 0)
(3.1106 -0.0463048 0)
(3.10551 -0.0428793 0)
(3.1026 -0.04442 0)
(3.0972 -0.0485825 0)
(3.09459 -0.0478265 0)
(3.09349 -0.0410516 0)
(3.08732 -0.0404755 0)
(3.07738 -0.0445556 0)
(3.06853 -0.0429952 0)
(3.06051 -0.036502 0)
(3.05553 -0.0282565 0)
(3.05968 -0.0195661 0)
(3.07115 -0.0159983 0)
(3.08055 -0.0174893 0)
(3.08096 -0.0217008 0)
(3.0776 -0.0245433 0)
(3.07455 -0.0265447 0)
(3.07108 -0.0280585 0)
(3.06743 -0.0290761 0)
(3.06345 -0.0298585 0)
(3.05631 -0.0301776 0)
(3.04669 -0.0313144 0)
(3.03409 -0.0374576 0)
(3.0224 -0.0451379 0)
(3.01488 -0.046351 0)
(3.01166 -0.0430404 0)
(3.01074 -0.040626 0)
(3.0096 -0.0376727 0)
(3.00918 -0.0341192 0)
(3.00974 -0.0299278 0)
(3.01251 -0.0243509 0)
(3.02187 -0.0157162 0)
(3.04376 -0.00165478 0)
(3.06568 0.0134089 0)
(3.06881 0.0199753 0)
(3.06691 0.0221539 0)
(3.06479 0.0243142 0)
(3.05994 0.0260217 0)
(3.04925 0.0242105 0)
(3.02721 0.0140138 0)
(3.0054 0.00261297 0)
(3.00016 6.60727e-05 0)
(3 -6.96863e-08 0)
(3 -1.5591e-07 0)
(3 -1.50657e-07 0)
(3 -1.35233e-07 0)
(3 -7.54016e-08 0)
(1.8453 1.03593 0)
(1.80833 1.06318 0)
(1.8511 1.03842 0)
(1.93218 0.97841 0)
(1.99384 0.938129 0)
(2.04266 0.920592 0)
(2.11254 0.871699 0)
(2.17733 0.814412 0)
(2.22328 0.799892 0)
(2.25612 0.771697 0)
(2.33085 0.70679 0)
(2.39442 0.638607 0)
(2.45015 0.605831 0)
(2.48053 0.603667 0)
(2.5136 0.552647 0)
(2.56761 0.484767 0)
(2.61643 0.446446 0)
(2.66381 0.40783 0)
(2.67946 0.368401 0)
(2.68946 0.358688 0)
(2.71989 0.355482 0)
(2.78108 0.309076 0)
(2.82035 0.234598 0)
(2.83303 0.195342 0)
(2.85753 0.184866 0)
(2.88107 0.17803 0)
(2.90679 0.147726 0)
(2.93358 0.106862 0)
(2.94868 0.0686379 0)
(2.98335 0.0565929 0)
(3.01404 0.0585156 0)
(3.02802 0.0233301 0)
(3.02424 -0.0192943 0)
(3.02289 -0.0242692 0)
(3.039 -0.036001 0)
(3.05462 -0.0495497 0)
(3.05936 -0.0592109 0)
(3.05809 -0.0803023 0)
(3.05737 -0.0843238 0)
(3.06436 -0.0888488 0)
(3.06691 -0.0892922 0)
(3.0709 -0.0912529 0)
(3.07605 -0.0959206 0)
(3.08049 -0.0921153 0)
(3.08771 -0.0838519 0)
(3.1002 -0.0830515 0)
(3.115 -0.0819025 0)
(3.12469 -0.0826597 0)
(3.12613 -0.0867575 0)
(3.12222 -0.0904389 0)
(3.11776 -0.0858535 0)
(3.11738 -0.0805323 0)
(3.12053 -0.0859146 0)
(3.12081 -0.0910824 0)
(3.11692 -0.0929932 0)
(3.10737 -0.0815863 0)
(3.09453 -0.0680321 0)
(3.0805 -0.0618653 0)
(3.07177 -0.0535752 0)
(3.07062 -0.0431773 0)
(3.07687 -0.0346583 0)
(3.08788 -0.0227306 0)
(3.0908 -0.0141202 0)
(3.08725 -0.0144535 0)
(3.08342 -0.0168839 0)
(3.07821 -0.0200871 0)
(3.07336 -0.0226684 0)
(3.06806 -0.0247645 0)
(3.05961 -0.0287335 0)
(3.04977 -0.0370431 0)
(3.03808 -0.047916 0)
(3.02662 -0.0546897 0)
(3.02125 -0.0550886 0)
(3.01847 -0.0527557 0)
(3.01508 -0.0459446 0)
(3.01442 -0.0396429 0)
(3.01437 -0.0343345 0)
(3.01456 -0.0287745 0)
(3.01573 -0.0229703 0)
(3.01982 -0.0163708 0)
(3.03248 -0.00618065 0)
(3.05757 0.00995355 0)
(3.07431 0.0232794 0)
(3.07385 0.027453 0)
(3.07179 0.0292497 0)
(3.06838 0.0311862 0)
(3.0598 0.0308834 0)
(3.04027 0.0224836 0)
(3.01261 0.00682956 0)
(3.00081 0.000379901 0)
(3 1.40045e-06 0)
(3 -1.59797e-07 0)
(3 -1.56805e-07 0)
(3 -1.43846e-07 0)
(3 -1.0812e-07 0)
(3 -3.58272e-08 0)
(2.23979 0.822055 0)
(1.9086 1.03994 0)
(1.88667 1.06171 0)
(1.92743 1.03656 0)
(1.99595 0.980237 0)
(2.05814 0.937941 0)
(2.11073 0.906692 0)
(2.16626 0.866293 0)
(2.21817 0.828172 0)
(2.25696 0.797033 0)
(2.30019 0.763304 0)
(2.36244 0.707608 0)
(2.42305 0.654846 0)
(2.46736 0.627785 0)
(2.50271 0.595714 0)
(2.54805 0.537715 0)
(2.58481 0.499153 0)
(2.61796 0.494437 0)
(2.64456 0.465138 0)
(2.67889 0.401506 0)
(2.712 0.360027 0)
(2.7611 0.335498 0)
(2.79744 0.305148 0)
(2.81438 0.272768 0)
(2.83266 0.253463 0)
(2.85897 0.24338 0)
(2.88675 0.212037 0)
(2.91899 0.16118 0)
(2.93031 0.127503 0)
(2.95383 0.120368 0)
(2.9832 0.118741 0)
(3.00843 0.0775954 0)
(3.016 0.0288987 0)
(3.01527 0.00798415 0)
(3.02816 0.00779394 0)
(3.05168 -0.0116572 0)
(3.05907 -0.0298209 0)
(3.06073 -0.0616541 0)
(3.05508 -0.0713824 0)
(3.06184 -0.088054 0)
(3.07148 -0.0950394 0)
(3.0776 -0.103141 0)
(3.08613 -0.111731 0)
(3.09329 -0.116894 0)
(3.10217 -0.108546 0)
(3.11698 -0.0955033 0)
(3.12282 -0.0991102 0)
(3.1242 -0.106012 0)
(3.12535 -0.109999 0)
(3.12408 -0.114615 0)
(3.12042 -0.116063 0)
(3.12104 -0.111355 0)
(3.12697 -0.11108 0)
(3.13056 -0.115957 0)
(3.12812 -0.123507 0)
(3.11988 -0.121481 0)
(3.10981 -0.110924 0)
(3.1015 -0.0984816 0)
(3.09203 -0.0782727 0)
(3.08904 -0.0580759 0)
(3.09638 -0.0464976 0)
(3.10765 -0.0389315 0)
(3.10371 -0.0388396 0)
(3.09671 -0.0401354 0)
(3.09078 -0.0422803 0)
(3.08409 -0.0437209 0)
(3.07465 -0.0447918 0)
(3.06444 -0.0488231 0)
(3.05317 -0.0579229 0)
(3.04065 -0.0665939 0)
(3.03234 -0.0692925 0)
(3.02961 -0.0678587 0)
(3.02603 -0.0607323 0)
(3.02355 -0.0510755 0)
(3.02212 -0.0438716 0)
(3.02157 -0.0391741 0)
(3.02122 -0.0355934 0)
(3.02097 -0.0319582 0)
(3.02244 -0.0266265 0)
(3.02953 -0.0170506 0)
(3.04871 0.000221536 0)
(3.07429 0.0223472 0)
(3.08157 0.0334989 0)
(3.07924 0.0358096 0)
(3.07668 0.0377001 0)
(3.06982 0.0384775 0)
(3.05291 0.0320885 0)
(3.02263 0.0137031 0)
(3.00257 0.00138566 0)
(3.00003 1.3307e-05 0)
(3 -1.70357e-07 0)
(3 -1.72031e-07 0)
(3 -1.58125e-07 0)
(3 -1.20912e-07 0)
(3 -5.68462e-08 0)
(3 -7.21547e-09 0)
(2.8532 0.251758 0)
(2.25879 0.825958 0)
(1.98579 1.02665 0)
(1.96654 1.05186 0)
(1.99297 1.03378 0)
(2.05032 0.988971 0)
(2.11861 0.935959 0)
(2.17244 0.893438 0)
(2.21547 0.870604 0)
(2.26141 0.837458 0)
(2.30679 0.791599 0)
(2.35126 0.748743 0)
(2.39939 0.709489 0)
(2.4513 0.672567 0)
(2.4977 0.644402 0)
(2.53017 0.608285 0)
(2.56723 0.553912 0)
(2.59996 0.51665 0)
(2.63535 0.500479 0)
(2.6658 0.468401 0)
(2.70211 0.411864 0)
(2.73484 0.38167 0)
(2.76398 0.383185 0)
(2.78949 0.36175 0)
(2.82679 0.309842 0)
(2.84983 0.267716 0)
(2.87738 0.253886 0)
(2.8976 0.231745 0)
(2.91771 0.187462 0)
(2.93197 0.166502 0)
(2.95811 0.162091 0)
(2.98206 0.139862 0)
(3.00029 0.106783 0)
(3.00638 0.0760831 0)
(3.01797 0.0654742 0)
(3.03828 0.0490862 0)
(3.05529 0.0163452 0)
(3.05555 -0.0143873 0)
(3.05016 -0.0216091 0)
(3.05201 -0.0323734 0)
(3.07283 -0.0452789 0)
(3.07883 -0.0563067 0)
(3.08642 -0.0643416 0)
(3.09439 -0.0694647 0)
(3.10534 -0.0702079 0)
(3.11661 -0.0734299 0)
(3.11878 -0.0798507 0)
(3.11984 -0.100766 0)
(3.12569 -0.117363 0)
(3.12729 -0.119369 0)
(3.12453 -0.118065 0)
(3.12454 -0.123141 0)
(3.13185 -0.127435 0)
(3.13598 -0.130197 0)
(3.13336 -0.134403 0)
(3.12653 -0.132476 0)
(3.12223 -0.123914 0)
(3.12261 -0.116258 0)
(3.1189 -0.106568 0)
(3.11629 -0.0925921 0)
(3.11989 -0.0731925 0)
(3.12062 -0.0601826 0)
(3.11149 -0.0628808 0)
(3.09891 -0.0637981 0)
(3.09049 -0.0658652 0)
(3.08281 -0.0692194 0)
(3.07207 -0.0734349 0)
(3.06003 -0.0781773 0)
(3.04906 -0.0798693 0)
(3.04378 -0.0782856 0)
(3.03645 -0.073944 0)
(3.03137 -0.0680007 0)
(3.03014 -0.0613498 0)
(3.03145 -0.0533733 0)
(3.03138 -0.0433299 0)
(3.02941 -0.033576 0)
(3.0276 -0.0246417 0)
(3.02678 -0.0167482 0)
(3.02807 -0.00985312 0)
(3.0394 0.000610474 0)
(3.06707 0.0207218 0)
(3.0876 0.0393008 0)
(3.0874 0.0442086 0)
(3.08499 0.045596 0)
(3.07977 0.0470369 0)
(3.06481 0.042254 0)
(3.03383 0.0226621 0)
(3.00579 0.00353464 0)
(3.00013 6.57396e-05 0)
(3 -9.88023e-08 0)
(3 -1.51321e-07 0)
(3 -1.43319e-07 0)
(3 -1.16439e-07 0)
(3 -6.00117e-08 0)
(3 -1.06368e-08 0)
(3 -2.56125e-10 0)
(2.99565 0.0168166 0)
(2.84359 0.258921 0)
(2.32297 0.794893 0)
(2.03527 1.02402 0)
(2.03299 1.05365 0)
(2.0531 1.03511 0)
(2.11597 0.986242 0)
(2.17991 0.930451 0)
(2.23141 0.887707 0)
(2.2648 0.870198 0)
(2.29719 0.848752 0)
(2.33695 0.810836 0)
(2.39599 0.756968 0)
(2.45093 0.699031 0)
(2.49441 0.668793 0)
(2.52213 0.667551 0)
(2.54677 0.631707 0)
(2.59012 0.566512 0)
(2.62418 0.535298 0)
(2.6573 0.52669 0)
(2.69664 0.476406 0)
(2.72451 0.415349 0)
(2.74675 0.402325 0)
(2.77192 0.417268 0)
(2.80739 0.388971 0)
(2.84532 0.323063 0)
(2.86473 0.288762 0)
(2.88232 0.28854 0)
(2.90163 0.259091 0)
(2.92371 0.213019 0)
(2.93983 0.198559 0)
(2.962 0.186615 0)
(2.99438 0.149769 0)
(3.00335 0.122556 0)
(3.01223 0.116725 0)
(3.02927 0.104627 0)
(3.04077 0.0706799 0)
(3.04792 0.0390978 0)
(3.04991 0.0165498 0)
(3.05005 0.00638267 0)
(3.07322 -0.0128044 0)
(3.08212 -0.0246407 0)
(3.09062 -0.0328724 0)
(3.10021 -0.0426889 0)
(3.10903 -0.0503044 0)
(3.11234 -0.05434 0)
(3.11426 -0.0661981 0)
(3.11909 -0.0962938 0)
(3.12309 -0.113347 0)
(3.12739 -0.11815 0)
(3.12881 -0.123666 0)
(3.13157 -0.129966 0)
(3.13624 -0.129738 0)
(3.13886 -0.130637 0)
(3.13828 -0.134072 0)
(3.13732 -0.140002 0)
(3.13948 -0.139268 0)
(3.13762 -0.12508 0)
(3.13571 -0.114511 0)
(3.13381 -0.107694 0)
(3.13251 -0.10272 0)
(3.12579 -0.100122 0)
(3.11646 -0.0992699 0)
(3.10538 -0.0989121 0)
(3.09431 -0.0980151 0)
(3.08318 -0.0950593 0)
(3.07078 -0.0924964 0)
(3.06095 -0.0891729 0)
(3.05266 -0.0842051 0)
(3.04596 -0.0774147 0)
(3.04115 -0.0689668 0)
(3.03788 -0.0592597 0)
(3.03614 -0.0492844 0)
(3.03617 -0.0409537 0)
(3.03633 -0.0355572 0)
(3.0348 -0.032091 0)
(3.03355 -0.0305892 0)
(3.03501 -0.0263541 0)
(3.04249 -0.0132116 0)
(3.0636 0.0120325 0)
(3.09073 0.0421828 0)
(3.09647 0.0545945 0)
(3.09352 0.0562642 0)
(3.0895 0.0576766 0)
(3.07599 0.0534933 0)
(3.04471 0.0329613 0)
(3.01002 0.00687441 0)
(3.00035 0.000202274 0)
(3 1.66082e-07 0)
(3 -1.64766e-07 0)
(3 -1.56773e-07 0)
(3 -1.23789e-07 0)
(3 -6.35788e-08 0)
(3 -1.19543e-08 0)
(3 -3.5394e-10 0)
(3 2.6308e-12 0)
(2.99997 0.00013117 0)
(2.9949 0.0177622 0)
(2.86302 0.238948 0)
(2.35627 0.775258 0)
(2.15157 0.976534 0)
(2.10514 1.03333 0)
(2.11397 1.02942 0)
(2.15506 0.995419 0)
(2.20063 0.953899 0)
(2.26047 0.904751 0)
(2.31392 0.85382 0)
(2.34883 0.8354 0)
(2.37934 0.81537 0)
(2.43457 0.764817 0)
(2.48267 0.709734 0)
(2.52068 0.693587 0)
(2.53969 0.68766 0)
(2.5817 0.627816 0)
(2.62266 0.561104 0)
(2.65836 0.543324 0)
(2.67607 0.547612 0)
(2.70558 0.499402 0)
(2.73457 0.446516 0)
(2.76523 0.440791 0)
(2.7967 0.43404 0)
(2.835 0.380622 0)
(2.85166 0.335557 0)
(2.87114 0.326243 0)
(2.88243 0.320642 0)
(2.91117 0.283157 0)
(2.92967 0.24452 0)
(2.9489 0.238078 0)
(2.97764 0.215694 0)
(3.00232 0.175576 0)
(3.00888 0.153551 0)
(3.01988 0.141623 0)
(3.03145 0.110649 0)
(3.04019 0.0847585 0)
(3.04616 0.0663922 0)
(3.04886 0.0594977 0)
(3.06795 0.04265 0)
(3.0797 0.0332215 0)
(3.09028 0.0252892 0)
(3.10033 0.00962872 0)
(3.10401 -0.00346726 0)
(3.10426 -0.0103901 0)
(3.10746 -0.0319191 0)
(3.11398 -0.0575404 0)
(3.11785 -0.0651572 0)
(3.1225 -0.0658045 0)
(3.12677 -0.0654017 0)
(3.12777 -0.0735992 0)
(3.12947 -0.0844088 0)
(3.13385 -0.094131 0)
(3.14045 -0.0957725 0)
(3.14615 -0.0943681 0)
(3.14412 -0.0908271 0)
(3.13963 -0.0910451 0)
(3.13787 -0.0917472 0)
(3.13737 -0.0944371 0)
(3.1351 -0.0990837 0)
(3.12662 -0.100684 0)
(3.11784 -0.100736 0)
(3.10792 -0.100597 0)
(3.09694 -0.0979197 0)
(3.08542 -0.0931108 0)
(3.07431 -0.0897813 0)
(3.06486 -0.0875303 0)
(3.05749 -0.084584 0)
(3.05244 -0.0799731 0)
(3.05009 -0.072524 0)
(3.05013 -0.060641 0)
(3.04953 -0.0460456 0)
(3.04568 -0.0339354 0)
(3.04111 -0.0232809 0)
(3.03834 -0.0146382 0)
(3.03613 -0.00736652 0)
(3.03947 0.00144108 0)
(3.05909 0.0185533 0)
(3.09149 0.0483164 0)
(3.10582 0.0670733 0)
(3.10299 0.0700371 0)
(3.09964 0.0709643 0)
(3.08651 0.0660969 0)
(3.05412 0.043651 0)
(3.01415 0.0107981 0)
(3.00064 0.000423203 0)
(3 9.07307e-07 0)
(3 -1.35924e-07 0)
(3 -1.30873e-07 0)
(3 -1.05334e-07 0)
(3 -5.50952e-08 0)
(3 -1.06029e-08 0)
(3 -3.32431e-10 0)
(3 2.45876e-12 0)
(3 2.93143e-12 0)
(3 1.60078e-07 0)
(2.99997 0.000145748 0)
(2.9954 0.0153203 0)
(2.87097 0.207519 0)
(2.48292 0.690305 0)
(2.24198 0.94024 0)
(2.14184 1.03403 0)
(2.14945 1.03285 0)
(2.18303 1.0014 0)
(2.24526 0.951358 0)
(2.31776 0.892567 0)
(2.35804 0.863925 0)
(2.38324 0.844627 0)
(2.4279 0.804285 0)
(2.47056 0.758311 0)
(2.5112 0.732139 0)
(2.54641 0.721847 0)
(2.57708 0.677501 0)
(2.61283 0.611258 0)
(2.64455 0.584014 0)
(2.66707 0.58654 0)
(2.69708 0.552622 0)
(2.72776 0.49968 0)
(2.75523 0.488379 0)
(2.78756 0.482578 0)
(2.82822 0.427602 0)
(2.84136 0.380303 0)
(2.85594 0.371082 0)
(2.87161 0.363988 0)
(2.90198 0.331165 0)
(2.92699 0.29156 0)
(2.94288 0.275406 0)
(2.96543 0.269903 0)
(2.99653 0.230758 0)
(3.00394 0.198222 0)
(3.00778 0.186775 0)
(3.01869 0.160399 0)
(3.03166 0.134678 0)
(3.0431 0.116989 0)
(3.04706 0.10366 0)
(3.0627 0.0888425 0)
(3.07832 0.080791 0)
(3.09115 0.0705195 0)
(3.09848 0.0533604 0)
(3.09885 0.0425712 0)
(3.09735 0.0291484 0)
(3.10235 0.00505457 0)
(3.10927 -0.016072 0)
(3.1147 -0.024891 0)
(3.12179 -0.0332239 0)
(3.12806 -0.0438156 0)
(3.13158 -0.0538892 0)
(3.13389 -0.0587412 0)
(3.13644 -0.0595895 0)
(3.14371 -0.0577694 0)
(3.15313 -0.0633829 0)
(3.15201 -0.0728316 0)
(3.14697 -0.0820955 0)
(3.14606 -0.0947791 0)
(3.14898 -0.101137 0)
(3.14294 -0.105113 0)
(3.13167 -0.10459 0)
(3.12387 -0.10229 0)
(3.11503 -0.100728 0)
(3.10386 -0.0988449 0)
(3.09337 -0.095004 0)
(3.08417 -0.0893314 0)
(3.07618 -0.082589 0)
(3.06914 -0.0750505 0)
(3.06359 -0.0662008 0)
(3.06051 -0.055682 0)
(3.05892 -0.0452379 0)
(3.05603 -0.0390108 0)
(3.05282 -0.0375317 0)
(3.05032 -0.0354561 0)
(3.04875 -0.0278593 0)
(3.0516 -0.012822 0)
(3.06493 0.0140443 0)
(3.09312 0.0533798 0)
(3.11386 0.0818652 0)
(3.11288 0.0873509 0)
(3.1098 0.0873185 0)
(3.09615 0.080305 0)
(3.06129 0.0538429 0)
(3.01699 0.0142647 0)
(3.00086 0.000640787 0)
(3 1.83821e-06 0)
(3 -1.26383e-07 0)
(3 -1.23392e-07 0)
(3 -9.66813e-08 0)
(3 -4.73266e-08 0)
(3 -8.36724e-09 0)
(3 -2.38051e-10 0)
(3 2.20248e-12 0)
(3 2.69972e-12 0)
(3 2.16886e-12 0)
(3 2.44956e-11 0)
(3 1.7306e-07 0)
(2.99997 0.000126396 0)
(2.99608 0.0109329 0)
(2.90854 0.162495 0)
(2.61765 0.587263 0)
(2.26163 0.951681 0)
(2.19502 1.01565 0)
(2.22309 0.995239 0)
(2.24893 0.977094 0)
(2.30226 0.946673 0)
(2.35046 0.910077 0)
(2.36758 0.892542 0)
(2.40649 0.854212 0)
(2.46978 0.796567 0)
(2.50799 0.763113 0)
(2.54947 0.749697 0)
(2.5855 0.70849 0)
(2.60467 0.653106 0)
(2.62118 0.640843 0)
(2.6461 0.639588 0)
(2.69725 0.595591 0)
(2.7323 0.532101 0)
(2.75284 0.513367 0)
(2.78016 0.523139 0)
(2.81423 0.489241 0)
(2.83338 0.432214 0)
(2.84377 0.416996 0)
(2.85815 0.409759 0)
(2.89212 0.376889 0)
(2.92204 0.341628 0)
(2.93695 0.319111 0)
(2.95818 0.31648 0)
(2.98644 0.284028 0)
(2.99894 0.237473 0)
(2.9993 0.222961 0)
(3.00647 0.205809 0)
(3.02489 0.182675 0)
(3.0355 0.170043 0)
(3.04449 0.153518 0)
(3.05419 0.141886 0)
(3.07591 0.133267 0)
(3.08943 0.119945 0)
(3.09502 0.0999043 0)
(3.09478 0.0806455 0)
(3.09166 0.0651341 0)
(3.09821 0.0444475 0)
(3.10572 0.03446 0)
(3.11093 0.0299912 0)
(3.11672 0.018557 0)
(3.12303 0.00747035 0)
(3.12801 0.00340485 0)
(3.13212 0.00077751 0)
(3.13746 -0.00574173 0)
(3.14506 -0.016692 0)
(3.15183 -0.0271112 0)
(3.15252 -0.0362319 0)
(3.14944 -0.0406352 0)
(3.14587 -0.0449086 0)
(3.13911 -0.0491222 0)
(3.13151 -0.0546555 0)
(3.12262 -0.0584185 0)
(3.11113 -0.06148 0)
(3.10357 -0.0642998 0)
(3.09728 -0.064378 0)
(3.0871 -0.0618579 0)
(3.07909 -0.0570129 0)
(3.07315 -0.0510235 0)
(3.06798 -0.0431583 0)
(3.06364 -0.0332832 0)
(3.06049 -0.023145 0)
(3.05748 -0.014661 0)
(3.0543 -0.00811896 0)
(3.0514 -0.00129065 0)
(3.05057 0.00598915 0)
(3.05674 0.0155128 0)
(3.07201 0.0360378 0)
(3.09829 0.0709182 0)
(3.12044 0.100556 0)
(3.12225 0.107414 0)
(3.11905 0.105932 0)
(3.10361 0.0953563 0)
(3.06531 0.0623531 0)
(3.01783 0.0162745 0)
(3.00089 0.000733943 0)
(3 2.24111e-06 0)
(3 -9.9291e-08 0)
(3 -9.77642e-08 0)
(3 -7.50613e-08 0)
(3 -3.45828e-08 0)
(3 -5.46876e-09 0)
(3 -1.32036e-10 0)
(3 1.95616e-12 0)
(3 2.22028e-12 0)
(3 1.98563e-12 0)
(3 1.01333e-12 0)
(3 6.58842e-16 0)
(3 2.54215e-11 0)
(3 1.53318e-07 0)
(2.99998 7.78385e-05 0)
(2.99756 0.00669833 0)
(2.94368 0.118036 0)
(2.69239 0.490981 0)
(2.36554 0.887409 0)
(2.29377 0.923409 0)
(2.3026 0.967782 0)
(2.30831 0.982199 0)
(2.32041 0.979541 0)
(2.35264 0.940346 0)
(2.39826 0.891845 0)
(2.45434 0.845026 0)
(2.51349 0.788292 0)
(2.54673 0.770805 0)
(2.57345 0.755761 0)
(2.5956 0.705151 0)
(2.61422 0.669854 0)
(2.64154 0.665704 0)
(2.67748 0.651831 0)
(2.72306 0.598702 0)
(2.74559 0.558133 0)
(2.77132 0.557536 0)
(2.80674 0.533954 0)
(2.8295 0.477712 0)
(2.8369 0.461241 0)
(2.84518 0.45581 0)
(2.88021 0.421786 0)
(2.9155 0.385044 0)
(2.93127 0.358648 0)
(2.95305 0.353373 0)
(2.97591 0.33059 0)
(2.99097 0.28432 0)
(2.99088 0.267234 0)
(2.99527 0.256059 0)
(3.01678 0.232356 0)
(3.0282 0.219198 0)
(3.042 0.199217 0)
(3.04814 0.190992 0)
(3.0736 0.179559 0)
(3.08519 0.164251 0)
(3.09013 0.142777 0)
(3.09092 0.120209 0)
(3.08536 0.108584 0)
(3.09413 0.0914823 0)
(3.10096 0.0822356 0)
(3.11059 0.0752736 0)
(3.11671 0.0595693 0)
(3.12218 0.0502027 0)
(3.12644 0.0467643 0)
(3.13224 0.0421525 0)
(3.13943 0.031966 0)
(3.14295 0.0264751 0)
(3.14405 0.0242051 0)
(3.14787 0.0143317 0)
(3.1479 -0.000377657 0)
(3.14538 -0.0175388 0)
(3.14236 -0.034694 0)
(3.1375 -0.0468394 0)
(3.12981 -0.0542909 0)
(3.11798 -0.063428 0)
(3.11236 -0.069231 0)
(3.1073 -0.0697606 0)
(3.09884 -0.0684857 0)
(3.09173 -0.0649879 0)
(3.08626 -0.0600198 0)
(3.08189 -0.053636 0)
(3.07829 -0.0457745 0)
(3.07518 -0.0371107 0)
(3.07231 -0.0275196 0)
(3.07034 -0.0161334 0)
(3.07029 -0.000875899 0)
(3.07433 0.0212115 0)
(3.08622 0.0532097 0)
(3.10862 0.0935807 0)
(3.12734 0.12312 0)
(3.1293 0.129042 0)
(3.12565 0.125165 0)
(3.10742 0.109353 0)
(3.065 0.0672595 0)
(3.01622 0.0160005 0)
(3.00071 0.000644616 0)
(3 1.76673e-06 0)
(3 -7.78271e-08 0)
(3 -7.72103e-08 0)
(3 -5.71203e-08 0)
(3 -2.34892e-08 0)
(3 -3.07086e-09 0)
(3 -5.63702e-11 0)
(3 1.63363e-12 0)
(3 1.74629e-12 0)
(3 1.50614e-12 0)
(3 8.75805e-13 0)
(3 1.7846e-13 0)
(3 -2.17502e-16 0)
(3 1.07207e-15 0)
(3 2.35409e-11 0)
(3 8.18368e-08 0)
(2.99999 3.74306e-05 0)
(2.99866 0.00382975 0)
(2.96985 0.0699293 0)
(2.78425 0.368524 0)
(2.54146 0.685122 0)
(2.37637 0.868326 0)
(2.3178 0.999435 0)
(2.31507 1.01001 0)
(2.34426 0.989102 0)
(2.38959 0.936887 0)
(2.44917 0.882305 0)
(2.48723 0.855751 0)
(2.54184 0.801133 0)
(2.56631 0.776284 0)
(2.5736 0.761609 0)
(2.6088 0.712814 0)
(2.64096 0.686351 0)
(2.67232 0.678128 0)
(2.71552 0.642601 0)
(2.7421 0.604121 0)
(2.76412 0.598275 0)
(2.79673 0.578403 0)
(2.82353 0.525344 0)
(2.83127 0.505765 0)
(2.835 0.502113 0)
(2.86553 0.468413 0)
(2.90575 0.428853 0)
(2.92369 0.399738 0)
(2.94523 0.391294 0)
(2.96602 0.373471 0)
(2.98302 0.330871 0)
(2.98399 0.312169 0)
(2.98605 0.304911 0)
(3.00827 0.28278 0)
(3.02248 0.270142 0)
(3.03886 0.247257 0)
(3.04645 0.23845 0)
(3.06809 0.224391 0)
(3.07954 0.206272 0)
(3.08135 0.182848 0)
(3.08363 0.159932 0)
(3.07947 0.15128 0)
(3.09164 0.137645 0)
(3.09917 0.130734 0)
(3.10925 0.120384 0)
(3.11562 0.105251 0)
(3.11775 0.101611 0)
(3.12444 0.0950311 0)
(3.13039 0.0886883 0)
(3.13908 0.0760644 0)
(3.14318 0.0616742 0)
(3.14357 0.0534103 0)
(3.14574 0.0431777 0)
(3.14392 0.0348995 0)
(3.13773 0.0280679 0)
(3.13054 0.0219051 0)
(3.12426 0.0169173 0)
(3.11702 0.0114175 0)
(3.10847 0.0045098 0)
(3.1054 0.00299699 0)
(3.09979 0.00317177 0)
(3.09358 0.00549888 0)
(3.08812 0.00892584 0)
(3.08377 0.0129339 0)
(3.08077 0.0171628 0)
(3.07918 0.0214403 0)
(3.07882 0.0261933 0)
(3.07958 0.0327119 0)
(3.08199 0.0437885 0)
(3.08807 0.0624081 0)
(3.101 0.0917896 0)
(3.12101 0.127121 0)
(3.13389 0.14862 0)
(3.13438 0.150356 0)
(3.12884 0.142669 0)
(3.10609 0.119387 0)
(3.05909 0.0661715 0)
(3.01231 0.0131429 0)
(3.00041 0.000420747 0)
(3 8.86039e-07 0)
(3 -5.64634e-08 0)
(3 -5.5699e-08 0)
(3 -3.8892e-08 0)
(3 -1.39695e-08 0)
(3 -1.4453e-09 0)
(3 -1.83404e-11 0)
(3 1.25262e-12 0)
(3 1.30164e-12 0)
(3 1.0659e-12 0)
(3 5.39973e-13 0)
(3 1.0947e-13 0)
(3 3.93978e-15 0)
(3 1.07128e-15 0)
(3 1.15447e-15 0)
(3 2.54332e-15 0)
(3 1.04149e-11 0)
(3 3.1449e-08 0)
(2.99999 1.58804e-05 0)
(2.99955 0.00151946 0)
(2.98747 0.0297262 0)
(2.89174 0.202341 0)
(2.67774 0.535434 0)
(2.386 0.913785 0)
(2.35967 0.967363 0)
(2.39863 0.952895 0)
(2.41592 0.943436 0)
(2.43908 0.935837 0)
(2.46852 0.916323 0)
(2.49635 0.883656 0)
(2.54787 0.822156 0)
(2.57159 0.792915 0)
(2.60484 0.749959 0)
(2.6418 0.709656 0)
(2.66451 0.706797 0)
(2.70561 0.682202 0)
(2.73797 0.646711 0)
(2.75484 0.643054 0)
(2.7851 0.620693 0)
(2.81672 0.566774 0)
(2.82623 0.547218 0)
(2.82639 0.54402 0)
(2.85459 0.509626 0)
(2.89529 0.470168 0)
(2.91482 0.441817 0)
(2.93854 0.427841 0)
(2.95478 0.416095 0)
(2.97189 0.380522 0)
(2.97615 0.359768 0)
(2.97663 0.352516 0)
(3.00011 0.330531 0)
(3.01856 0.318464 0)
(3.03588 0.292406 0)
(3.04407 0.282873 0)
(3.06227 0.269473 0)
(3.07227 0.247463 0)
(3.06954 0.222506 0)
(3.07498 0.20411 0)
(3.07588 0.193976 0)
(3.08958 0.181816 0)
(3.09993 0.175205 0)
(3.10933 0.163092 0)
(3.1126 0.150208 0)
(3.11366 0.147302 0)
(3.12366 0.13611 0)
(3.13101 0.126399 0)
(3.13593 0.113854 0)
(3.13563 0.10708 0)
(3.13843 0.0978649 0)
(3.14002 0.0867201 0)
(3.1375 0.0736272 0)
(3.13273 0.0594894 0)
(3.12876 0.0468832 0)
(3.12495 0.0358498 0)
(3.12054 0.0250616 0)
(3.11843 0.020628 0)
(3.1155 0.0183741 0)
(3.11215 0.0162017 0)
(3.10905 0.0161748 0)
(3.10596 0.0184465 0)
(3.10316 0.0231507 0)
(3.10097 0.0307371 0)
(3.0995 0.0416264 0)
(3.09915 0.0562601 0)
(3.1009 0.0758056 0)
(3.10667 0.102162 0)
(3.11888 0.134338 0)
(3.13317 0.162882 0)
(3.13835 0.173159 0)
(3.13738 0.170137 0)
(3.12724 0.156462 0)
(3.09842 0.122014 0)
(3.0472 0.0570727 0)
(3.00732 0.00854069 0)
(3.00016 0.000192631 0)
(3 2.58019e-07 0)
(3 -3.88917e-08 0)
(3 -3.78511e-08 0)
(3 -2.44159e-08 0)
(3 -7.35863e-09 0)
(3 -5.66888e-10 0)
(3 -4.24013e-12 0)
(3 9.03505e-13 0)
(3 9.15067e-13 0)
(3 6.95892e-13 0)
(3 2.94479e-13 0)
(3 4.16019e-14 0)
(3 -5.56073e-16 0)
(3 -8.12596e-16 0)
(3 1.32493e-15 0)
(3 7.83791e-16 0)
(3 2.83704e-16 0)
(3 6.14349e-16 0)
(3 3.10977e-12 0)
(3 9.12521e-09 0)
(3 3.74613e-06 0)
(2.99989 0.000339038 0)
(2.99587 0.0101673 0)
(2.95004 0.109152 0)
(2.72537 0.460946 0)
(2.54089 0.764669 0)
(2.51757 0.83844 0)
(2.43581 0.933126 0)
(2.43124 0.953263 0)
(2.45138 0.952968 0)
(2.48102 0.926864 0)
(2.51967 0.887595 0)
(2.56324 0.842802 0)
(2.59584 0.802608 0)
(2.62683 0.762427 0)
(2.65145 0.744926 0)
(2.69763 0.712727 0)
(2.72736 0.689395 0)
(2.74558 0.682041 0)
(2.78429 0.644643 0)
(2.80899 0.596278 0)
(2.81515 0.58812 0)
(2.81559 0.582201 0)
(2.84804 0.548152 0)
(2.8856 0.510732 0)
(2.90322 0.482926 0)
(2.92301 0.481075 0)
(2.9468 0.459815 0)
(2.96441 0.417244 0)
(2.96561 0.405434 0)
(2.9648 0.399451 0)
(2.99089 0.380489 0)
(3.01611 0.361149 0)
(3.03148 0.333836 0)
(3.0418 0.325096 0)
(3.05614 0.311865 0)
(3.06098 0.28651 0)
(3.06037 0.26226 0)
(3.06664 0.250208 0)
(3.07558 0.233174 0)
(3.08426 0.227662 0)
(3.10156 0.218424 0)
(3.10954 0.205582 0)
(3.11072 0.191616 0)
(3.10991 0.188846 0)
(3.11804 0.175691 0)
(3.1269 0.165842 0)
(3.1317 0.151513 0)
(3.13161 0.140678 0)
(3.13485 0.129713 0)
(3.13548 0.119672 0)
(3.13163 0.109655 0)
(3.12556 0.0999982 0)
(3.12051 0.0913894 0)
(3.11647 0.0848122 0)
(3.11483 0.0821904 0)
(3.11319 0.0806864 0)
(3.11163 0.0790979 0)
(3.1105 0.0788511 0)
(3.10947 0.0802854 0)
(3.10875 0.0833573 0)
(3.1086 0.0889673 0)
(3.10939 0.0981132 0)
(3.11164 0.111927 0)
(3.11625 0.131624 0)
(3.12422 0.156803 0)
(3.13449 0.181798 0)
(3.14068 0.194989 0)
(3.14107 0.194809 0)
(3.13619 0.185087 0)
(3.11914 0.162785 0)
(3.08288 0.112128 0)
(3.03096 0.0404421 0)
(3.00312 0.00406422 0)
(3.00004 5.7274e-05 0)
(3 2.91067e-08 0)
(3 -2.53484e-08 0)
(3 -2.40306e-08 0)
(3 -1.38909e-08 0)
(3 -3.37343e-09 0)
(3 -1.82728e-10 0)
(3 -4.3989e-13 0)
(3 6.1596e-13 0)
(3 6.09232e-13 0)
(3 4.09224e-13 0)
(3 1.39043e-13 0)
(3 1.27804e-14 0)
(3 -1.61751e-15 0)
(3 -2.54729e-15 0)
(3 -3.57582e-16 0)
(3 1.67558e-15 0)
(3 6.53044e-16 0)
(3 6.54119e-17 0)
(3 1.29058e-17 0)
(3 -7.48111e-16 0)
(3 5.83019e-13 0)
(3 1.03312e-09 0)
(3 5.00866e-07 0)
(2.99997 7.41783e-05 0)
(2.99863 0.00383026 0)
(2.97017 0.0632941 0)
(2.88849 0.238332 0)
(2.70525 0.564898 0)
(2.60454 0.744032 0)
(2.47115 0.911213 0)
(2.48048 0.930531 0)
(2.49845 0.923102 0)
(2.52386 0.907775 0)
(2.54972 0.894288 0)
(2.57674 0.871372 0)
(2.60859 0.829228 0)
(2.64421 0.787762 0)
(2.67645 0.765061 0)
(2.72098 0.723678 0)
(2.74192 0.711546 0)
(2.76935 0.687948 0)
(2.79838 0.631623 0)
(2.80532 0.614769 0)
(2.81006 0.602786 0)
(2.84417 0.578055 0)
(2.87647 0.550952 0)
(2.89355 0.524 0)
(2.91172 0.523143 0)
(2.94082 0.495287 0)
(2.95272 0.4587 0)
(2.95142 0.452276 0)
(2.95816 0.438491 0)
(2.99037 0.422618 0)
(3.01426 0.395009 0)
(3.02312 0.375564 0)
(3.03419 0.369476 0)
(3.04529 0.353492 0)
(3.04899 0.321619 0)
(3.0536 0.302616 0)
(3.06268 0.292091 0)
(3.07481 0.272472 0)
(3.08179 0.268984 0)
(3.09623 0.26308 0)
(3.10871 0.246638 0)
(3.10919 0.22917 0)
(3.10515 0.225277 0)
(3.10833 0.212458 0)
(3.12105 0.201097 0)
(3.12643 0.187462 0)
(3.12668 0.177568 0)
(3.12859 0.167849 0)
(3.12847 0.157387 0)
(3.12479 0.145492 0)
(3.11991 0.133563 0)
(3.11692 0.125015 0)
(3.11617 0.122037 0)
(3.11567 0.119723 0)
(3.11573 0.117718 0)
(3.1163 0.117983 0)
(3.11717 0.120617 0)
(3.11821 0.126647 0)
(3.11989 0.136232 0)
(3.12252 0.150391 0)
(3.12673 0.169023 0)
(3.13273 0.190343 0)
(3.13946 0.210171 0)
(3.14335 0.219973 0)
(3.14365 0.219575 0)
(3.13973 0.210654 0)
(3.12777 0.193046 0)
(3.1037 0.155774 0)
(3.05976 0.0869276 0)
(3.0149 0.0213695 0)
(3.00084 0.00128238 0)
(3.00001 1.0058e-05 0)
(3 -9.43788e-09 0)
(3 -1.58309e-08 0)
(3 -1.42408e-08 0)
(3 -7.11655e-09 0)
(3 -1.33035e-09 0)
(3 -4.75544e-11 0)
(3 2.10552e-13 0)
(3 3.99252e-13 0)
(3 3.75248e-13 0)
(3 2.19562e-13 0)
(3 5.32709e-14 0)
(3 2.46474e-15 0)
(3 -8.72732e-17 0)
(3 9.80138e-17 0)
(3 1.98649e-17 0)
(3 5.40312e-16 0)
(3 9.35141e-16 0)
(3 5.12887e-17 0)
(3 -8.70375e-17 0)
(3 1.87141e-16 0)
(3 -3.4657e-16 0)
(3 -3.52264e-17 0)
(3 5.7007e-14 0)
(3 9.38099e-11 0)
(3 8.18921e-08 0)
(2.99999 1.84128e-05 0)
(2.99961 0.00118059 0)
(2.99556 0.0137265 0)
(2.95395 0.0995074 0)
(2.86406 0.31218 0)
(2.62941 0.679743 0)
(2.59745 0.776052 0)
(2.55634 0.849523 0)
(2.53601 0.904811 0)
(2.5437 0.909481 0)
(2.57313 0.898098 0)
(2.5991 0.873937 0)
(2.62353 0.85227 0)
(2.66045 0.821861 0)
(2.69675 0.792479 0)
(2.73119 0.756439 0)
(2.75293 0.72927 0)
(2.78021 0.675066 0)
(2.79379 0.644923 0)
(2.79919 0.634334 0)
(2.83956 0.611336 0)
(2.87249 0.581683 0)
(2.88648 0.561335 0)
(2.90122 0.563952 0)
(2.92897 0.532506 0)
(2.94158 0.491481 0)
(2.94246 0.485256 0)
(2.95781 0.471316 0)
(2.98788 0.462649 0)
(3.00838 0.436426 0)
(3.01626 0.415182 0)
(3.02669 0.403909 0)
(3.03428 0.382268 0)
(3.0397 0.354157 0)
(3.04798 0.343103 0)
(3.06013 0.332249 0)
(3.07175 0.316996 0)
(3.07867 0.309171 0)
(3.0915 0.300449 0)
(3.09969 0.286841 0)
(3.10438 0.265418 0)
(3.10235 0.256764 0)
(3.10061 0.249609 0)
(3.11276 0.237232 0)
(3.12041 0.223858 0)
(3.1217 0.213227 0)
(3.1224 0.204116 0)
(3.12149 0.194033 0)
(3.11805 0.183197 0)
(3.1151 0.175508 0)
(3.11443 0.173265 0)
(3.11445 0.171576 0)
(3.11547 0.170662 0)
(3.11763 0.172474 0)
(3.12085 0.177473 0)
(3.12473 0.18653 0)
(3.1294 0.199295 0)
(3.13471 0.215542 0)
(3.14038 0.23243 0)
(3.14509 0.245392 0)
(3.14661 0.249462 0)
(3.146 0.245958 0)
(3.14042 0.234504 0)
(3.13048 0.21824 0)
(3.11283 0.187436 0)
(3.07877 0.127494 0)
(3.03216 0.0509304 0)
(3.00454 0.0074703 0)
(3.00013 0.000239853 0)
(3 9.28499e-07 0)
(3 -8.47926e-09 0)
(3 -9.59212e-09 0)
(3 -7.78608e-09 0)
(3 -3.21741e-09 0)
(3 -4.36594e-10 0)
(3 -9.55961e-12 0)
(3 2.04287e-13 0)
(3 2.45077e-13 0)
(3 2.11582e-13 0)
(3 1.03971e-13 0)
(3 1.8812e-14 0)
(3 -4.60473e-16 0)
(3 -3.22418e-17 0)
(3 3.74459e-16 0)
(3 1.33227e-15 0)
(3 2.3281e-15 0)
(3 1.88629e-15 0)
(3 9.71887e-16 0)
(3 4.50428e-16 0)
(3 -7.81592e-17 0)
(3 -1.33497e-16 0)
(3 -1.8757e-16 0)
(3 -8.88434e-16 0)
(3 -1.13782e-15 0)
(3 5.5364e-15 0)
(3 1.11846e-11 0)
(3 1.12192e-08 0)
(3 2.42277e-06 0)
(2.99997 9.12571e-05 0)
(2.99902 0.0025341 0)
(2.98946 0.0283939 0)
(2.91645 0.170563 0)
(2.84109 0.375278 0)
(2.66699 0.678692 0)
(2.65008 0.749761 0)
(2.58363 0.853867 0)
(2.58397 0.884781 0)
(2.60316 0.876656 0)
(2.63169 0.860297 0)
(2.65104 0.850672 0)
(2.67738 0.842121 0)
(2.70665 0.823231 0)
(2.73274 0.786669 0)
(2.75274 0.739101 0)
(2.7761 0.694893 0)
(2.79568 0.675368 0)
(2.82493 0.659024 0)
(2.86568 0.626475 0)
(2.88133 0.604295 0)
(2.891 0.60298 0)
(2.91342 0.567536 0)
(2.9307 0.521519 0)
(2.93602 0.518997 0)
(2.95537 0.508089 0)
(2.9847 0.500208 0)
(3.00328 0.471943 0)
(3.00931 0.455119 0)
(3.01837 0.437756 0)
(3.02414 0.411438 0)
(3.03205 0.394661 0)
(3.04237 0.38605 0)
(3.05793 0.372275 0)
(3.06652 0.35852 0)
(3.07507 0.350721 0)
(3.0884 0.337027 0)
(3.09362 0.320721 0)
(3.09439 0.304217 0)
(3.09817 0.292512 0)
(3.09795 0.287986 0)
(3.10432 0.278055 0)
(3.1138 0.264867 0)
(3.11638 0.253836 0)
(3.11655 0.24516 0)
(3.11543 0.236502 0)
(3.11424 0.230084 0)
(3.11421 0.228327 0)
(3.11503 0.227323 0)
(3.11719 0.228251 0)
(3.12084 0.232938 0)
(3.12605 0.241564 0)
(3.1324 0.253609 0)
(3.13921 0.26652 0)
(3.14511 0.278027 0)
(3.14819 0.283327 0)
(3.14886 0.282043 0)
(3.1464 0.27275 0)
(3.13988 0.258734 0)
(3.13091 0.24179 0)
(3.11512 0.211461 0)
(3.08666 0.156037 0)
(3.04514 0.0791973 0)
(3.01085 0.0193966 0)
(3.00075 0.00150347 0)
(3.00001 2.32981e-05 0)
(3 3.68301e-08 0)
(3 -5.10266e-09 0)
(3 -5.38415e-09 0)
(3 -3.80214e-09 0)
(3 -1.24916e-09 0)
(3 -1.14281e-10 0)
(3 -1.35906e-12 0)
(3 1.31597e-13 0)
(3 1.42767e-13 0)
(3 1.09692e-13 0)
(3 4.09797e-14 0)
(3 4.66778e-15 0)
(3 -1.80058e-15 0)
(3 -5.1005e-16 0)
(3 1.13015e-15 0)
(3 1.92197e-15 0)
(3 1.63965e-15 0)
(3 1.33673e-15 0)
(3 1.01635e-15 0)
(3 -1.82682e-16 0)
(3 4.91027e-17 0)
(3 -8.92911e-16 0)
(3 -1.79368e-15 0)
(3 -1.67486e-15 0)
(3 -1.69797e-15 0)
(3 -1.61467e-15 0)
(3 -8.14709e-17 0)
(3 7.56504e-16 0)
(3 6.81746e-13 0)
(3 4.404e-10 0)
(3 6.33755e-08 0)
(3 8.4878e-06 0)
(2.99989 0.000329372 0)
(2.99733 0.00696603 0)
(2.98455 0.044118 0)
(2.92114 0.17863 0)
(2.8253 0.407433 0)
(2.71136 0.637446 0)
(2.68107 0.729855 0)
(2.63629 0.833034 0)
(2.64108 0.842582 0)
(2.67059 0.837786 0)
(2.68248 0.834508 0)
(2.69996 0.830911 0)
(2.71585 0.822495 0)
(2.73731 0.798208 0)
(2.75776 0.77317 0)
(2.78273 0.750138 0)
(2.81498 0.727105 0)
(2.84907 0.698825 0)
(2.87019 0.672077 0)
(2.88183 0.653837 0)
(2.89769 0.61597 0)
(2.92063 0.568778 0)
(2.93121 0.564737 0)
(2.94509 0.562578 0)
(2.98105 0.547233 0)
(2.9982 0.514594 0)
(3.00045 0.496402 0)
(3.00543 0.470477 0)
(3.01998 0.44674 0)
(3.02841 0.442066 0)
(3.03759 0.430204 0)
(3.05072 0.414736 0)
(3.06477 0.399494 0)
(3.07404 0.391119 0)
(3.08362 0.379982 0)
(3.08665 0.357875 0)
(3.0874 0.340966 0)
(3.09331 0.336197 0)
(3.09631 0.331769 0)
(3.1008 0.324449 0)
(3.10885 0.313661 0)
(3.11266 0.305004 0)
(3.1145 0.299128 0)
(3.11537 0.296444 0)
(3.11604 0.296234 0)
(3.11763 0.29756 0)
(3.12043 0.300611 0)
(3.12495 0.30606 0)
(3.13126 0.313333 0)
(3.13825 0.319856 0)
(3.14373 0.322237 0)
(3.146 0.321037 0)
(3.147 0.312682 0)
(3.14386 0.299021 0)
(3.13846 0.2843 0)
(3.12886 0.264047 0)
(3.11253 0.22985 0)
(3.08642 0.173159 0)
(3.04975 0.0970197 0)
(3.01572 0.0309664 0)
(3.00187 0.00404986 0)
(3.00006 0.000150883 0)
(3 1.02273e-06 0)
(3 -1.71946e-09 0)
(3 -2.91641e-09 0)
(3 -2.86538e-09 0)
(3 -1.66319e-09 0)
(3 -3.97663e-10 0)
(3 -2.26603e-11 0)
(3 -9.47097e-14 0)
(3 7.56087e-14 0)
(3 7.82825e-14 0)
(3 5.15187e-14 0)
(3 1.38533e-14 0)
(3 1.214e-15 0)
(3 -4.87957e-16 0)
(3 -9.93582e-17 0)
(3 7.51137e-16 0)
(3 1.91531e-15 0)
(3 3.61726e-15 0)
(3 2.11262e-15 0)
(3 -5.9935e-17 0)
(3 6.95699e-17 0)
(3 -7.76688e-16 0)
(3 -6.22365e-16 0)
(3 -1.09596e-15 0)
(3 -1.64806e-15 0)
(3 -1.4241e-15 0)
(3 -1.24438e-15 0)
(3 -8.22627e-16 0)
(3 5.49197e-17 0)
(3 7.88535e-17 0)
(3 -7.77288e-16 0)
(3 1.72999e-14 0)
(3 4.32636e-12 0)
(3 3.32923e-09 0)
(3 4.62754e-07 0)
(2.99999 3.42795e-05 0)
(2.99981 0.000610924 0)
(2.99688 0.00836099 0)
(2.98097 0.0494114 0)
(2.92607 0.1799 0)
(2.84782 0.377732 0)
(2.77202 0.563122 0)
(2.71581 0.702191 0)
(2.7061 0.766871 0)
(2.69636 0.807905 0)
(2.70784 0.807616 0)
(2.72367 0.805124 0)
(2.7415 0.80466 0)
(2.76177 0.804634 0)
(2.78324 0.793173 0)
(2.80556 0.7784 0)
(2.83085 0.763581 0)
(2.85148 0.743171 0)
(2.86779 0.713678 0)
(2.88088 0.676537 0)
(2.90427 0.641547 0)
(2.92527 0.619209 0)
(2.94001 0.610562 0)
(2.9685 0.587362 0)
(2.99081 0.542069 0)
(2.98731 0.508941 0)
(2.99308 0.471289 0)
(3.01469 0.462461 0)
(3.02985 0.455237 0)
(3.04421 0.438168 0)
(3.0517 0.424429 0)
(3.06656 0.408611 0)
(3.07675 0.397064 0)
(3.08419 0.384518 0)
(3.08532 0.367847 0)
(3.08612 0.357856 0)
(3.09154 0.359074 0)
(3.09777 0.361402 0)
(3.10445 0.361202 0)
(3.10996 0.359979 0)
(3.11334 0.360918 0)
(3.1158 0.364027 0)
(3.11788 0.367536 0)
(3.11964 0.369854 0)
(3.12187 0.370242 0)
(3.12617 0.368811 0)
(3.13099 0.365907 0)
(3.13522 0.360074 0)
(3.13823 0.350036 0)
(3.13921 0.337848 0)
(3.13845 0.324486 0)
(3.13374 0.308078 0)
(3.12349 0.282438 0)
(3.106 0.240801 0)
(3.08003 0.178141 0)
(3.04625 0.10086 0)
(3.01622 0.0358028 0)
(3.00259 0.00620175 0)
(3.00014 0.00039269 0)
(3 6.3928e-06 0)
(3 1.66615e-08 0)
(3 -1.40843e-09 0)
(3 -1.61006e-09 0)
(3 -1.36698e-09 0)
(3 -6.08432e-10 0)
(3 -9.75091e-11 0)
(3 -3.14092e-12 0)
(3 1.94716e-14 0)
(3 3.74201e-14 0)
(3 3.54891e-14 0)
(3 1.7617e-14 0)
(3 2.89826e-15 0)
(3 -7.74747e-16 0)
(3 -1.15557e-15 0)
(3 -8.66359e-16 0)
(3 1.23429e-16 0)
(3 1.0867e-15 0)
(3 1.7503e-15 0)
(3 1.81633e-15 0)
(3 3.71774e-16 0)
(3 1.54688e-15 0)
(3 1.61534e-15 0)
(3 -8.39796e-16 0)
(3 -7.65242e-16 0)
(3 -3.57605e-17 0)
(3 2.05676e-16 0)
(3 2.54032e-16 0)
(3 2.65219e-16 0)
(3 4.01869e-16 0)
(3 3.09116e-16 0)
(3 4.89505e-16 0)
(3 -3.38488e-16 0)
(3 -1.13279e-15 0)
(3 -1.10808e-15 0)
(3 1.87793e-13 0)
(3 6.6775e-11 0)
(3 1.64216e-08 0)
(3 9.07107e-07 0)
(2.99998 4.6478e-05 0)
(2.99974 0.000787531 0)
(2.99708 0.00828517 0)
(2.98478 0.0424894 0)
(2.94769 0.140673 0)
(2.88737 0.304578 0)
(2.82877 0.48025 0)
(2.78723 0.613841 0)
(2.76626 0.702354 0)
(2.76345 0.751478 0)
(2.76798 0.778579 0)
(2.77226 0.775197 0)
(2.7776 0.752787 0)
(2.78248 0.709682 0)
(2.78872 0.656977 0)
(2.80126 0.602514 0)
(2.81852 0.543807 0)
(2.83809 0.48634 0)
(2.85747 0.429818 0)
(2.88351 0.380085 0)
(2.90472 0.327661 0)
(2.90903 0.282691 0)
(2.93061 0.236766 0)
(2.95326 0.20623 0)
(2.96774 0.171083 0)
(2.97842 0.151005 0)
(3.00479 0.13886 0)
(3.02043 0.133103 0)
(3.03426 0.129043 0)
(3.047 0.126021 0)
(3.05825 0.123465 0)
(3.06754 0.119141 0)
(3.07372 0.117556 0)
(3.0799 0.125687 0)
(3.08849 0.140635 0)
(3.09847 0.157767 0)
(3.10819 0.176512 0)
(3.11596 0.197728 0)
(3.12101 0.221141 0)
(3.12334 0.244827 0)
(3.12326 0.267781 0)
(3.12174 0.2896 0)
(3.12103 0.310175 0)
(3.12258 0.328462 0)
(3.12779 0.34146 0)
(3.1368 0.345072 0)
(3.14 0.337547 0)
(3.13147 0.320807 0)
(3.11574 0.289298 0)
(3.09517 0.238048 0)
(3.06803 0.167558 0)
(3.03695 0.0901813 0)
(3.01274 0.0318775 0)
(3.00227 0.00614933 0)
(3.00017 0.000520321 0)
(3 1.46281e-05 0)
(3 9.74401e-08 0)
(3 -4.98511e-10 0)
(3 -7.65825e-10 0)
(3 -7.98272e-10 0)
(3 -5.40389e-10 0)
(3 -1.71781e-10 0)
(3 -1.6793e-11 0)
(3 -2.73319e-13 0)
(3 1.60657e-14 0)
(3 1.91232e-14 0)
(3 1.5237e-14 0)
(3 2.77503e-15 0)
(3 -1.13798e-15 0)
(3 9.13259e-17 0)
(3 -1.34516e-17 0)
(3 -1.14028e-16 0)
(3 -8.32551e-17 0)
(3 4.49375e-16 0)
(3 1.35082e-15 0)
(3 8.34441e-16 0)
(3 7.78027e-16 0)
(3 2.99319e-16 0)
(3 2.72234e-16 0)
(3 2.68557e-16 0)
(3 -2.80726e-16 0)
(3 -1.02668e-15 0)
(3 7.05237e-16 0)
(3 1.02976e-15 0)
(3 8.36533e-16 0)
(3 5.92675e-16 0)
(3 5.10747e-16 0)
(3 6.22469e-16 0)
(3 3.49432e-16 0)
(3 -1.67197e-16 0)
(3 -8.77462e-16 0)
(3 -1.84429e-15 0)
(3 -1.37704e-15 0)
(3 2.01321e-15 0)
(3 6.90578e-13 0)
(3 1.12678e-10 0)
(3 2.42493e-08 0)
(3 1.2101e-06 0)
(2.99999 3.80514e-05 0)
(2.99978 0.000524241 0)
(2.998 0.00442045 0)
(2.98905 0.0225768 0)
(2.96118 0.0737984 0)
(2.90627 0.166383 0)
(2.83909 0.275375 0)
(2.78469 0.370843 0)
(2.75762 0.43335 0)
(2.75567 0.467453 0)
(2.76729 0.475573 0)
(2.77691 0.465982 0)
(2.78199 0.454286 0)
(2.78977 0.434927 0)
(2.80226 0.420261 0)
(2.81986 0.394563 0)
(2.84188 0.380008 0)
(2.87227 0.353862 0)
(2.88401 0.330231 0)
(2.89369 0.306393 0)
(2.91409 0.293283 0)
(2.9425 0.282448 0)
(2.96349 0.261784 0)
(2.97981 0.25511 0)
(3.00317 0.247094 0)
(3.02318 0.239809 0)
(3.03892 0.234035 0)
(3.05256 0.228661 0)
(3.06486 0.223156 0)
(3.0754 0.217988 0)
(3.08484 0.214764 0)
(3.09496 0.214304 0)
(3.10667 0.215934 0)
(3.11952 0.218595 0)
(3.13217 0.221659 0)
(3.14313 0.224697 0)
(3.15113 0.227275 0)
(3.15552 0.228923 0)
(3.15673 0.229653 0)
(3.15593 0.229601 0)
(3.15357 0.228749 0)
(3.14909 0.226555 0)
(3.13948 0.221766 0)
(3.1205 0.212573 0)
(3.09708 0.193883 0)
(3.07458 0.157123 0)
(3.04885 0.106171 0)
(3.02387 0.0545415 0)
(3.0075 0.018737 0)
(3.00131 0.00373569 0)
(3.00011 0.000366269 0)
(3 1.42667e-05 0)
(3 1.69706e-07 0)
(3 2.774e-10 0)
(3 -2.34073e-10 0)
(3 -2.8269e-10 0)
(3 -2.56087e-10 0)
(3 -1.27583e-10 0)
(3 -2.83567e-11 0)
(3 -1.66113e-12 0)
(3 -1.01187e-14 0)
(3 5.7954e-15 0)
(3 6.7569e-15 0)
(3 4.41595e-15 0)
(3 1.29074e-15 0)
(3 -9.85518e-16 0)
(3 -8.36059e-16 0)
(3 3.80722e-18 0)
(3 -1.57697e-16 0)
(3 1.94105e-16 0)
(3 8.00645e-16 0)
(3 1.09808e-15 0)
(3 1.16162e-15 0)
(3 5.50006e-16 0)
(3 7.80438e-16 0)
(3 1.20795e-15 0)
(3 4.42498e-16 0)
(3 6.39524e-16 0)
)
;

boundaryField
{
    inlet
    {
        type            fixedValue;
        value           uniform (3 0 0);
    }
    outlet
    {
        type            inletOutlet;
        inletValue      uniform (3 0 0);
        value           nonuniform List<vector> 
32
(
(3 8.28365e-09 0)
(3 5.61515e-08 0)
(3 4.13143e-08 0)
(3 1.04004e-09 0)
(3 -2.92338e-08 0)
(3 -4.65817e-08 0)
(3 -5.80528e-08 0)
(3 -7.07835e-08 0)
(3 -8.09105e-08 0)
(3 -9.51615e-08 0)
(3 -1.07459e-07 0)
(3 -1.10909e-07 0)
(3 -1.04295e-07 0)
(3 -7.54016e-08 0)
(3 -3.58272e-08 0)
(3 -7.21547e-09 0)
(3 -2.56125e-10 0)
(3 2.6308e-12 0)
(3 2.93143e-12 0)
(3 2.16886e-12 0)
(3 1.01333e-12 0)
(3 1.7846e-13 0)
(3 3.93978e-15 0)
(3 -8.12596e-16 0)
(3 -3.57582e-16 0)
(3 5.40312e-16 0)
(3 1.88629e-15 0)
(3 1.01635e-15 0)
(3 6.95699e-17 0)
(3 1.61534e-15 0)
(3 2.68557e-16 0)
(3 6.39524e-16 0)
)
;
    }
    bottom
    {
        type            symmetryPlane;
    }
    top
    {
        type            symmetryPlane;
    }
    obstacle
    {
        type            slip;
    }
    defaultFaces
    {
        type            empty;
    }
}


// ************************************************************************* //
