/*--------------------------------*- C++ -*----------------------------------*\
  =========                 |
  \\      /  F ield         | OpenFOAM: The Open Source CFD Toolbox
   \\    /   O peration     | Website:  https://openfoam.org
    \\  /    A nd           | Version:  7
     \\/     M anipulation  |
\*---------------------------------------------------------------------------*/
FoamFile
{
    version     2.0;
    format      ascii;
    class       labelList;
    note        "nPoints: 8386 nCells: 4032 nFaces: 16288 nInternalFaces: 7904";
    location    "constant/polyMesh";
    object      neighbour;
}
// * * * * * * * * * * * * * * * * * * * * * * * * * * * * * * * * * * * * * //


7904
(
1
24
2
25
3
26
4
27
5
28
6
29
7
30
8
31
9
32
10
33
11
34
12
35
13
36
14
37
15
38
16
39
17
40
18
41
19
42
20
43
21
44
22
45
23
46
47
25
48
26
49
27
50
28
51
29
52
30
53
31
54
32
55
33
56
34
57
35
58
36
59
37
60
38
61
39
62
40
63
41
64
42
65
43
66
44
67
45
68
46
69
47
70
71
49
72
50
73
51
74
52
75
53
76
54
77
55
78
56
79
57
80
58
81
59
82
60
83
61
84
62
85
63
86
64
87
65
88
66
89
67
90
68
91
69
92
70
93
71
94
95
73
96
74
97
75
98
76
99
77
100
78
101
79
102
80
103
81
104
82
105
83
106
84
107
85
108
86
109
87
110
88
111
89
112
90
113
91
114
92
115
93
116
94
117
95
118
119
97
120
98
121
99
122
100
123
101
124
102
125
103
126
104
127
105
128
106
129
107
130
108
131
109
132
110
133
111
134
112
135
113
136
114
137
115
138
116
139
117
140
118
141
119
142
143
121
144
122
145
123
146
124
147
125
148
126
149
127
150
128
151
129
152
130
153
131
154
132
155
133
156
134
157
135
158
136
159
137
160
138
161
139
162
140
163
141
164
142
165
143
166
167
145
168
146
169
147
170
148
171
149
172
150
173
151
174
152
175
153
176
154
177
155
178
156
179
157
180
158
181
159
182
160
183
161
184
162
185
163
186
164
187
165
188
166
189
167
190
191
169
192
170
193
171
194
172
195
173
196
174
197
175
198
176
199
177
200
178
201
179
202
180
203
181
204
182
205
183
206
184
207
185
208
186
209
187
210
188
211
189
212
190
213
191
214
215
193
216
194
217
195
218
196
219
197
220
198
221
199
222
200
223
201
224
202
225
203
226
204
227
205
228
206
229
207
230
208
231
209
232
210
233
211
234
212
235
213
236
214
237
215
238
239
960
217
240
218
241
219
242
220
243
221
244
222
245
223
246
224
247
225
248
226
249
227
250
228
251
229
252
230
253
231
254
232
255
233
256
234
257
235
258
236
259
237
260
238
261
239
262
263
1056
241
264
242
265
243
266
244
267
245
268
246
269
247
270
248
271
249
272
250
273
251
274
252
275
253
276
254
277
255
278
256
279
257
280
258
281
259
282
260
283
261
284
262
285
263
286
287
1152
265
288
266
289
267
290
268
291
269
292
270
293
271
294
272
295
273
296
274
297
275
298
276
299
277
300
278
301
279
302
280
303
281
304
282
305
283
306
284
307
285
308
286
309
287
310
311
1248
289
312
290
313
291
314
292
315
293
316
294
317
295
318
296
319
297
320
298
321
299
322
300
323
301
324
302
325
303
326
304
327
305
328
306
329
307
330
308
331
309
332
310
333
311
334
335
1344
313
336
314
337
315
338
316
339
317
340
318
341
319
342
320
343
321
344
322
345
323
346
324
347
325
348
326
349
327
350
328
351
329
352
330
353
331
354
332
355
333
356
334
357
335
358
359
1440
337
360
338
361
339
362
340
363
341
364
342
365
343
366
344
367
345
368
346
369
347
370
348
371
349
372
350
373
351
374
352
375
353
376
354
377
355
378
356
379
357
380
358
381
359
382
383
1536
361
384
362
385
363
386
364
387
365
388
366
389
367
390
368
391
369
392
370
393
371
394
372
395
373
396
374
397
375
398
376
399
377
400
378
401
379
402
380
403
381
404
382
405
383
406
407
1632
385
408
386
409
387
410
388
411
389
412
390
413
391
414
392
415
393
416
394
417
395
418
396
419
397
420
398
421
399
422
400
423
401
424
402
425
403
426
404
427
405
428
406
429
407
430
431
1728
409
432
410
433
411
434
412
435
413
436
414
437
415
438
416
439
417
440
418
441
419
442
420
443
421
444
422
445
423
446
424
447
425
448
426
449
427
450
428
451
429
452
430
453
431
454
455
1824
433
456
434
457
435
458
436
459
437
460
438
461
439
462
440
463
441
464
442
465
443
466
444
467
445
468
446
469
447
470
448
471
449
472
450
473
451
474
452
475
453
476
454
477
455
478
479
1920
457
480
458
481
459
482
460
483
461
484
462
485
463
486
464
487
465
488
466
489
467
490
468
491
469
492
470
493
471
494
472
495
473
496
474
497
475
498
476
499
477
500
478
501
479
502
503
2016
481
504
482
505
483
506
484
507
485
508
486
509
487
510
488
511
489
512
490
513
491
514
492
515
493
516
494
517
495
518
496
519
497
520
498
521
499
522
500
523
501
524
502
525
503
526
527
2112
505
528
506
529
507
530
508
531
509
532
510
533
511
534
512
535
513
536
514
537
515
538
516
539
517
540
518
541
519
542
520
543
521
544
522
545
523
546
524
547
525
548
526
549
527
550
551
2208
529
552
530
553
531
554
532
555
533
556
534
557
535
558
536
559
537
560
538
561
539
562
540
563
541
564
542
565
543
566
544
567
545
568
546
569
547
570
548
571
549
572
550
573
551
574
575
2304
553
576
554
577
555
578
556
579
557
580
558
581
559
582
560
583
561
584
562
585
563
586
564
587
565
588
566
589
567
590
568
591
569
592
570
593
571
594
572
595
573
596
574
597
575
598
599
2400
577
600
578
601
579
602
580
603
581
604
582
605
583
606
584
607
585
608
586
609
587
610
588
611
589
612
590
613
591
614
592
615
593
616
594
617
595
618
596
619
597
620
598
621
599
622
623
2496
601
624
602
625
603
626
604
627
605
628
606
629
607
630
608
631
609
632
610
633
611
634
612
635
613
636
614
637
615
638
616
639
617
640
618
641
619
642
620
643
621
644
622
645
623
646
647
2592
625
648
626
649
627
650
628
651
629
652
630
653
631
654
632
655
633
656
634
657
635
658
636
659
637
660
638
661
639
662
640
663
641
664
642
665
643
666
644
667
645
668
646
669
647
670
671
2688
649
672
650
673
651
674
652
675
653
676
654
677
655
678
656
679
657
680
658
681
659
682
660
683
661
684
662
685
663
686
664
687
665
688
666
689
667
690
668
691
669
692
670
693
671
694
695
2784
673
696
674
697
675
698
676
699
677
700
678
701
679
702
680
703
681
704
682
705
683
706
684
707
685
708
686
709
687
710
688
711
689
712
690
713
691
714
692
715
693
716
694
717
695
718
719
2880
697
720
698
721
699
722
700
723
701
724
702
725
703
726
704
727
705
728
706
729
707
730
708
731
709
732
710
733
711
734
712
735
713
736
714
737
715
738
716
739
717
740
718
741
719
742
743
2976
721
744
722
745
723
746
724
747
725
748
726
749
727
750
728
751
729
752
730
753
731
754
732
755
733
756
734
757
735
758
736
759
737
760
738
761
739
762
740
763
741
764
742
765
743
766
767
3072
745
768
746
769
747
770
748
771
749
772
750
773
751
774
752
775
753
776
754
777
755
778
756
779
757
780
758
781
759
782
760
783
761
784
762
785
763
786
764
787
765
788
766
789
767
790
791
3168
769
792
770
793
771
794
772
795
773
796
774
797
775
798
776
799
777
800
778
801
779
802
780
803
781
804
782
805
783
806
784
807
785
808
786
809
787
810
788
811
789
812
790
813
791
814
815
3264
793
816
794
817
795
818
796
819
797
820
798
821
799
822
800
823
801
824
802
825
803
826
804
827
805
828
806
829
807
830
808
831
809
832
810
833
811
834
812
835
813
836
814
837
815
838
839
3360
817
840
818
841
819
842
820
843
821
844
822
845
823
846
824
847
825
848
826
849
827
850
828
851
829
852
830
853
831
854
832
855
833
856
834
857
835
858
836
859
837
860
838
861
839
862
863
3456
841
864
842
865
843
866
844
867
845
868
846
869
847
870
848
871
849
872
850
873
851
874
852
875
853
876
854
877
855
878
856
879
857
880
858
881
859
882
860
883
861
884
862
885
863
886
887
3552
865
888
866
889
867
890
868
891
869
892
870
893
871
894
872
895
873
896
874
897
875
898
876
899
877
900
878
901
879
902
880
903
881
904
882
905
883
906
884
907
885
908
886
909
887
910
911
3648
889
912
890
913
891
914
892
915
893
916
894
917
895
918
896
919
897
920
898
921
899
922
900
923
901
924
902
925
903
926
904
927
905
928
906
929
907
930
908
931
909
932
910
933
911
934
935
3744
913
936
914
937
915
938
916
939
917
940
918
941
919
942
920
943
921
944
922
945
923
946
924
947
925
948
926
949
927
950
928
951
929
952
930
953
931
954
932
955
933
956
934
957
935
958
959
3840
937
938
939
940
941
942
943
944
945
946
947
948
949
950
951
952
953
954
955
956
957
958
959
3936
961
1056
962
1057
963
1058
964
1059
965
1060
966
1061
967
1062
968
1063
969
1064
970
1065
971
1066
972
1067
973
1068
974
1069
975
1070
976
1071
977
1072
978
1073
979
1074
980
1075
981
1076
982
1077
983
1078
984
1079
985
1080
986
1081
987
1082
988
1083
989
1084
990
1085
991
1086
992
1087
993
1088
994
1089
995
1090
996
1091
997
1092
998
1093
999
1094
1000
1095
1001
1096
1002
1097
1003
1098
1004
1099
1005
1100
1006
1101
1007
1102
1008
1103
1009
1104
1010
1105
1011
1106
1012
1107
1013
1108
1014
1109
1015
1110
1016
1111
1017
1112
1018
1113
1019
1114
1020
1115
1021
1116
1022
1117
1023
1118
1024
1119
1025
1120
1026
1121
1027
1122
1028
1123
1029
1124
1030
1125
1031
1126
1032
1127
1033
1128
1034
1129
1035
1130
1036
1131
1037
1132
1038
1133
1039
1134
1040
1135
1041
1136
1042
1137
1043
1138
1044
1139
1045
1140
1046
1141
1047
1142
1048
1143
1049
1144
1050
1145
1051
1146
1052
1147
1053
1148
1054
1149
1055
1150
1151
1057
1152
1058
1153
1059
1154
1060
1155
1061
1156
1062
1157
1063
1158
1064
1159
1065
1160
1066
1161
1067
1162
1068
1163
1069
1164
1070
1165
1071
1166
1072
1167
1073
1168
1074
1169
1075
1170
1076
1171
1077
1172
1078
1173
1079
1174
1080
1175
1081
1176
1082
1177
1083
1178
1084
1179
1085
1180
1086
1181
1087
1182
1088
1183
1089
1184
1090
1185
1091
1186
1092
1187
1093
1188
1094
1189
1095
1190
1096
1191
1097
1192
1098
1193
1099
1194
1100
1195
1101
1196
1102
1197
1103
1198
1104
1199
1105
1200
1106
1201
1107
1202
1108
1203
1109
1204
1110
1205
1111
1206
1112
1207
1113
1208
1114
1209
1115
1210
1116
1211
1117
1212
1118
1213
1119
1214
1120
1215
1121
1216
1122
1217
1123
1218
1124
1219
1125
1220
1126
1221
1127
1222
1128
1223
1129
1224
1130
1225
1131
1226
1132
1227
1133
1228
1134
1229
1135
1230
1136
1231
1137
1232
1138
1233
1139
1234
1140
1235
1141
1236
1142
1237
1143
1238
1144
1239
1145
1240
1146
1241
1147
1242
1148
1243
1149
1244
1150
1245
1151
1246
1247
1153
1248
1154
1249
1155
1250
1156
1251
1157
1252
1158
1253
1159
1254
1160
1255
1161
1256
1162
1257
1163
1258
1164
1259
1165
1260
1166
1261
1167
1262
1168
1263
1169
1264
1170
1265
1171
1266
1172
1267
1173
1268
1174
1269
1175
1270
1176
1271
1177
1272
1178
1273
1179
1274
1180
1275
1181
1276
1182
1277
1183
1278
1184
1279
1185
1280
1186
1281
1187
1282
1188
1283
1189
1284
1190
1285
1191
1286
1192
1287
1193
1288
1194
1289
1195
1290
1196
1291
1197
1292
1198
1293
1199
1294
1200
1295
1201
1296
1202
1297
1203
1298
1204
1299
1205
1300
1206
1301
1207
1302
1208
1303
1209
1304
1210
1305
1211
1306
1212
1307
1213
1308
1214
1309
1215
1310
1216
1311
1217
1312
1218
1313
1219
1314
1220
1315
1221
1316
1222
1317
1223
1318
1224
1319
1225
1320
1226
1321
1227
1322
1228
1323
1229
1324
1230
1325
1231
1326
1232
1327
1233
1328
1234
1329
1235
1330
1236
1331
1237
1332
1238
1333
1239
1334
1240
1335
1241
1336
1242
1337
1243
1338
1244
1339
1245
1340
1246
1341
1247
1342
1343
1249
1344
1250
1345
1251
1346
1252
1347
1253
1348
1254
1349
1255
1350
1256
1351
1257
1352
1258
1353
1259
1354
1260
1355
1261
1356
1262
1357
1263
1358
1264
1359
1265
1360
1266
1361
1267
1362
1268
1363
1269
1364
1270
1365
1271
1366
1272
1367
1273
1368
1274
1369
1275
1370
1276
1371
1277
1372
1278
1373
1279
1374
1280
1375
1281
1376
1282
1377
1283
1378
1284
1379
1285
1380
1286
1381
1287
1382
1288
1383
1289
1384
1290
1385
1291
1386
1292
1387
1293
1388
1294
1389
1295
1390
1296
1391
1297
1392
1298
1393
1299
1394
1300
1395
1301
1396
1302
1397
1303
1398
1304
1399
1305
1400
1306
1401
1307
1402
1308
1403
1309
1404
1310
1405
1311
1406
1312
1407
1313
1408
1314
1409
1315
1410
1316
1411
1317
1412
1318
1413
1319
1414
1320
1415
1321
1416
1322
1417
1323
1418
1324
1419
1325
1420
1326
1421
1327
1422
1328
1423
1329
1424
1330
1425
1331
1426
1332
1427
1333
1428
1334
1429
1335
1430
1336
1431
1337
1432
1338
1433
1339
1434
1340
1435
1341
1436
1342
1437
1343
1438
1439
1345
1440
1346
1441
1347
1442
1348
1443
1349
1444
1350
1445
1351
1446
1352
1447
1353
1448
1354
1449
1355
1450
1356
1451
1357
1452
1358
1453
1359
1454
1360
1455
1361
1456
1362
1457
1363
1458
1364
1459
1365
1460
1366
1461
1367
1462
1368
1463
1369
1464
1370
1465
1371
1466
1372
1467
1373
1468
1374
1469
1375
1470
1376
1471
1377
1472
1378
1473
1379
1474
1380
1475
1381
1476
1382
1477
1383
1478
1384
1479
1385
1480
1386
1481
1387
1482
1388
1483
1389
1484
1390
1485
1391
1486
1392
1487
1393
1488
1394
1489
1395
1490
1396
1491
1397
1492
1398
1493
1399
1494
1400
1495
1401
1496
1402
1497
1403
1498
1404
1499
1405
1500
1406
1501
1407
1502
1408
1503
1409
1504
1410
1505
1411
1506
1412
1507
1413
1508
1414
1509
1415
1510
1416
1511
1417
1512
1418
1513
1419
1514
1420
1515
1421
1516
1422
1517
1423
1518
1424
1519
1425
1520
1426
1521
1427
1522
1428
1523
1429
1524
1430
1525
1431
1526
1432
1527
1433
1528
1434
1529
1435
1530
1436
1531
1437
1532
1438
1533
1439
1534
1535
1441
1536
1442
1537
1443
1538
1444
1539
1445
1540
1446
1541
1447
1542
1448
1543
1449
1544
1450
1545
1451
1546
1452
1547
1453
1548
1454
1549
1455
1550
1456
1551
1457
1552
1458
1553
1459
1554
1460
1555
1461
1556
1462
1557
1463
1558
1464
1559
1465
1560
1466
1561
1467
1562
1468
1563
1469
1564
1470
1565
1471
1566
1472
1567
1473
1568
1474
1569
1475
1570
1476
1571
1477
1572
1478
1573
1479
1574
1480
1575
1481
1576
1482
1577
1483
1578
1484
1579
1485
1580
1486
1581
1487
1582
1488
1583
1489
1584
1490
1585
1491
1586
1492
1587
1493
1588
1494
1589
1495
1590
1496
1591
1497
1592
1498
1593
1499
1594
1500
1595
1501
1596
1502
1597
1503
1598
1504
1599
1505
1600
1506
1601
1507
1602
1508
1603
1509
1604
1510
1605
1511
1606
1512
1607
1513
1608
1514
1609
1515
1610
1516
1611
1517
1612
1518
1613
1519
1614
1520
1615
1521
1616
1522
1617
1523
1618
1524
1619
1525
1620
1526
1621
1527
1622
1528
1623
1529
1624
1530
1625
1531
1626
1532
1627
1533
1628
1534
1629
1535
1630
1631
1537
1632
1538
1633
1539
1634
1540
1635
1541
1636
1542
1637
1543
1638
1544
1639
1545
1640
1546
1641
1547
1642
1548
1643
1549
1644
1550
1645
1551
1646
1552
1647
1553
1648
1554
1649
1555
1650
1556
1651
1557
1652
1558
1653
1559
1654
1560
1655
1561
1656
1562
1657
1563
1658
1564
1659
1565
1660
1566
1661
1567
1662
1568
1663
1569
1664
1570
1665
1571
1666
1572
1667
1573
1668
1574
1669
1575
1670
1576
1671
1577
1672
1578
1673
1579
1674
1580
1675
1581
1676
1582
1677
1583
1678
1584
1679
1585
1680
1586
1681
1587
1682
1588
1683
1589
1684
1590
1685
1591
1686
1592
1687
1593
1688
1594
1689
1595
1690
1596
1691
1597
1692
1598
1693
1599
1694
1600
1695
1601
1696
1602
1697
1603
1698
1604
1699
1605
1700
1606
1701
1607
1702
1608
1703
1609
1704
1610
1705
1611
1706
1612
1707
1613
1708
1614
1709
1615
1710
1616
1711
1617
1712
1618
1713
1619
1714
1620
1715
1621
1716
1622
1717
1623
1718
1624
1719
1625
1720
1626
1721
1627
1722
1628
1723
1629
1724
1630
1725
1631
1726
1727
1633
1728
1634
1729
1635
1730
1636
1731
1637
1732
1638
1733
1639
1734
1640
1735
1641
1736
1642
1737
1643
1738
1644
1739
1645
1740
1646
1741
1647
1742
1648
1743
1649
1744
1650
1745
1651
1746
1652
1747
1653
1748
1654
1749
1655
1750
1656
1751
1657
1752
1658
1753
1659
1754
1660
1755
1661
1756
1662
1757
1663
1758
1664
1759
1665
1760
1666
1761
1667
1762
1668
1763
1669
1764
1670
1765
1671
1766
1672
1767
1673
1768
1674
1769
1675
1770
1676
1771
1677
1772
1678
1773
1679
1774
1680
1775
1681
1776
1682
1777
1683
1778
1684
1779
1685
1780
1686
1781
1687
1782
1688
1783
1689
1784
1690
1785
1691
1786
1692
1787
1693
1788
1694
1789
1695
1790
1696
1791
1697
1792
1698
1793
1699
1794
1700
1795
1701
1796
1702
1797
1703
1798
1704
1799
1705
1800
1706
1801
1707
1802
1708
1803
1709
1804
1710
1805
1711
1806
1712
1807
1713
1808
1714
1809
1715
1810
1716
1811
1717
1812
1718
1813
1719
1814
1720
1815
1721
1816
1722
1817
1723
1818
1724
1819
1725
1820
1726
1821
1727
1822
1823
1729
1824
1730
1825
1731
1826
1732
1827
1733
1828
1734
1829
1735
1830
1736
1831
1737
1832
1738
1833
1739
1834
1740
1835
1741
1836
1742
1837
1743
1838
1744
1839
1745
1840
1746
1841
1747
1842
1748
1843
1749
1844
1750
1845
1751
1846
1752
1847
1753
1848
1754
1849
1755
1850
1756
1851
1757
1852
1758
1853
1759
1854
1760
1855
1761
1856
1762
1857
1763
1858
1764
1859
1765
1860
1766
1861
1767
1862
1768
1863
1769
1864
1770
1865
1771
1866
1772
1867
1773
1868
1774
1869
1775
1870
1776
1871
1777
1872
1778
1873
1779
1874
1780
1875
1781
1876
1782
1877
1783
1878
1784
1879
1785
1880
1786
1881
1787
1882
1788
1883
1789
1884
1790
1885
1791
1886
1792
1887
1793
1888
1794
1889
1795
1890
1796
1891
1797
1892
1798
1893
1799
1894
1800
1895
1801
1896
1802
1897
1803
1898
1804
1899
1805
1900
1806
1901
1807
1902
1808
1903
1809
1904
1810
1905
1811
1906
1812
1907
1813
1908
1814
1909
1815
1910
1816
1911
1817
1912
1818
1913
1819
1914
1820
1915
1821
1916
1822
1917
1823
1918
1919
1825
1920
1826
1921
1827
1922
1828
1923
1829
1924
1830
1925
1831
1926
1832
1927
1833
1928
1834
1929
1835
1930
1836
1931
1837
1932
1838
1933
1839
1934
1840
1935
1841
1936
1842
1937
1843
1938
1844
1939
1845
1940
1846
1941
1847
1942
1848
1943
1849
1944
1850
1945
1851
1946
1852
1947
1853
1948
1854
1949
1855
1950
1856
1951
1857
1952
1858
1953
1859
1954
1860
1955
1861
1956
1862
1957
1863
1958
1864
1959
1865
1960
1866
1961
1867
1962
1868
1963
1869
1964
1870
1965
1871
1966
1872
1967
1873
1968
1874
1969
1875
1970
1876
1971
1877
1972
1878
1973
1879
1974
1880
1975
1881
1976
1882
1977
1883
1978
1884
1979
1885
1980
1886
1981
1887
1982
1888
1983
1889
1984
1890
1985
1891
1986
1892
1987
1893
1988
1894
1989
1895
1990
1896
1991
1897
1992
1898
1993
1899
1994
1900
1995
1901
1996
1902
1997
1903
1998
1904
1999
1905
2000
1906
2001
1907
2002
1908
2003
1909
2004
1910
2005
1911
2006
1912
2007
1913
2008
1914
2009
1915
2010
1916
2011
1917
2012
1918
2013
1919
2014
2015
1921
2016
1922
2017
1923
2018
1924
2019
1925
2020
1926
2021
1927
2022
1928
2023
1929
2024
1930
2025
1931
2026
1932
2027
1933
2028
1934
2029
1935
2030
1936
2031
1937
2032
1938
2033
1939
2034
1940
2035
1941
2036
1942
2037
1943
2038
1944
2039
1945
2040
1946
2041
1947
2042
1948
2043
1949
2044
1950
2045
1951
2046
1952
2047
1953
2048
1954
2049
1955
2050
1956
2051
1957
2052
1958
2053
1959
2054
1960
2055
1961
2056
1962
2057
1963
2058
1964
2059
1965
2060
1966
2061
1967
2062
1968
2063
1969
2064
1970
2065
1971
2066
1972
2067
1973
2068
1974
2069
1975
2070
1976
2071
1977
2072
1978
2073
1979
2074
1980
2075
1981
2076
1982
2077
1983
2078
1984
2079
1985
2080
1986
2081
1987
2082
1988
2083
1989
2084
1990
2085
1991
2086
1992
2087
1993
2088
1994
2089
1995
2090
1996
2091
1997
2092
1998
2093
1999
2094
2000
2095
2001
2096
2002
2097
2003
2098
2004
2099
2005
2100
2006
2101
2007
2102
2008
2103
2009
2104
2010
2105
2011
2106
2012
2107
2013
2108
2014
2109
2015
2110
2111
2017
2112
2018
2113
2019
2114
2020
2115
2021
2116
2022
2117
2023
2118
2024
2119
2025
2120
2026
2121
2027
2122
2028
2123
2029
2124
2030
2125
2031
2126
2032
2127
2033
2128
2034
2129
2035
2130
2036
2131
2037
2132
2038
2133
2039
2134
2040
2135
2041
2136
2042
2137
2043
2138
2044
2139
2045
2140
2046
2141
2047
2142
2048
2143
2049
2144
2050
2145
2051
2146
2052
2147
2053
2148
2054
2149
2055
2150
2056
2151
2057
2152
2058
2153
2059
2154
2060
2155
2061
2156
2062
2157
2063
2158
2064
2159
2065
2160
2066
2161
2067
2162
2068
2163
2069
2164
2070
2165
2071
2166
2072
2167
2073
2168
2074
2169
2075
2170
2076
2171
2077
2172
2078
2173
2079
2174
2080
2175
2081
2176
2082
2177
2083
2178
2084
2179
2085
2180
2086
2181
2087
2182
2088
2183
2089
2184
2090
2185
2091
2186
2092
2187
2093
2188
2094
2189
2095
2190
2096
2191
2097
2192
2098
2193
2099
2194
2100
2195
2101
2196
2102
2197
2103
2198
2104
2199
2105
2200
2106
2201
2107
2202
2108
2203
2109
2204
2110
2205
2111
2206
2207
2113
2208
2114
2209
2115
2210
2116
2211
2117
2212
2118
2213
2119
2214
2120
2215
2121
2216
2122
2217
2123
2218
2124
2219
2125
2220
2126
2221
2127
2222
2128
2223
2129
2224
2130
2225
2131
2226
2132
2227
2133
2228
2134
2229
2135
2230
2136
2231
2137
2232
2138
2233
2139
2234
2140
2235
2141
2236
2142
2237
2143
2238
2144
2239
2145
2240
2146
2241
2147
2242
2148
2243
2149
2244
2150
2245
2151
2246
2152
2247
2153
2248
2154
2249
2155
2250
2156
2251
2157
2252
2158
2253
2159
2254
2160
2255
2161
2256
2162
2257
2163
2258
2164
2259
2165
2260
2166
2261
2167
2262
2168
2263
2169
2264
2170
2265
2171
2266
2172
2267
2173
2268
2174
2269
2175
2270
2176
2271
2177
2272
2178
2273
2179
2274
2180
2275
2181
2276
2182
2277
2183
2278
2184
2279
2185
2280
2186
2281
2187
2282
2188
2283
2189
2284
2190
2285
2191
2286
2192
2287
2193
2288
2194
2289
2195
2290
2196
2291
2197
2292
2198
2293
2199
2294
2200
2295
2201
2296
2202
2297
2203
2298
2204
2299
2205
2300
2206
2301
2207
2302
2303
2209
2304
2210
2305
2211
2306
2212
2307
2213
2308
2214
2309
2215
2310
2216
2311
2217
2312
2218
2313
2219
2314
2220
2315
2221
2316
2222
2317
2223
2318
2224
2319
2225
2320
2226
2321
2227
2322
2228
2323
2229
2324
2230
2325
2231
2326
2232
2327
2233
2328
2234
2329
2235
2330
2236
2331
2237
2332
2238
2333
2239
2334
2240
2335
2241
2336
2242
2337
2243
2338
2244
2339
2245
2340
2246
2341
2247
2342
2248
2343
2249
2344
2250
2345
2251
2346
2252
2347
2253
2348
2254
2349
2255
2350
2256
2351
2257
2352
2258
2353
2259
2354
2260
2355
2261
2356
2262
2357
2263
2358
2264
2359
2265
2360
2266
2361
2267
2362
2268
2363
2269
2364
2270
2365
2271
2366
2272
2367
2273
2368
2274
2369
2275
2370
2276
2371
2277
2372
2278
2373
2279
2374
2280
2375
2281
2376
2282
2377
2283
2378
2284
2379
2285
2380
2286
2381
2287
2382
2288
2383
2289
2384
2290
2385
2291
2386
2292
2387
2293
2388
2294
2389
2295
2390
2296
2391
2297
2392
2298
2393
2299
2394
2300
2395
2301
2396
2302
2397
2303
2398
2399
2305
2400
2306
2401
2307
2402
2308
2403
2309
2404
2310
2405
2311
2406
2312
2407
2313
2408
2314
2409
2315
2410
2316
2411
2317
2412
2318
2413
2319
2414
2320
2415
2321
2416
2322
2417
2323
2418
2324
2419
2325
2420
2326
2421
2327
2422
2328
2423
2329
2424
2330
2425
2331
2426
2332
2427
2333
2428
2334
2429
2335
2430
2336
2431
2337
2432
2338
2433
2339
2434
2340
2435
2341
2436
2342
2437
2343
2438
2344
2439
2345
2440
2346
2441
2347
2442
2348
2443
2349
2444
2350
2445
2351
2446
2352
2447
2353
2448
2354
2449
2355
2450
2356
2451
2357
2452
2358
2453
2359
2454
2360
2455
2361
2456
2362
2457
2363
2458
2364
2459
2365
2460
2366
2461
2367
2462
2368
2463
2369
2464
2370
2465
2371
2466
2372
2467
2373
2468
2374
2469
2375
2470
2376
2471
2377
2472
2378
2473
2379
2474
2380
2475
2381
2476
2382
2477
2383
2478
2384
2479
2385
2480
2386
2481
2387
2482
2388
2483
2389
2484
2390
2485
2391
2486
2392
2487
2393
2488
2394
2489
2395
2490
2396
2491
2397
2492
2398
2493
2399
2494
2495
2401
2496
2402
2497
2403
2498
2404
2499
2405
2500
2406
2501
2407
2502
2408
2503
2409
2504
2410
2505
2411
2506
2412
2507
2413
2508
2414
2509
2415
2510
2416
2511
2417
2512
2418
2513
2419
2514
2420
2515
2421
2516
2422
2517
2423
2518
2424
2519
2425
2520
2426
2521
2427
2522
2428
2523
2429
2524
2430
2525
2431
2526
2432
2527
2433
2528
2434
2529
2435
2530
2436
2531
2437
2532
2438
2533
2439
2534
2440
2535
2441
2536
2442
2537
2443
2538
2444
2539
2445
2540
2446
2541
2447
2542
2448
2543
2449
2544
2450
2545
2451
2546
2452
2547
2453
2548
2454
2549
2455
2550
2456
2551
2457
2552
2458
2553
2459
2554
2460
2555
2461
2556
2462
2557
2463
2558
2464
2559
2465
2560
2466
2561
2467
2562
2468
2563
2469
2564
2470
2565
2471
2566
2472
2567
2473
2568
2474
2569
2475
2570
2476
2571
2477
2572
2478
2573
2479
2574
2480
2575
2481
2576
2482
2577
2483
2578
2484
2579
2485
2580
2486
2581
2487
2582
2488
2583
2489
2584
2490
2585
2491
2586
2492
2587
2493
2588
2494
2589
2495
2590
2591
2497
2592
2498
2593
2499
2594
2500
2595
2501
2596
2502
2597
2503
2598
2504
2599
2505
2600
2506
2601
2507
2602
2508
2603
2509
2604
2510
2605
2511
2606
2512
2607
2513
2608
2514
2609
2515
2610
2516
2611
2517
2612
2518
2613
2519
2614
2520
2615
2521
2616
2522
2617
2523
2618
2524
2619
2525
2620
2526
2621
2527
2622
2528
2623
2529
2624
2530
2625
2531
2626
2532
2627
2533
2628
2534
2629
2535
2630
2536
2631
2537
2632
2538
2633
2539
2634
2540
2635
2541
2636
2542
2637
2543
2638
2544
2639
2545
2640
2546
2641
2547
2642
2548
2643
2549
2644
2550
2645
2551
2646
2552
2647
2553
2648
2554
2649
2555
2650
2556
2651
2557
2652
2558
2653
2559
2654
2560
2655
2561
2656
2562
2657
2563
2658
2564
2659
2565
2660
2566
2661
2567
2662
2568
2663
2569
2664
2570
2665
2571
2666
2572
2667
2573
2668
2574
2669
2575
2670
2576
2671
2577
2672
2578
2673
2579
2674
2580
2675
2581
2676
2582
2677
2583
2678
2584
2679
2585
2680
2586
2681
2587
2682
2588
2683
2589
2684
2590
2685
2591
2686
2687
2593
2688
2594
2689
2595
2690
2596
2691
2597
2692
2598
2693
2599
2694
2600
2695
2601
2696
2602
2697
2603
2698
2604
2699
2605
2700
2606
2701
2607
2702
2608
2703
2609
2704
2610
2705
2611
2706
2612
2707
2613
2708
2614
2709
2615
2710
2616
2711
2617
2712
2618
2713
2619
2714
2620
2715
2621
2716
2622
2717
2623
2718
2624
2719
2625
2720
2626
2721
2627
2722
2628
2723
2629
2724
2630
2725
2631
2726
2632
2727
2633
2728
2634
2729
2635
2730
2636
2731
2637
2732
2638
2733
2639
2734
2640
2735
2641
2736
2642
2737
2643
2738
2644
2739
2645
2740
2646
2741
2647
2742
2648
2743
2649
2744
2650
2745
2651
2746
2652
2747
2653
2748
2654
2749
2655
2750
2656
2751
2657
2752
2658
2753
2659
2754
2660
2755
2661
2756
2662
2757
2663
2758
2664
2759
2665
2760
2666
2761
2667
2762
2668
2763
2669
2764
2670
2765
2671
2766
2672
2767
2673
2768
2674
2769
2675
2770
2676
2771
2677
2772
2678
2773
2679
2774
2680
2775
2681
2776
2682
2777
2683
2778
2684
2779
2685
2780
2686
2781
2687
2782
2783
2689
2784
2690
2785
2691
2786
2692
2787
2693
2788
2694
2789
2695
2790
2696
2791
2697
2792
2698
2793
2699
2794
2700
2795
2701
2796
2702
2797
2703
2798
2704
2799
2705
2800
2706
2801
2707
2802
2708
2803
2709
2804
2710
2805
2711
2806
2712
2807
2713
2808
2714
2809
2715
2810
2716
2811
2717
2812
2718
2813
2719
2814
2720
2815
2721
2816
2722
2817
2723
2818
2724
2819
2725
2820
2726
2821
2727
2822
2728
2823
2729
2824
2730
2825
2731
2826
2732
2827
2733
2828
2734
2829
2735
2830
2736
2831
2737
2832
2738
2833
2739
2834
2740
2835
2741
2836
2742
2837
2743
2838
2744
2839
2745
2840
2746
2841
2747
2842
2748
2843
2749
2844
2750
2845
2751
2846
2752
2847
2753
2848
2754
2849
2755
2850
2756
2851
2757
2852
2758
2853
2759
2854
2760
2855
2761
2856
2762
2857
2763
2858
2764
2859
2765
2860
2766
2861
2767
2862
2768
2863
2769
2864
2770
2865
2771
2866
2772
2867
2773
2868
2774
2869
2775
2870
2776
2871
2777
2872
2778
2873
2779
2874
2780
2875
2781
2876
2782
2877
2783
2878
2879
2785
2880
2786
2881
2787
2882
2788
2883
2789
2884
2790
2885
2791
2886
2792
2887
2793
2888
2794
2889
2795
2890
2796
2891
2797
2892
2798
2893
2799
2894
2800
2895
2801
2896
2802
2897
2803
2898
2804
2899
2805
2900
2806
2901
2807
2902
2808
2903
2809
2904
2810
2905
2811
2906
2812
2907
2813
2908
2814
2909
2815
2910
2816
2911
2817
2912
2818
2913
2819
2914
2820
2915
2821
2916
2822
2917
2823
2918
2824
2919
2825
2920
2826
2921
2827
2922
2828
2923
2829
2924
2830
2925
2831
2926
2832
2927
2833
2928
2834
2929
2835
2930
2836
2931
2837
2932
2838
2933
2839
2934
2840
2935
2841
2936
2842
2937
2843
2938
2844
2939
2845
2940
2846
2941
2847
2942
2848
2943
2849
2944
2850
2945
2851
2946
2852
2947
2853
2948
2854
2949
2855
2950
2856
2951
2857
2952
2858
2953
2859
2954
2860
2955
2861
2956
2862
2957
2863
2958
2864
2959
2865
2960
2866
2961
2867
2962
2868
2963
2869
2964
2870
2965
2871
2966
2872
2967
2873
2968
2874
2969
2875
2970
2876
2971
2877
2972
2878
2973
2879
2974
2975
2881
2976
2882
2977
2883
2978
2884
2979
2885
2980
2886
2981
2887
2982
2888
2983
2889
2984
2890
2985
2891
2986
2892
2987
2893
2988
2894
2989
2895
2990
2896
2991
2897
2992
2898
2993
2899
2994
2900
2995
2901
2996
2902
2997
2903
2998
2904
2999
2905
3000
2906
3001
2907
3002
2908
3003
2909
3004
2910
3005
2911
3006
2912
3007
2913
3008
2914
3009
2915
3010
2916
3011
2917
3012
2918
3013
2919
3014
2920
3015
2921
3016
2922
3017
2923
3018
2924
3019
2925
3020
2926
3021
2927
3022
2928
3023
2929
3024
2930
3025
2931
3026
2932
3027
2933
3028
2934
3029
2935
3030
2936
3031
2937
3032
2938
3033
2939
3034
2940
3035
2941
3036
2942
3037
2943
3038
2944
3039
2945
3040
2946
3041
2947
3042
2948
3043
2949
3044
2950
3045
2951
3046
2952
3047
2953
3048
2954
3049
2955
3050
2956
3051
2957
3052
2958
3053
2959
3054
2960
3055
2961
3056
2962
3057
2963
3058
2964
3059
2965
3060
2966
3061
2967
3062
2968
3063
2969
3064
2970
3065
2971
3066
2972
3067
2973
3068
2974
3069
2975
3070
3071
2977
3072
2978
3073
2979
3074
2980
3075
2981
3076
2982
3077
2983
3078
2984
3079
2985
3080
2986
3081
2987
3082
2988
3083
2989
3084
2990
3085
2991
3086
2992
3087
2993
3088
2994
3089
2995
3090
2996
3091
2997
3092
2998
3093
2999
3094
3000
3095
3001
3096
3002
3097
3003
3098
3004
3099
3005
3100
3006
3101
3007
3102
3008
3103
3009
3104
3010
3105
3011
3106
3012
3107
3013
3108
3014
3109
3015
3110
3016
3111
3017
3112
3018
3113
3019
3114
3020
3115
3021
3116
3022
3117
3023
3118
3024
3119
3025
3120
3026
3121
3027
3122
3028
3123
3029
3124
3030
3125
3031
3126
3032
3127
3033
3128
3034
3129
3035
3130
3036
3131
3037
3132
3038
3133
3039
3134
3040
3135
3041
3136
3042
3137
3043
3138
3044
3139
3045
3140
3046
3141
3047
3142
3048
3143
3049
3144
3050
3145
3051
3146
3052
3147
3053
3148
3054
3149
3055
3150
3056
3151
3057
3152
3058
3153
3059
3154
3060
3155
3061
3156
3062
3157
3063
3158
3064
3159
3065
3160
3066
3161
3067
3162
3068
3163
3069
3164
3070
3165
3071
3166
3167
3073
3168
3074
3169
3075
3170
3076
3171
3077
3172
3078
3173
3079
3174
3080
3175
3081
3176
3082
3177
3083
3178
3084
3179
3085
3180
3086
3181
3087
3182
3088
3183
3089
3184
3090
3185
3091
3186
3092
3187
3093
3188
3094
3189
3095
3190
3096
3191
3097
3192
3098
3193
3099
3194
3100
3195
3101
3196
3102
3197
3103
3198
3104
3199
3105
3200
3106
3201
3107
3202
3108
3203
3109
3204
3110
3205
3111
3206
3112
3207
3113
3208
3114
3209
3115
3210
3116
3211
3117
3212
3118
3213
3119
3214
3120
3215
3121
3216
3122
3217
3123
3218
3124
3219
3125
3220
3126
3221
3127
3222
3128
3223
3129
3224
3130
3225
3131
3226
3132
3227
3133
3228
3134
3229
3135
3230
3136
3231
3137
3232
3138
3233
3139
3234
3140
3235
3141
3236
3142
3237
3143
3238
3144
3239
3145
3240
3146
3241
3147
3242
3148
3243
3149
3244
3150
3245
3151
3246
3152
3247
3153
3248
3154
3249
3155
3250
3156
3251
3157
3252
3158
3253
3159
3254
3160
3255
3161
3256
3162
3257
3163
3258
3164
3259
3165
3260
3166
3261
3167
3262
3263
3169
3264
3170
3265
3171
3266
3172
3267
3173
3268
3174
3269
3175
3270
3176
3271
3177
3272
3178
3273
3179
3274
3180
3275
3181
3276
3182
3277
3183
3278
3184
3279
3185
3280
3186
3281
3187
3282
3188
3283
3189
3284
3190
3285
3191
3286
3192
3287
3193
3288
3194
3289
3195
3290
3196
3291
3197
3292
3198
3293
3199
3294
3200
3295
3201
3296
3202
3297
3203
3298
3204
3299
3205
3300
3206
3301
3207
3302
3208
3303
3209
3304
3210
3305
3211
3306
3212
3307
3213
3308
3214
3309
3215
3310
3216
3311
3217
3312
3218
3313
3219
3314
3220
3315
3221
3316
3222
3317
3223
3318
3224
3319
3225
3320
3226
3321
3227
3322
3228
3323
3229
3324
3230
3325
3231
3326
3232
3327
3233
3328
3234
3329
3235
3330
3236
3331
3237
3332
3238
3333
3239
3334
3240
3335
3241
3336
3242
3337
3243
3338
3244
3339
3245
3340
3246
3341
3247
3342
3248
3343
3249
3344
3250
3345
3251
3346
3252
3347
3253
3348
3254
3349
3255
3350
3256
3351
3257
3352
3258
3353
3259
3354
3260
3355
3261
3356
3262
3357
3263
3358
3359
3265
3360
3266
3361
3267
3362
3268
3363
3269
3364
3270
3365
3271
3366
3272
3367
3273
3368
3274
3369
3275
3370
3276
3371
3277
3372
3278
3373
3279
3374
3280
3375
3281
3376
3282
3377
3283
3378
3284
3379
3285
3380
3286
3381
3287
3382
3288
3383
3289
3384
3290
3385
3291
3386
3292
3387
3293
3388
3294
3389
3295
3390
3296
3391
3297
3392
3298
3393
3299
3394
3300
3395
3301
3396
3302
3397
3303
3398
3304
3399
3305
3400
3306
3401
3307
3402
3308
3403
3309
3404
3310
3405
3311
3406
3312
3407
3313
3408
3314
3409
3315
3410
3316
3411
3317
3412
3318
3413
3319
3414
3320
3415
3321
3416
3322
3417
3323
3418
3324
3419
3325
3420
3326
3421
3327
3422
3328
3423
3329
3424
3330
3425
3331
3426
3332
3427
3333
3428
3334
3429
3335
3430
3336
3431
3337
3432
3338
3433
3339
3434
3340
3435
3341
3436
3342
3437
3343
3438
3344
3439
3345
3440
3346
3441
3347
3442
3348
3443
3349
3444
3350
3445
3351
3446
3352
3447
3353
3448
3354
3449
3355
3450
3356
3451
3357
3452
3358
3453
3359
3454
3455
3361
3456
3362
3457
3363
3458
3364
3459
3365
3460
3366
3461
3367
3462
3368
3463
3369
3464
3370
3465
3371
3466
3372
3467
3373
3468
3374
3469
3375
3470
3376
3471
3377
3472
3378
3473
3379
3474
3380
3475
3381
3476
3382
3477
3383
3478
3384
3479
3385
3480
3386
3481
3387
3482
3388
3483
3389
3484
3390
3485
3391
3486
3392
3487
3393
3488
3394
3489
3395
3490
3396
3491
3397
3492
3398
3493
3399
3494
3400
3495
3401
3496
3402
3497
3403
3498
3404
3499
3405
3500
3406
3501
3407
3502
3408
3503
3409
3504
3410
3505
3411
3506
3412
3507
3413
3508
3414
3509
3415
3510
3416
3511
3417
3512
3418
3513
3419
3514
3420
3515
3421
3516
3422
3517
3423
3518
3424
3519
3425
3520
3426
3521
3427
3522
3428
3523
3429
3524
3430
3525
3431
3526
3432
3527
3433
3528
3434
3529
3435
3530
3436
3531
3437
3532
3438
3533
3439
3534
3440
3535
3441
3536
3442
3537
3443
3538
3444
3539
3445
3540
3446
3541
3447
3542
3448
3543
3449
3544
3450
3545
3451
3546
3452
3547
3453
3548
3454
3549
3455
3550
3551
3457
3552
3458
3553
3459
3554
3460
3555
3461
3556
3462
3557
3463
3558
3464
3559
3465
3560
3466
3561
3467
3562
3468
3563
3469
3564
3470
3565
3471
3566
3472
3567
3473
3568
3474
3569
3475
3570
3476
3571
3477
3572
3478
3573
3479
3574
3480
3575
3481
3576
3482
3577
3483
3578
3484
3579
3485
3580
3486
3581
3487
3582
3488
3583
3489
3584
3490
3585
3491
3586
3492
3587
3493
3588
3494
3589
3495
3590
3496
3591
3497
3592
3498
3593
3499
3594
3500
3595
3501
3596
3502
3597
3503
3598
3504
3599
3505
3600
3506
3601
3507
3602
3508
3603
3509
3604
3510
3605
3511
3606
3512
3607
3513
3608
3514
3609
3515
3610
3516
3611
3517
3612
3518
3613
3519
3614
3520
3615
3521
3616
3522
3617
3523
3618
3524
3619
3525
3620
3526
3621
3527
3622
3528
3623
3529
3624
3530
3625
3531
3626
3532
3627
3533
3628
3534
3629
3535
3630
3536
3631
3537
3632
3538
3633
3539
3634
3540
3635
3541
3636
3542
3637
3543
3638
3544
3639
3545
3640
3546
3641
3547
3642
3548
3643
3549
3644
3550
3645
3551
3646
3647
3553
3648
3554
3649
3555
3650
3556
3651
3557
3652
3558
3653
3559
3654
3560
3655
3561
3656
3562
3657
3563
3658
3564
3659
3565
3660
3566
3661
3567
3662
3568
3663
3569
3664
3570
3665
3571
3666
3572
3667
3573
3668
3574
3669
3575
3670
3576
3671
3577
3672
3578
3673
3579
3674
3580
3675
3581
3676
3582
3677
3583
3678
3584
3679
3585
3680
3586
3681
3587
3682
3588
3683
3589
3684
3590
3685
3591
3686
3592
3687
3593
3688
3594
3689
3595
3690
3596
3691
3597
3692
3598
3693
3599
3694
3600
3695
3601
3696
3602
3697
3603
3698
3604
3699
3605
3700
3606
3701
3607
3702
3608
3703
3609
3704
3610
3705
3611
3706
3612
3707
3613
3708
3614
3709
3615
3710
3616
3711
3617
3712
3618
3713
3619
3714
3620
3715
3621
3716
3622
3717
3623
3718
3624
3719
3625
3720
3626
3721
3627
3722
3628
3723
3629
3724
3630
3725
3631
3726
3632
3727
3633
3728
3634
3729
3635
3730
3636
3731
3637
3732
3638
3733
3639
3734
3640
3735
3641
3736
3642
3737
3643
3738
3644
3739
3645
3740
3646
3741
3647
3742
3743
3649
3744
3650
3745
3651
3746
3652
3747
3653
3748
3654
3749
3655
3750
3656
3751
3657
3752
3658
3753
3659
3754
3660
3755
3661
3756
3662
3757
3663
3758
3664
3759
3665
3760
3666
3761
3667
3762
3668
3763
3669
3764
3670
3765
3671
3766
3672
3767
3673
3768
3674
3769
3675
3770
3676
3771
3677
3772
3678
3773
3679
3774
3680
3775
3681
3776
3682
3777
3683
3778
3684
3779
3685
3780
3686
3781
3687
3782
3688
3783
3689
3784
3690
3785
3691
3786
3692
3787
3693
3788
3694
3789
3695
3790
3696
3791
3697
3792
3698
3793
3699
3794
3700
3795
3701
3796
3702
3797
3703
3798
3704
3799
3705
3800
3706
3801
3707
3802
3708
3803
3709
3804
3710
3805
3711
3806
3712
3807
3713
3808
3714
3809
3715
3810
3716
3811
3717
3812
3718
3813
3719
3814
3720
3815
3721
3816
3722
3817
3723
3818
3724
3819
3725
3820
3726
3821
3727
3822
3728
3823
3729
3824
3730
3825
3731
3826
3732
3827
3733
3828
3734
3829
3735
3830
3736
3831
3737
3832
3738
3833
3739
3834
3740
3835
3741
3836
3742
3837
3743
3838
3839
3745
3840
3746
3841
3747
3842
3748
3843
3749
3844
3750
3845
3751
3846
3752
3847
3753
3848
3754
3849
3755
3850
3756
3851
3757
3852
3758
3853
3759
3854
3760
3855
3761
3856
3762
3857
3763
3858
3764
3859
3765
3860
3766
3861
3767
3862
3768
3863
3769
3864
3770
3865
3771
3866
3772
3867
3773
3868
3774
3869
3775
3870
3776
3871
3777
3872
3778
3873
3779
3874
3780
3875
3781
3876
3782
3877
3783
3878
3784
3879
3785
3880
3786
3881
3787
3882
3788
3883
3789
3884
3790
3885
3791
3886
3792
3887
3793
3888
3794
3889
3795
3890
3796
3891
3797
3892
3798
3893
3799
3894
3800
3895
3801
3896
3802
3897
3803
3898
3804
3899
3805
3900
3806
3901
3807
3902
3808
3903
3809
3904
3810
3905
3811
3906
3812
3907
3813
3908
3814
3909
3815
3910
3816
3911
3817
3912
3818
3913
3819
3914
3820
3915
3821
3916
3822
3917
3823
3918
3824
3919
3825
3920
3826
3921
3827
3922
3828
3923
3829
3924
3830
3925
3831
3926
3832
3927
3833
3928
3834
3929
3835
3930
3836
3931
3837
3932
3838
3933
3839
3934
3935
3841
3936
3842
3937
3843
3938
3844
3939
3845
3940
3846
3941
3847
3942
3848
3943
3849
3944
3850
3945
3851
3946
3852
3947
3853
3948
3854
3949
3855
3950
3856
3951
3857
3952
3858
3953
3859
3954
3860
3955
3861
3956
3862
3957
3863
3958
3864
3959
3865
3960
3866
3961
3867
3962
3868
3963
3869
3964
3870
3965
3871
3966
3872
3967
3873
3968
3874
3969
3875
3970
3876
3971
3877
3972
3878
3973
3879
3974
3880
3975
3881
3976
3882
3977
3883
3978
3884
3979
3885
3980
3886
3981
3887
3982
3888
3983
3889
3984
3890
3985
3891
3986
3892
3987
3893
3988
3894
3989
3895
3990
3896
3991
3897
3992
3898
3993
3899
3994
3900
3995
3901
3996
3902
3997
3903
3998
3904
3999
3905
4000
3906
4001
3907
4002
3908
4003
3909
4004
3910
4005
3911
4006
3912
4007
3913
4008
3914
4009
3915
4010
3916
4011
3917
4012
3918
4013
3919
4014
3920
4015
3921
4016
3922
4017
3923
4018
3924
4019
3925
4020
3926
4021
3927
4022
3928
4023
3929
4024
3930
4025
3931
4026
3932
4027
3933
4028
3934
4029
3935
4030
4031
3937
3938
3939
3940
3941
3942
3943
3944
3945
3946
3947
3948
3949
3950
3951
3952
3953
3954
3955
3956
3957
3958
3959
3960
3961
3962
3963
3964
3965
3966
3967
3968
3969
3970
3971
3972
3973
3974
3975
3976
3977
3978
3979
3980
3981
3982
3983
3984
3985
3986
3987
3988
3989
3990
3991
3992
3993
3994
3995
3996
3997
3998
3999
4000
4001
4002
4003
4004
4005
4006
4007
4008
4009
4010
4011
4012
4013
4014
4015
4016
4017
4018
4019
4020
4021
4022
4023
4024
4025
4026
4027
4028
4029
4030
4031
)


// ************************************************************************* //
