/*--------------------------------*- C++ -*----------------------------------*\
  =========                 |
  \\      /  F ield         | OpenFOAM: The Open Source CFD Toolbox
   \\    /   O peration     | Website:  https://openfoam.org
    \\  /    A nd           | Version:  7
     \\/     M anipulation  |
\*---------------------------------------------------------------------------*/
FoamFile
{
    version     2.0;
    format      ascii;
    class       volVectorField;
    location    "3.2";
    object      U;
}
// * * * * * * * * * * * * * * * * * * * * * * * * * * * * * * * * * * * * * //

dimensions      [0 1 -1 0 0 0 0];

internalField   nonuniform List<vector> 
4032
(
(3 -4.65217e-18 0)
(3 -3.18488e-17 0)
(3 -1.37541e-16 0)
(3 -3.37634e-17 0)
(3 -1.82114e-16 0)
(3 -1.82919e-16 0)
(3 1.36856e-16 0)
(3 6.97163e-17 0)
(3 -2.00548e-16 0)
(3 -4.40371e-16 0)
(3 -3.27196e-16 0)
(2.96535 0.0022468 0)
(1.03444 0.0180865 0)
(0.708592 0.0184289 0)
(0.656839 0.02245 0)
(0.598454 0.0243577 0)
(0.539181 0.025847 0)
(0.478086 0.0269521 0)
(0.415825 0.0279846 0)
(0.351872 0.0296277 0)
(0.28483 0.0322386 0)
(0.212114 0.036292 0)
(0.132477 0.0393368 0)
(0.0494464 0.0446377 0)
(3 -2.63509e-18 0)
(3 -8.92811e-18 0)
(3 -1.81411e-16 0)
(3 -3.43097e-16 0)
(3 -4.37735e-16 0)
(3 -7.95544e-16 0)
(3 -9.11087e-16 0)
(3 -5.73636e-16 0)
(3 -7.48325e-16 0)
(3 -9.77679e-16 0)
(3 -7.23471e-16 0)
(2.97422 0.0155846 0)
(1.04594 0.0791696 0)
(0.704625 0.0661762 0)
(0.652206 0.0704389 0)
(0.595244 0.076216 0)
(0.536494 0.0811601 0)
(0.475161 0.0854073 0)
(0.411595 0.0892736 0)
(0.345692 0.0943918 0)
(0.27696 0.101522 0)
(0.204179 0.112938 0)
(0.125681 0.121611 0)
(0.0464566 0.135766 0)
(3 -1.10325e-16 0)
(3 1.11383e-16 0)
(3 2.16982e-16 0)
(3 1.54135e-16 0)
(3 -1.15295e-16 0)
(3 -1.05764e-15 0)
(3 -1.21479e-15 0)
(3 -1.05583e-15 0)
(3 -9.33836e-16 0)
(3 -7.29349e-16 0)
(3 -8.41591e-16 0)
(3.00233 0.00371747 0)
(1.109 0.130258 0)
(0.72701 0.107833 0)
(0.672644 0.115977 0)
(0.615057 0.125654 0)
(0.555749 0.134208 0)
(0.494073 0.142332 0)
(0.429342 0.150237 0)
(0.361069 0.159981 0)
(0.288686 0.171757 0)
(0.212349 0.189745 0)
(0.129401 0.202791 0)
(0.0478591 0.223238 0)
(3 3.76532e-17 0)
(3 5.56348e-17 0)
(3 3.86467e-16 0)
(3 4.11571e-16 0)
(3 -3.78982e-16 0)
(3 -1.06176e-15 0)
(3 -1.11284e-15 0)
(3 -8.00292e-16 0)
(3 1.24681e-16 0)
(3 5.53696e-16 0)
(3 2.72557e-16 0)
(3.00022 1.95084e-05 0)
(1.20075 0.176627 0)
(0.736808 0.152733 0)
(0.678174 0.164791 0)
(0.621048 0.17776 0)
(0.561823 0.189358 0)
(0.500618 0.201709 0)
(0.435637 0.214695 0)
(0.366178 0.230507 0)
(0.291673 0.247566 0)
(0.214392 0.272393 0)
(0.129986 0.290177 0)
(0.04698 0.31485 0)
(3 -9.64558e-17 0)
(3 -7.59105e-17 0)
(3 -5.04573e-16 0)
(3 -9.65844e-16 0)
(3 -8.57303e-16 0)
(3 -7.99116e-16 0)
(3 -7.42557e-17 0)
(3 3.64655e-16 0)
(3 4.86004e-16 0)
(3 5.33197e-16 0)
(3 1.84013e-17 0)
(3 -4.35389e-08 0)
(1.34585 0.227236 0)
(0.750903 0.201338 0)
(0.682707 0.212745 0)
(0.62848 0.228087 0)
(0.572123 0.242378 0)
(0.514728 0.259173 0)
(0.453532 0.277952 0)
(0.387964 0.300886 0)
(0.315643 0.32347 0)
(0.239283 0.355526 0)
(0.149182 0.381303 0)
(0.0567644 0.413593 0)
(3 -5.18009e-17 0)
(3 -3.96744e-17 0)
(3 -2.66945e-16 0)
(3 -2.38528e-16 0)
(3 -4.37491e-17 0)
(3 3.55549e-17 0)
(3 3.72062e-16 0)
(3 1.31826e-16 0)
(3 3.65345e-16 0)
(3 -3.07368e-16 0)
(3 -1.0221e-16 0)
(3 -1.52915e-08 0)
(1.56415 0.277078 0)
(0.775047 0.258852 0)
(0.686494 0.261228 0)
(0.633242 0.276239 0)
(0.580099 0.292078 0)
(0.528574 0.312795 0)
(0.473775 0.337374 0)
(0.41392 0.369334 0)
(0.341364 0.402652 0)
(0.260804 0.449158 0)
(0.16261 0.492603 0)
(0.0557258 0.533654 0)
(3 1.54035e-16 0)
(3 -1.88994e-16 0)
(3 5.00345e-17 0)
(3 -7.57555e-17 0)
(3 1.91754e-16 0)
(3 2.316e-16 0)
(3 4.41955e-17 0)
(3 -7.01812e-17 0)
(3 -4.15834e-16 0)
(3 -8.30062e-16 0)
(3 -4.06811e-16 0)
(3 -2.65387e-09 0)
(1.87673 0.328391 0)
(0.813346 0.332239 0)
(0.692836 0.318953 0)
(0.637955 0.327699 0)
(0.586374 0.341804 0)
(0.539645 0.364239 0)
(0.491484 0.393898 0)
(0.442773 0.435935 0)
(0.381948 0.483879 0)
(0.315991 0.543222 0)
(0.227565 0.604845 0)
(0.0989426 0.674443 0)
(3 -1.73518e-17 0)
(3 -2.5302e-16 0)
(3 -4.11616e-16 0)
(3 -6.51941e-16 0)
(3 -7.25075e-16 0)
(3 -3.79979e-16 0)
(3 -4.76603e-16 0)
(3 -3.52295e-16 0)
(3 -5.12774e-16 0)
(3 -8.0735e-16 0)
(3 -4.37374e-16 0)
(3 -2.40902e-10 0)
(2.33449 0.342318 0)
(0.895867 0.42074 0)
(0.739796 0.37777 0)
(0.684858 0.383107 0)
(0.628711 0.393074 0)
(0.579306 0.414156 0)
(0.532859 0.446034 0)
(0.489674 0.4932 0)
(0.443091 0.551869 0)
(0.383256 0.638038 0)
(0.269166 0.76456 0)
(0.149206 0.934655 0)
(3 -6.75614e-17 0)
(3 1.11374e-16 0)
(3 9.54497e-17 0)
(3 1.10928e-16 0)
(3 4.77672e-17 0)
(3 4.29792e-16 0)
(3 -2.00211e-16 0)
(3 -9.27764e-16 0)
(3 -5.37233e-16 0)
(3 -7.35087e-16 0)
(3 2.22634e-16 0)
(3 -6.92329e-12 0)
(2.9103 0.178844 0)
(1.07414 0.47156 0)
(0.836019 0.409851 0)
(0.778699 0.425953 0)
(0.71093 0.442938 0)
(0.65141 0.463889 0)
(0.600408 0.4949 0)
(0.557669 0.54375 0)
(0.520108 0.617783 0)
(0.486175 0.743759 0)
(0.457434 0.923735 0)
(0.575736 1.21014 0)
(3 9.31503e-17 0)
(3 3.72432e-16 0)
(3 9.43375e-16 0)
(3 7.51613e-16 0)
(3 7.66996e-16 0)
(3 6.16407e-16 0)
(3 5.51139e-16 0)
(3 2.51729e-16 0)
(3 -6.50573e-16 0)
(3 -8.35854e-16 0)
(3 1.41904e-17 0)
(3 -7.84149e-14 0)
(3.04523 0.0112619 0)
(1.28649 0.449213 0)
(0.877829 0.46788 0)
(0.839322 0.498395 0)
(0.779752 0.510196 0)
(0.72422 0.526274 0)
(0.67637 0.552906 0)
(0.635774 0.598452 0)
(0.615846 0.677386 0)
(0.614538 0.809327 0)
(0.678795 0.959594 0)
(0.964797 1.13584 0)
(3 8.91885e-17 0)
(3 3.8532e-16 0)
(3 9.19501e-16 0)
(3 1.08138e-15 0)
(3 5.94404e-16 0)
(3 6.16126e-16 0)
(3 7.54034e-16 0)
(3 8.12091e-16 0)
(3 5.80545e-16 0)
(3 5.87746e-16 0)
(3 5.5805e-16 0)
(3 -7.81416e-16 0)
(3.00161 -1.03311e-05 0)
(1.57852 0.466646 0)
(0.872094 0.517032 0)
(0.837071 0.544415 0)
(0.808102 0.56726 0)
(0.77868 0.584878 0)
(0.749096 0.609502 0)
(0.721639 0.646789 0)
(0.720251 0.715974 0)
(0.745737 0.828792 0)
(0.868621 0.956766 0)
(1.17554 1.06816 0)
(3 -7.11704e-18 0)
(3 -2.31955e-16 0)
(3 -2.57355e-16 0)
(3 -8.5139e-17 0)
(3 -1.06907e-16 0)
(3 4.17691e-16 0)
(3 7.40514e-16 0)
(3 4.7866e-16 0)
(3 9.20346e-16 0)
(3 1.27222e-15 0)
(3 1.77576e-15 0)
(3 1.20906e-15 0)
(3 -1.95083e-07 0)
(2.21991 0.477069 0)
(0.957292 0.587508 0)
(0.864308 0.55579 0)
(0.858793 0.584221 0)
(0.841588 0.616295 0)
(0.825358 0.650118 0)
(0.812732 0.68622 0)
(0.821669 0.745788 0)
(0.868447 0.830357 0)
(1.00848 0.929955 0)
(1.26844 0.995111 0)
(3 -1.17257e-16 0)
(3 -3.93225e-16 0)
(3 -1.02509e-15 0)
(3 -8.59638e-16 0)
(3 -4.41075e-16 0)
(3 -2.11498e-16 0)
(3 1.49242e-16 0)
(3 8.47085e-16 0)
(3 1.01139e-15 0)
(3 1.15859e-15 0)
(3 1.39539e-15 0)
(3 1.34566e-15 0)
(3 -2.17098e-07 0)
(3.01691 0.161617 0)
(1.2029 0.605658 0)
(0.941547 0.565925 0)
(0.931188 0.613914 0)
(0.912693 0.646329 0)
(0.900886 0.681738 0)
(0.900815 0.718306 0)
(0.916008 0.768247 0)
(0.9765 0.833434 0)
(1.11183 0.904137 0)
(1.32653 0.945226 0)
(3 1.78162e-18 0)
(3 5.04164e-16 0)
(3 3.16632e-16 0)
(3 1.81794e-16 0)
(3 1.12733e-16 0)
(3 1.06565e-16 0)
(3 4.32668e-16 0)
(3 1.23718e-15 0)
(3 1.11029e-15 0)
(3 8.48572e-16 0)
(3 4.88304e-16 0)
(3 1.04757e-15 0)
(3 -4.47909e-08 0)
(3.03821 0.00393177 0)
(1.47401 0.590656 0)
(0.972014 0.649027 0)
(0.943264 0.660032 0)
(0.933266 0.682829 0)
(0.943895 0.714191 0)
(0.963783 0.75043 0)
(0.997596 0.787469 0)
(1.06503 0.831877 0)
(1.18375 0.874914 0)
(1.35227 0.895832 0)
(3 5.30172e-18 0)
(3 3.5294e-16 0)
(3 6.75633e-16 0)
(3 9.20133e-16 0)
(3 1.40475e-15 0)
(3 7.66589e-16 0)
(3 1.94531e-16 0)
(3 8.05103e-17 0)
(3 4.21134e-16 0)
(3 5.31512e-16 0)
(3 -1.80517e-17 0)
(3 3.08242e-16 0)
(3 -3.6688e-09 0)
(3.00073 -8.56133e-06 0)
(2.1634 0.57165 0)
(1.05468 0.721349 0)
(0.986575 0.682915 0)
(0.974619 0.693839 0)
(0.98886 0.718561 0)
(1.01624 0.754796 0)
(1.06293 0.794566 0)
(1.13682 0.833107 0)
(1.24095 0.864254 0)
(1.37648 0.876771 0)
(3 -1.61009e-16 0)
(3 -3.02933e-16 0)
(3 -2.85772e-16 0)
(3 3.4579e-16 0)
(3 8.25859e-16 0)
(3 3.43913e-16 0)
(3 -9.7135e-16 0)
(3 -1.5216e-15 0)
(3 -1.54675e-15 0)
(3 -9.82166e-16 0)
(3 -6.87031e-16 0)
(3 -3.30427e-16 0)
(3 -2.11303e-11 0)
(3.00004 -1.68934e-05 0)
(3.04754 0.144265 0)
(1.35291 0.700043 0)
(1.07227 0.706943 0)
(1.05991 0.708091 0)
(1.05705 0.731959 0)
(1.07483 0.762666 0)
(1.11732 0.793173 0)
(1.18667 0.824582 0)
(1.2784 0.846503 0)
(1.39195 0.855118 0)
(3 -9.2366e-17 0)
(3 1.34788e-17 0)
(3 -7.86559e-17 0)
(3 -1.50131e-16 0)
(3 1.93419e-16 0)
(3 7.40742e-16 0)
(3 2.95107e-16 0)
(3 -7.00341e-16 0)
(3 -1.1964e-15 0)
(3 -1.29445e-15 0)
(3 -1.62042e-15 0)
(3 -9.17803e-16 0)
(3 -3.05455e-14 0)
(3 -3.76771e-06 0)
(3.02573 0.0018265 0)
(1.72368 0.667667 0)
(1.09987 0.767865 0)
(1.08688 0.76572 0)
(1.10082 0.772686 0)
(1.12376 0.788031 0)
(1.16466 0.807401 0)
(1.22839 0.827412 0)
(1.30933 0.842081 0)
(1.40729 0.84736 0)
(3 2.91037e-16 0)
(3 3.17871e-16 0)
(3 3.23104e-16 0)
(3 -8.02345e-16 0)
(3 -7.92866e-16 0)
(3 -6.46591e-17 0)
(3 -8.80831e-17 0)
(3 -1.66743e-16 0)
(3 -3.29879e-16 0)
(3 -7.60885e-16 0)
(3 -7.19719e-16 0)
(3 -2.13883e-16 0)
(3 -2.32423e-16 0)
(3 -3.04096e-07 0)
(3.00031 1.09804e-05 0)
(2.68619 0.400122 0)
(1.25681 0.789206 0)
(1.13117 0.771898 0)
(1.15569 0.774693 0)
(1.17689 0.792038 0)
(1.21212 0.808206 0)
(1.26754 0.822107 0)
(1.33787 0.832786 0)
(1.42325 0.835975 0)
(3 4.0943e-17 0)
(3 1.37941e-16 0)
(3 -9.01786e-17 0)
(3 -7.68897e-16 0)
(3 -2.02596e-15 0)
(3 -2.33601e-15 0)
(3 -1.82932e-15 0)
(3 -9.75661e-16 0)
(3 -3.87774e-17 0)
(3 2.38071e-16 0)
(3 8.23925e-16 0)
(3 1.16076e-15 0)
(3 1.07486e-15 0)
(3 -1.69575e-09 0)
(3.00002 -9.17663e-06 0)
(3.06362 0.0279576 0)
(1.63303 0.746033 0)
(1.17484 0.80727 0)
(1.20103 0.806745 0)
(1.21478 0.818573 0)
(1.2496 0.827495 0)
(1.29806 0.835574 0)
(1.36099 0.840036 0)
(1.43486 0.838832 0)
(3 -7.32916e-17 0)
(3 8.65126e-17 0)
(3 -6.10339e-17 0)
(3 3.04609e-16 0)
(3 -1.31956e-16 0)
(3 -2.18273e-16 0)
(3 1.42218e-17 0)
(3 2.59628e-16 0)
(3 4.86921e-16 0)
(3 6.09953e-16 0)
(3 3.78817e-16 0)
(3 1.21827e-17 0)
(3 -1.18767e-16 0)
(3 -2.61949e-12 0)
(3 -1.99035e-06 0)
(3.00282 0.000497886 0)
(2.50998 0.535038 0)
(1.29654 0.859276 0)
(1.2336 0.836874 0)
(1.25566 0.831187 0)
(1.28733 0.83205 0)
(1.33121 0.833754 0)
(1.38659 0.834041 0)
(1.45018 0.831326 0)
(3 3.31277e-17 0)
(3 -9.55187e-17 0)
(3 -2.9089e-16 0)
(3 3.15343e-16 0)
(3 6.05917e-16 0)
(3 -5.5324e-17 0)
(3 -1.39374e-16 0)
(3 -2.61048e-16 0)
(3 -3.37233e-16 0)
(3 -1.22357e-16 0)
(3 -1.99859e-16 0)
(3 -5.8883e-16 0)
(3 -6.53231e-16 0)
(3 -4.92263e-16 0)
(3 -1.63419e-07 0)
(3.00001 1.06287e-06 0)
(3.05919 0.0590483 0)
(1.71615 0.805789 0)
(1.27741 0.848877 0)
(1.30195 0.845468 0)
(1.32674 0.845308 0)
(1.36446 0.843865 0)
(1.41117 0.842309 0)
(1.46655 0.837892 0)
(3 -1.69356e-16 0)
(3 -5.18947e-16 0)
(3 -4.56518e-16 0)
(3 -2.0248e-16 0)
(3 -1.39709e-16 0)
(3 -4.14042e-16 0)
(3 -4.27299e-16 0)
(3 1.26604e-16 0)
(3 4.20294e-16 0)
(3 1.51782e-16 0)
(3 2.32459e-16 0)
(3 7.08643e-16 0)
(3 8.25027e-16 0)
(3 6.6129e-16 0)
(3 -1.06572e-09 0)
(3 -1.14521e-07 0)
(3.0046 0.00182025 0)
(2.63836 0.516953 0)
(1.40974 0.903455 0)
(1.33417 0.872558 0)
(1.36636 0.864645 0)
(1.39805 0.859658 0)
(1.43773 0.854806 0)
(1.48709 0.846531 0)
(3 -2.46628e-17 0)
(3 -9.51738e-17 0)
(3 1.98106e-16 0)
(3 -1.4771e-16 0)
(3 -2.47073e-16 0)
(3 7.17538e-16 0)
(3 1.20367e-15 0)
(3 1.48296e-15 0)
(3 1.35317e-15 0)
(3 1.24046e-15 0)
(3 1.21716e-15 0)
(3 7.88627e-16 0)
(3 6.87427e-16 0)
(3 3.22136e-16 0)
(3 -2.00487e-12 0)
(3 -2.41257e-08 0)
(3.00001 1.09452e-05 0)
(3.05266 0.0446199 0)
(1.8721 0.798589 0)
(1.38006 0.889608 0)
(1.40998 0.881025 0)
(1.43732 0.875029 0)
(1.47271 0.866367 0)
(1.51519 0.855348 0)
(3 6.74953e-17 0)
(3 1.71368e-16 0)
(3 5.80447e-16 0)
(3 4.70004e-16 0)
(3 5.86507e-16 0)
(3 9.15204e-16 0)
(3 8.04161e-16 0)
(3 1.05028e-15 0)
(3 9.79067e-16 0)
(3 9.53126e-16 0)
(3 9.66028e-16 0)
(3 -3.30013e-16 0)
(3 -7.6694e-16 0)
(3 3.11039e-16 0)
(3 1.25366e-15 0)
(3 -2.17469e-09 0)
(3 1.73455e-09 0)
(3.0024 0.00161911 0)
(2.75843 0.39135 0)
(1.59076 0.917164 0)
(1.42426 0.904015 0)
(1.46379 0.898776 0)
(1.49656 0.889661 0)
(1.53385 0.877147 0)
(3 -3.009e-16 0)
(3 -1.08833e-16 0)
(3 -1.45074e-17 0)
(3 6.15449e-16 0)
(3 9.65393e-16 0)
(3 3.81556e-16 0)
(3 3.73143e-16 0)
(3 1.35935e-16 0)
(3 1.0774e-16 0)
(3 -4.53291e-16 0)
(3 -1.32096e-15 0)
(3 -7.55712e-16 0)
(3 -5.26753e-16 0)
(3 -4.61836e-16 0)
(3 -8.03884e-17 0)
(3 -7.59725e-11 0)
(3 -7.47117e-11 0)
(3 7.56108e-06 0)
(3.02302 0.0264059 0)
(2.17793 0.747226 0)
(1.49023 0.923029 0)
(1.49092 0.914925 0)
(1.52454 0.900317 0)
(1.5563 0.88891 0)
(3 -9.8234e-17 0)
(3 3.45537e-17 0)
(3 -1.81531e-16 0)
(3 6.50136e-17 0)
(3 1.10572e-16 0)
(3 -6.48495e-17 0)
(3 3.70258e-17 0)
(3 -1.15807e-16 0)
(3 -5.59289e-16 0)
(3 -8.70181e-16 0)
(3 -1.34391e-15 0)
(3 -1.23293e-15 0)
(3 -9.70333e-16 0)
(3 -1.21905e-15 0)
(3 -1.95728e-15 0)
(3 -5.69441e-13 0)
(3 -2.28603e-11 0)
(3 2.77846e-09 0)
(3.00049 0.000959902 0)
(2.93869 0.204944 0)
(1.82721 0.871113 0)
(1.51849 0.92976 0)
(1.55302 0.917955 0)
(1.58434 0.904972 0)
(3 2.15305e-16 0)
(3 -1.07938e-16 0)
(3 -2.99131e-16 0)
(3 -8.20958e-16 0)
(3 -1.02353e-15 0)
(3 -6.82198e-16 0)
(3 -1.1687e-15 0)
(3 -1.50258e-15 0)
(3 -1.55291e-15 0)
(3 -1.23948e-15 0)
(3 -4.23941e-16 0)
(3 -5.42216e-16 0)
(3 -7.83116e-16 0)
(3 -5.56403e-16 0)
(3 -7.64797e-16 0)
(3 -1.84318e-15 0)
(3 -2.83238e-12 0)
(3 -2.49687e-12 0)
(3 2.87752e-06 0)
(3.00608 0.0119449 0)
(2.57435 0.528895 0)
(1.6763 0.949646 0)
(1.56022 0.938694 0)
(1.59828 0.926872 0)
(3 4.42649e-18 0)
(3 -2.55993e-17 0)
(3 -1.41297e-16 0)
(3 -2.79205e-16 0)
(3 -2.88954e-16 0)
(3 -7.26484e-17 0)
(3 -1.19832e-16 0)
(3 -7.33035e-16 0)
(3 -8.29936e-16 0)
(3 -4.18477e-16 0)
(3 -1.52194e-16 0)
(3 2.48679e-16 0)
(3 3.36113e-16 0)
(3 -2.91179e-16 0)
(3 -2.36324e-16 0)
(3 2.45507e-16 0)
(3 -7.48453e-14 0)
(3 -8.43077e-13 0)
(3 1.22901e-09 0)
(3.00001 0.000218209 0)
(3.00172 0.0630006 0)
(2.19923 0.760752 0)
(1.62749 0.949858 0)
(1.61889 0.946128 0)
(3 1.35471e-16 0)
(3 2.86858e-16 0)
(3 5.76677e-16 0)
(3 7.4542e-16 0)
(3 8.23022e-16 0)
(3 7.00752e-16 0)
(3 8.36305e-16 0)
(3 1.1751e-15 0)
(3 4.52425e-16 0)
(3 5.98922e-17 0)
(3 3.11893e-16 0)
(3 2.20643e-16 0)
(3 3.51037e-16 0)
(3 1.30436e-16 0)
(3 2.79295e-16 0)
(3 9.01775e-16 0)
(3 2.07305e-16 0)
(3 -1.17584e-13 0)
(3 1.3991e-13 0)
(3 3.16373e-07 0)
(3.00044 0.00292621 0)
(2.89108 0.234378 0)
(1.9607 0.860614 0)
(1.66291 0.954876 0)
(3 1.62881e-16 0)
(3 1.50679e-16 0)
(3 7.72393e-16 0)
(3 7.63007e-16 0)
(3 -4.97063e-17 0)
(3 -4.24322e-16 0)
(3 -4.78601e-16 0)
(3 -5.17528e-16 0)
(3 -6.436e-16 0)
(3 -9.49487e-17 0)
(3 -1.83198e-16 0)
(3 -3.01986e-16 0)
(3 -5.30862e-16 0)
(3 -1.3707e-16 0)
(3 1.14153e-16 0)
(3 -4.24532e-16 0)
(3 -2.69013e-16 0)
(3 -7.739e-15 0)
(3 -7.06179e-15 0)
(3 1.66789e-10 0)
(3 1.57177e-05 0)
(3.00074 0.0161978 0)
(2.645 0.457311 0)
(1.8578 0.92041 0)
(3 -8.141e-17 0)
(3 3.78533e-17 0)
(3 1.9805e-16 0)
(3 -2.10286e-16 0)
(3 -3.45307e-16 0)
(3 -9.10226e-16 0)
(3 -1.17951e-15 0)
(3 -1.39136e-15 0)
(3 -2.223e-16 0)
(3 2.08251e-16 0)
(3 -6.8308e-17 0)
(3 -2.68193e-16 0)
(3 -1.18116e-15 0)
(3 -9.14236e-16 0)
(3 -2.61642e-16 0)
(3 -2.70545e-16 0)
(3 -3.96803e-16 0)
(3 -2.00853e-16 0)
(3 -2.21263e-15 0)
(3 2.13471e-14 0)
(3 1.30988e-08 0)
(2.99995 0.000304912 0)
(2.98984 0.0499398 0)
(2.40286 0.637893 0)
(3 -2.17698e-16 0)
(3 -4.44184e-16 0)
(3 -7.20148e-16 0)
(3 -7.4683e-16 0)
(3 -5.33169e-16 0)
(3 -8.22059e-16 0)
(3 -1.10765e-15 0)
(3 -1.15174e-15 0)
(3 -5.22646e-16 0)
(3 1.51729e-16 0)
(3 6.54575e-16 0)
(3 5.52818e-16 0)
(3 -5.21294e-17 0)
(3 4.4475e-17 0)
(3 -3.66239e-17 0)
(3 1.02109e-18 0)
(3 -5.26821e-16 0)
(3 -5.51353e-16 0)
(3 -6.4866e-16 0)
(3 -6.19483e-16 0)
(3 5.08371e-12 0)
(3 5.41288e-07 0)
(2.9998 0.00197532 0)
(2.93743 0.129042 0)
(3 8.36776e-17 0)
(3 1.16032e-16 0)
(3 -3.46335e-17 0)
(3 3.51868e-16 0)
(3 6.2831e-16 0)
(3 7.54371e-16 0)
(3 1.48278e-16 0)
(3 -6.09682e-17 0)
(3 -1.78519e-17 0)
(3 8.1797e-17 0)
(3 3.46661e-16 0)
(3 9.21167e-16 0)
(3 1.0289e-15 0)
(3 9.74545e-16 0)
(3 7.29416e-16 0)
(3 6.95184e-17 0)
(3 -2.87132e-16 0)
(3 -7.1296e-16 0)
(3 -3.08162e-16 0)
(3 -2.38394e-16 0)
(3 4.9679e-16 0)
(3 4.26149e-10 0)
(3 7.72098e-06 0)
(2.99861 0.00750895 0)
(3 2.20237e-16 0)
(3 4.73206e-16 0)
(3 7.98056e-16 0)
(3 7.52359e-16 0)
(3 1.02444e-15 0)
(3 1.71658e-15 0)
(3 1.55603e-15 0)
(3 2.34719e-15 0)
(3 2.04886e-15 0)
(3 4.52588e-16 0)
(3 2.11545e-16 0)
(3 2.06911e-16 0)
(3 7.58423e-16 0)
(3 6.74598e-16 0)
(3 7.33596e-16 0)
(3 3.47195e-16 0)
(3 -4.64499e-16 0)
(3 -4.99277e-16 0)
(3 -2.70146e-16 0)
(3 -6.37225e-17 0)
(3 -2.47562e-16 0)
(3 5.40207e-14 0)
(3 8.14134e-09 0)
(2.99998 7.24938e-05 0)
(3 -1.9189e-18 0)
(3 1.81252e-16 0)
(3 1.7621e-16 0)
(3 -1.26671e-16 0)
(3 -1.97013e-16 0)
(3 5.23789e-16 0)
(3 1.33458e-15 0)
(3 1.04647e-15 0)
(3 8.19909e-16 0)
(3 2.62615e-16 0)
(3 1.8869e-16 0)
(3 1.27339e-16 0)
(3 1.02078e-15 0)
(3 9.16396e-16 0)
(3 1.97383e-16 0)
(3 -6.76793e-16 0)
(3 -9.20703e-16 0)
(3 -5.31799e-16 0)
(3 -4.50599e-17 0)
(3 2.86643e-16 0)
(3 -2.43704e-16 0)
(3 -8.5399e-16 0)
(3 2.20533e-12 0)
(3 1.18002e-07 0)
(3 -4.4826e-17 0)
(3 -1.58405e-16 0)
(3 -3.08744e-16 0)
(3 1.76485e-17 0)
(3 -1.83211e-16 0)
(3 2.60503e-16 0)
(3 1.57617e-16 0)
(3 -4.24861e-16 0)
(3 -4.3772e-16 0)
(3 -3.37291e-17 0)
(3 1.27864e-16 0)
(3 1.02157e-15 0)
(3 1.53661e-15 0)
(3 9.06764e-16 0)
(3 -1.1242e-16 0)
(3 -2.25776e-16 0)
(3 4.47216e-16 0)
(3 1.00522e-15 0)
(3 2.06049e-16 0)
(3 -3.98455e-16 0)
(3 -6.48569e-16 0)
(3 -2.54676e-16 0)
(3 8.02843e-16 0)
(3 6.11779e-11 0)
(3 -1.82903e-16 0)
(3 -5.47802e-16 0)
(3 -7.4517e-16 0)
(3 -6.6413e-16 0)
(3 -7.06797e-16 0)
(3 -8.31174e-16 0)
(3 -8.85258e-16 0)
(3 -6.08756e-16 0)
(3 -2.57602e-16 0)
(3 2.03221e-16 0)
(3 8.1919e-16 0)
(3 6.96388e-16 0)
(3 4.40187e-16 0)
(3 8.6273e-16 0)
(3 8.17317e-16 0)
(3 8.3779e-16 0)
(3 1.35931e-15 0)
(3 1.57638e-15 0)
(3 -1.25011e-16 0)
(3 -9.85385e-16 0)
(3 2.64951e-16 0)
(3 1.00179e-15 0)
(3 1.07871e-15 0)
(3 5.29624e-15 0)
(3 -3.59624e-16 0)
(3 -8.16019e-16 0)
(3 -9.61138e-16 0)
(3 -1.091e-15 0)
(3 -9.90342e-16 0)
(3 -1.2232e-15 0)
(3 -1.2505e-15 0)
(3 -2.82608e-16 0)
(3 2.70439e-16 0)
(3 6.51595e-16 0)
(3 5.00494e-16 0)
(3 -3.18233e-17 0)
(3 -9.99088e-17 0)
(3 1.57102e-16 0)
(3 9.04214e-16 0)
(3 1.76184e-15 0)
(3 2.04604e-15 0)
(3 2.26591e-15 0)
(3 2.09422e-15 0)
(3 1.0885e-15 0)
(3 1.20885e-15 0)
(3 1.12118e-15 0)
(3 1.11821e-15 0)
(3 5.45225e-16 0)
(3 6.44442e-17 0)
(3 -2.65864e-16 0)
(3 -3.39575e-16 0)
(3 -1.70961e-16 0)
(3 5.20211e-16 0)
(3 4.69115e-16 0)
(3 1.05053e-16 0)
(3 4.68993e-17 0)
(3 3.88298e-16 0)
(3 5.76019e-16 0)
(3 1.39789e-15 0)
(3 9.6008e-16 0)
(3 2.13305e-16 0)
(3 -3.5148e-16 0)
(3 3.3165e-17 0)
(3 1.02384e-15 0)
(3 2.59668e-15 0)
(3 1.9855e-15 0)
(3 1.52267e-15 0)
(3 6.41896e-16 0)
(3 -3.62032e-16 0)
(3 -2.15446e-16 0)
(3 1.6037e-16 0)
(3 3.89008e-16 0)
(3 2.14997e-16 0)
(3 2.30083e-16 0)
(3 1.79994e-16 0)
(3 2.99142e-16 0)
(3 4.31171e-16 0)
(3 4.69164e-16 0)
(3 2.5254e-16 0)
(3 1.23533e-16 0)
(3 8.41032e-17 0)
(3 1.8863e-16 0)
(3 7.87591e-16 0)
(3 8.47333e-16 0)
(3 3.16185e-16 0)
(3 4.84321e-17 0)
(3 -1.31912e-16 0)
(3 1.56592e-16 0)
(3 1.17594e-15 0)
(3 7.47804e-16 0)
(3 4.58644e-16 0)
(3 3.25233e-17 0)
(3 -4.77345e-16 0)
(3 -4.96973e-16 0)
(3 3.83307e-17 0)
(3 9.88193e-16 0)
(1.48451 1.28644 0)
(1.87876 1.35354 0)
(2.39407 1.04707 0)
(2.60708 0.875938 0)
(2.54479 0.329025 0)
(2.60197 0.023834 0)
(2.54081 -0.337168 0)
(2.5099 -0.358457 0)
(2.45603 -0.238285 0)
(2.41769 -0.278171 0)
(2.42045 -0.322289 0)
(2.46511 -0.264312 0)
(2.45885 -0.179195 0)
(2.42748 -0.133278 0)
(2.38849 -0.103738 0)
(2.36515 -0.0699963 0)
(2.34394 -0.0582805 0)
(2.35642 -0.0512878 0)
(2.39762 -0.0290071 0)
(2.41617 -0.00615906 0)
(2.40727 -0.00445932 0)
(2.39974 -0.00942739 0)
(2.39856 -0.0153617 0)
(2.39705 -0.015928 0)
(2.39041 -0.0113504 0)
(2.38479 -0.00281576 0)
(2.37994 -0.00128551 0)
(2.3812 -0.00221644 0)
(2.39115 -0.00461585 0)
(2.40219 -0.00614926 0)
(2.40322 -0.00590958 0)
(1.655 0.0374557 0)
(0.796447 0.0309447 0)
(0.721171 -0.00264584 0)
(0.753588 -0.0241757 0)
(0.807827 -0.0453214 0)
(0.878693 -0.0534303 0)
(0.946472 -0.0538941 0)
(1.00611 -0.0475477 0)
(1.05548 -0.0403393 0)
(1.09929 -0.0352811 0)
(1.1427 -0.0319593 0)
(1.18469 -0.028731 0)
(1.2231 -0.0244306 0)
(1.25917 -0.0200408 0)
(1.29559 -0.0170534 0)
(1.33543 -0.0159652 0)
(1.38052 -0.0147441 0)
(1.42499 -0.0154395 0)
(1.45735 -0.017033 0)
(1.48118 -0.0163123 0)
(1.50149 -0.0113218 0)
(1.51906 -0.00363519 0)
(1.53975 0.000958492 0)
(1.56417 0.00272479 0)
(1.59874 0.00248781 0)
(1.63845 -0.00221855 0)
(1.66911 -0.0080746 0)
(1.69155 -0.00852391 0)
(1.71116 -0.00582726 0)
(1.72295 -2.13809e-05 0)
(1.73606 0.00583029 0)
(1.75536 0.00782317 0)
(1.77799 0.00803125 0)
(1.80763 0.00676666 0)
(1.83702 0.00318523 0)
(1.85986 -0.000435813 0)
(1.88057 -0.00106184 0)
(1.89381 0.000724735 0)
(1.89714 0.00492283 0)
(1.90438 0.00846327 0)
(1.91899 0.00909756 0)
(1.93598 0.00901149 0)
(1.9585 0.0078485 0)
(1.98143 0.00361582 0)
(2.00115 0.000394998 0)
(2.02145 -0.00109477 0)
(2.03437 0.000282024 0)
(2.03638 0.0048621 0)
(2.04297 0.00942417 0)
(2.05798 0.0109009 0)
(2.07469 0.0113672 0)
(2.09333 0.0118882 0)
(2.11758 0.0108471 0)
(2.13587 0.00702586 0)
(2.15276 0.00535343 0)
(2.16874 0.00390768 0)
(2.17349 0.00375861 0)
(2.16743 0.00639836 0)
(2.1741 0.00815351 0)
(2.19014 0.00839335 0)
(2.20613 0.00842101 0)
(2.22447 0.00772582 0)
(2.24146 0.00630099 0)
(2.25589 0.00607487 0)
(2.27306 0.00726196 0)
(1.75765 1.11137 0)
(2.26848 0.899627 0)
(2.57096 0.316259 0)
(2.64965 0.0418919 0)
(2.72388 -0.176038 0)
(2.75535 -0.406674 0)
(2.726 -0.653257 0)
(2.70748 -0.672467 0)
(2.67805 -0.570711 0)
(2.64187 -0.432512 0)
(2.60362 -0.37348 0)
(2.55276 -0.288433 0)
(2.5189 -0.19704 0)
(2.48743 -0.158864 0)
(2.44912 -0.117208 0)
(2.42718 -0.0668484 0)
(2.41412 -0.0311874 0)
(2.42142 -0.0252798 0)
(2.44943 0.000584208 0)
(2.45118 0.0267705 0)
(2.43497 0.0232824 0)
(2.41775 0.00494908 0)
(2.41718 -0.0268756 0)
(2.42387 -0.0353314 0)
(2.41948 -0.0303204 0)
(2.41172 -0.0148027 0)
(2.41136 -0.00552657 0)
(2.41514 0.000510194 0)
(2.42198 0.00739121 0)
(2.42667 0.00984032 0)
(2.42577 0.000719454 0)
(1.89754 0.10118 0)
(0.929573 0.0281684 0)
(0.857063 -0.0671936 0)
(0.928156 -0.0962333 0)
(0.978335 -0.0886199 0)
(1.02878 -0.0733678 0)
(1.07424 -0.0656324 0)
(1.11459 -0.0530407 0)
(1.14776 -0.0424397 0)
(1.17918 -0.0379229 0)
(1.21415 -0.0400783 0)
(1.25327 -0.0438171 0)
(1.29211 -0.0405745 0)
(1.32552 -0.0287594 0)
(1.35611 -0.012995 0)
(1.38522 0.000463522 0)
(1.41335 0.00312817 0)
(1.44687 -0.00725836 0)
(1.4849 -0.0243889 0)
(1.51427 -0.0331246 0)
(1.53546 -0.0329885 0)
(1.55558 -0.0224578 0)
(1.5738 -0.00385103 0)
(1.59426 0.0130446 0)
(1.61673 0.019356 0)
(1.64288 0.014182 0)
(1.67407 0.00120791 0)
(1.70129 -0.0123851 0)
(1.72158 -0.0198895 0)
(1.74068 -0.0187613 0)
(1.75849 -0.00671903 0)
(1.77551 0.00940933 0)
(1.79515 0.0215536 0)
(1.81545 0.0254642 0)
(1.83681 0.0205284 0)
(1.85981 0.0102019 0)
(1.87963 -0.00111118 0)
(1.89628 -0.00844235 0)
(1.91073 -0.00534824 0)
(1.92178 0.00766962 0)
(1.93087 0.0211015 0)
(1.94369 0.0270239 0)
(1.96034 0.02643 0)
(1.98019 0.0196092 0)
(2.00063 0.0104946 0)
(2.019 -0.000219542 0)
(2.03463 -0.0089542 0)
(2.04722 -0.0070414 0)
(2.05837 0.00553295 0)
(2.06885 0.0205022 0)
(2.08172 0.0298021 0)
(2.09653 0.0331523 0)
(2.11344 0.0321536 0)
(2.13331 0.0262124 0)
(2.15093 0.0177497 0)
(2.16627 0.00839314 0)
(2.17766 0.0011733 0)
(2.18191 0.00563753 0)
(2.18405 0.0184754 0)
(2.19203 0.0259783 0)
(2.20706 0.0270258 0)
(2.22291 0.0257735 0)
(2.24091 0.0208518 0)
(2.25528 0.0134766 0)
(2.27617 0.00920586 0)
(1.6981 1.00586 0)
(2.06263 0.868108 0)
(2.23972 0.718239 0)
(2.49664 0.37496 0)
(2.63893 0.143212 0)
(2.71468 -0.0729565 0)
(2.70782 -0.258753 0)
(2.71713 -0.249228 0)
(2.75369 -0.273663 0)
(2.75447 -0.384735 0)
(2.75563 -0.463766 0)
(2.73017 -0.470953 0)
(2.67186 -0.432038 0)
(2.65755 -0.376783 0)
(2.63924 -0.309362 0)
(2.60984 -0.235148 0)
(2.58482 -0.163945 0)
(2.5631 -0.120661 0)
(2.53777 -0.0725265 0)
(2.51463 -0.0128029 0)
(2.49925 0.00182084 0)
(2.48934 -0.0116064 0)
(2.4872 -0.0178442 0)
(2.48033 -0.0123967 0)
(2.47513 0.00799074 0)
(2.47078 0.00705013 0)
(2.47317 -0.011265 0)
(2.47652 -0.0297276 0)
(2.48389 -0.0259145 0)
(2.47957 -0.0170931 0)
(2.46055 -0.0455435 0)
(2.24573 -0.203728 0)
(1.30626 -0.062972 0)
(1.16063 -0.0263404 0)
(1.21474 -0.0613872 0)
(1.24379 -0.107637 0)
(1.27113 -0.114544 0)
(1.28827 -0.102984 0)
(1.30846 -0.0861448 0)
(1.32555 -0.0703264 0)
(1.34355 -0.0614593 0)
(1.36297 -0.0608621 0)
(1.38674 -0.063371 0)
(1.41588 -0.067097 0)
(1.44432 -0.0673741 0)
(1.4681 -0.0631097 0)
(1.48997 -0.0523505 0)
(1.50865 -0.032327 0)
(1.53046 -0.0157379 0)
(1.55249 -0.0130551 0)
(1.57628 -0.0199499 0)
(1.59996 -0.0273405 0)
(1.62 -0.0298904 0)
(1.63917 -0.0267436 0)
(1.65864 -0.0145185 0)
(1.67296 0.00343231 0)
(1.68548 0.0191362 0)
(1.70373 0.0218118 0)
(1.72294 0.0143344 0)
(1.74751 0.00173669 0)
(1.77529 -0.00610506 0)
(1.79758 -0.00565309 0)
(1.81781 0.000860917 0)
(1.83693 0.0128046 0)
(1.84923 0.0259825 0)
(1.85619 0.0327095 0)
(1.86969 0.0274358 0)
(1.88743 0.0186529 0)
(1.90803 0.0109566 0)
(1.9301 0.00719226 0)
(1.94733 0.00887968 0)
(1.96279 0.0191009 0)
(1.97214 0.0327082 0)
(1.97722 0.0389254 0)
(1.98923 0.0343647 0)
(2.00505 0.0254211 0)
(2.02134 0.0159981 0)
(2.04035 0.00933552 0)
(2.06096 0.00569909 0)
(2.07901 0.00827049 0)
(2.09525 0.0216812 0)
(2.10605 0.0397609 0)
(2.11163 0.0509582 0)
(2.12163 0.0498474 0)
(2.13584 0.0428962 0)
(2.15016 0.0334011 0)
(2.16398 0.0236218 0)
(2.17787 0.0162832 0)
(2.19212 0.0141187 0)
(2.20462 0.020423 0)
(2.21231 0.0342852 0)
(2.2169 0.0440526 0)
(2.22722 0.042935 0)
(2.24152 0.0369258 0)
(2.25418 0.0285482 0)
(2.27342 0.0250926 0)
(1.6106 0.966423 0)
(1.86562 0.898295 0)
(2.13521 0.68678 0)
(2.35247 0.436079 0)
(2.44306 0.354861 0)
(2.5002 0.239509 0)
(2.6256 -0.00650241 0)
(2.66167 -0.127028 0)
(2.70336 -0.251758 0)
(2.73733 -0.404984 0)
(2.7635 -0.43009 0)
(2.761 -0.476951 0)
(2.75663 -0.484154 0)
(2.74995 -0.472199 0)
(2.74355 -0.44721 0)
(2.71763 -0.397142 0)
(2.6974 -0.357933 0)
(2.66951 -0.290892 0)
(2.63192 -0.215948 0)
(2.60327 -0.135634 0)
(2.59708 -0.0958601 0)
(2.5961 -0.0933683 0)
(2.5694 -0.0804686 0)
(2.53347 -0.0542619 0)
(2.52122 -0.00415363 0)
(2.52152 0.0179784 0)
(2.52676 0.00899584 0)
(2.53377 0.00773455 0)
(2.53399 -0.000204793 0)
(2.51043 -0.0370313 0)
(2.43545 -0.162729 0)
(2.09899 -0.584824 0)
(1.75492 -0.423121 0)
(1.42395 -0.176946 0)
(1.38337 -0.0642927 0)
(1.4216 -0.0543719 0)
(1.43947 -0.0698168 0)
(1.45528 -0.0907084 0)
(1.47303 -0.0885418 0)
(1.48403 -0.0776197 0)
(1.49461 -0.0593549 0)
(1.50546 -0.0400568 0)
(1.52199 -0.033905 0)
(1.54153 -0.0372446 0)
(1.56348 -0.0440965 0)
(1.58252 -0.0478495 0)
(1.60004 -0.0477409 0)
(1.61726 -0.0400007 0)
(1.6303 -0.0222035 0)
(1.64125 -0.00369491 0)
(1.65722 0.00409316 0)
(1.67461 0.00364488 0)
(1.69385 -0.00251715 0)
(1.71213 -0.0102204 0)
(1.72877 -0.014595 0)
(1.74377 -0.0143049 0)
(1.75474 -0.0061078 0)
(1.76387 0.0071349 0)
(1.77986 0.0170634 0)
(1.79859 0.0210358 0)
(1.82076 0.0198539 0)
(1.84499 0.0131662 0)
(1.86437 0.00739432 0)
(1.88206 0.00409061 0)
(1.89515 0.00339993 0)
(1.90085 0.00987739 0)
(1.90566 0.0209147 0)
(1.92063 0.028269 0)
(1.93847 0.0307013 0)
(1.95811 0.0296973 0)
(1.97865 0.0264425 0)
(1.99576 0.0251333 0)
(2.0098 0.0264922 0)
(2.01368 0.0322087 0)
(2.01324 0.0351632 0)
(2.02314 0.0319712 0)
(2.0406 0.0299833 0)
(2.05877 0.0297054 0)
(2.08093 0.0295915 0)
(2.10301 0.0311209 0)
(2.12096 0.0329653 0)
(2.13765 0.0380757 0)
(2.14581 0.0502393 0)
(2.14358 0.0611834 0)
(2.14567 0.0596108 0)
(2.15692 0.0513211 0)
(2.17161 0.0437817 0)
(2.18772 0.0404721 0)
(2.20529 0.038624 0)
(2.22207 0.0383385 0)
(2.23725 0.0415221 0)
(2.24342 0.0508283 0)
(2.24226 0.056862 0)
(2.24908 0.0516689 0)
(2.26075 0.0442167 0)
(2.28208 0.0417819 0)
(1.56326 0.930477 0)
(1.77715 0.873698 0)
(2.02266 0.705304 0)
(2.16828 0.580735 0)
(2.26223 0.500374 0)
(2.42071 0.279817 0)
(2.50321 0.152132 0)
(2.5272 0.129903 0)
(2.60303 -0.00425727 0)
(2.64578 -0.163379 0)
(2.67401 -0.199695 0)
(2.67996 -0.22773 0)
(2.71016 -0.351613 0)
(2.7229 -0.39088 0)
(2.74303 -0.385226 0)
(2.74545 -0.384654 0)
(2.74137 -0.415327 0)
(2.72933 -0.409713 0)
(2.69966 -0.361858 0)
(2.67124 -0.290298 0)
(2.66546 -0.234869 0)
(2.66908 -0.215587 0)
(2.63862 -0.175113 0)
(2.59078 -0.119646 0)
(2.56973 -0.056422 0)
(2.57106 -0.0358256 0)
(2.5745 -0.0206409 0)
(2.58041 -0.00653037 0)
(2.55131 -0.034416 0)
(2.3869 -0.211289 0)
(2.17959 -0.422017 0)
(1.96848 -0.644721 0)
(1.94194 -0.660723 0)
(1.74715 -0.447287 0)
(1.56379 -0.195686 0)
(1.52535 -0.110999 0)
(1.5008 -0.0734784 0)
(1.51908 -0.0619711 0)
(1.55065 -0.0729825 0)
(1.56982 -0.0767787 0)
(1.58313 -0.0725288 0)
(1.59353 -0.0577311 0)
(1.60417 -0.0397881 0)
(1.62012 -0.0321737 0)
(1.63777 -0.033703 0)
(1.65508 -0.0379416 0)
(1.67066 -0.038961 0)
(1.68643 -0.0361924 0)
(1.70241 -0.0253442 0)
(1.71423 -0.0100215 0)
(1.72229 0.00183959 0)
(1.73548 0.00523696 0)
(1.75271 0.00365316 0)
(1.76907 -0.00202038 0)
(1.78438 -0.00718356 0)
(1.79951 -0.00908404 0)
(1.81405 -0.00581154 0)
(1.8267 0.00521692 0)
(1.83768 0.0202699 0)
(1.85199 0.0305733 0)
(1.87052 0.0329396 0)
(1.88945 0.0300241 0)
(1.90733 0.0227191 0)
(1.92337 0.0161767 0)
(1.93734 0.0118997 0)
(1.94852 0.0137444 0)
(1.95678 0.0245376 0)
(1.96321 0.0389265 0)
(1.97552 0.0471614 0)
(1.99345 0.0487976 0)
(2.01158 0.0473764 0)
(2.02907 0.0424524 0)
(2.04345 0.0362785 0)
(2.05054 0.031734 0)
(2.05103 0.0337749 0)
(2.05712 0.0403567 0)
(2.07217 0.0448094 0)
(2.08894 0.0469718 0)
(2.10906 0.0495541 0)
(2.13037 0.0512466 0)
(2.14791 0.0514282 0)
(2.16436 0.050547 0)
(2.17496 0.0495782 0)
(2.17444 0.0518692 0)
(2.1711 0.0566646 0)
(2.17918 0.0586481 0)
(2.19399 0.0592018 0)
(2.20887 0.0593655 0)
(2.22626 0.0584574 0)
(2.24237 0.0577464 0)
(2.25855 0.0573724 0)
(2.26874 0.0580946 0)
(2.26463 0.0597785 0)
(2.26608 0.0586287 0)
(2.27808 0.0577431 0)
(2.29909 0.0598163 0)
(1.53459 0.885348 0)
(1.72367 0.833844 0)
(1.91512 0.730241 0)
(2.05033 0.647727 0)
(2.164 0.563404 0)
(2.30416 0.407934 0)
(2.39891 0.277626 0)
(2.45498 0.228296 0)
(2.52628 0.115849 0)
(2.57632 -0.0342183 0)
(2.60287 -0.076853 0)
(2.62449 -0.104154 0)
(2.67412 -0.226576 0)
(2.69021 -0.316853 0)
(2.69726 -0.331866 0)
(2.73165 -0.382589 0)
(2.73278 -0.444871 0)
(2.73261 -0.450825 0)
(2.73273 -0.423205 0)
(2.72119 -0.390439 0)
(2.71369 -0.378798 0)
(2.70266 -0.358702 0)
(2.67933 -0.301506 0)
(2.65583 -0.246142 0)
(2.6196 -0.136983 0)
(2.61894 -0.116288 0)
(2.62245 -0.0526704 0)
(2.60755 -0.0470796 0)
(2.43714 -0.199763 0)
(2.13746 -0.470521 0)
(2.01286 -0.599116 0)
(1.96722 -0.637655 0)
(1.97274 -0.651715 0)
(1.95208 -0.615627 0)
(1.84792 -0.460086 0)
(1.68921 -0.241805 0)
(1.57592 -0.102122 0)
(1.55225 -0.0791977 0)
(1.5694 -0.0697912 0)
(1.60181 -0.064785 0)
(1.61989 -0.0674183 0)
(1.63667 -0.0616822 0)
(1.6492 -0.0462986 0)
(1.65834 -0.0314397 0)
(1.67013 -0.026376 0)
(1.68381 -0.0274744 0)
(1.7005 -0.0306637 0)
(1.71903 -0.0303593 0)
(1.73708 -0.0248615 0)
(1.7531 -0.0133688 0)
(1.76423 0.00117245 0)
(1.77192 0.012254 0)
(1.78455 0.0147864 0)
(1.80147 0.0124679 0)
(1.81842 0.00839045 0)
(1.83552 0.00638549 0)
(1.85242 0.00706535 0)
(1.86987 0.0117816 0)
(1.88526 0.0206734 0)
(1.89565 0.0314379 0)
(1.90552 0.0373419 0)
(1.92174 0.0357125 0)
(1.93821 0.0307085 0)
(1.95264 0.0251613 0)
(1.96753 0.0234561 0)
(1.98369 0.0260277 0)
(1.99828 0.0326608 0)
(2.00807 0.0439023 0)
(2.01323 0.0565871 0)
(2.02322 0.0614597 0)
(2.03934 0.0594277 0)
(2.05547 0.0542368 0)
(2.06911 0.0467347 0)
(2.07942 0.0404781 0)
(2.0885 0.0406867 0)
(2.09756 0.0483082 0)
(2.10586 0.0595188 0)
(2.11815 0.0687057 0)
(2.134 0.0729675 0)
(2.15035 0.0736127 0)
(2.16773 0.0703087 0)
(2.18305 0.0634263 0)
(2.19295 0.0573913 0)
(2.19991 0.0565788 0)
(2.20448 0.0641844 0)
(2.20737 0.0759776 0)
(2.2167 0.0817819 0)
(2.23217 0.082222 0)
(2.24802 0.0800611 0)
(2.26349 0.0757978 0)
(2.27699 0.0720416 0)
(2.28645 0.06851 0)
(2.28599 0.0681675 0)
(2.28655 0.0735075 0)
(2.2976 0.0765475 0)
(2.31817 0.0778156 0)
(1.52098 0.867595 0)
(1.68287 0.81993 0)
(1.8391 0.746651 0)
(1.95066 0.700027 0)
(2.07483 0.620728 0)
(2.21564 0.485126 0)
(2.31622 0.373657 0)
(2.36976 0.326063 0)
(2.42615 0.244426 0)
(2.4942 0.121817 0)
(2.536 0.0546045 0)
(2.57904 -0.0159892 0)
(2.61094 -0.0978019 0)
(2.62632 -0.139198 0)
(2.63737 -0.147635 0)
(2.6675 -0.205974 0)
(2.68649 -0.290112 0)
(2.6936 -0.324415 0)
(2.71041 -0.323509 0)
(2.70546 -0.349211 0)
(2.69925 -0.364648 0)
(2.70175 -0.375069 0)
(2.70878 -0.379635 0)
(2.70884 -0.349745 0)
(2.69546 -0.298962 0)
(2.67727 -0.250087 0)
(2.63447 -0.20588 0)
(2.54204 -0.275769 0)
(2.20065 -0.555156 0)
(2.03759 -0.649099 0)
(1.99867 -0.707356 0)
(1.98521 -0.676661 0)
(1.98995 -0.651014 0)
(1.99343 -0.643887 0)
(1.97311 -0.602019 0)
(1.89057 -0.474292 0)
(1.74961 -0.268387 0)
(1.62082 -0.125105 0)
(1.59004 -0.0709457 0)
(1.60974 -0.0540302 0)
(1.63901 -0.0580668 0)
(1.66024 -0.0629719 0)
(1.6777 -0.0573729 0)
(1.68863 -0.040247 0)
(1.68875 -0.0219013 0)
(1.69535 -0.0169367 0)
(1.71152 -0.0178392 0)
(1.73286 -0.019746 0)
(1.75427 -0.0183261 0)
(1.77207 -0.0128037 0)
(1.78807 -0.00406241 0)
(1.8005 0.00838094 0)
(1.80833 0.0215057 0)
(1.82061 0.0270334 0)
(1.83816 0.0271486 0)
(1.85623 0.0242977 0)
(1.87509 0.0194307 0)
(1.89289 0.0174026 0)
(1.91073 0.0189833 0)
(1.92593 0.0269882 0)
(1.93447 0.040451 0)
(1.94119 0.0500305 0)
(1.95549 0.0500437 0)
(1.9718 0.0479929 0)
(1.98865 0.044787 0)
(2.00501 0.043498 0)
(2.02144 0.0447959 0)
(2.03634 0.0503269 0)
(2.04521 0.0614395 0)
(2.04755 0.07323 0)
(2.05491 0.0753374 0)
(2.06941 0.0707556 0)
(2.08488 0.0646122 0)
(2.09991 0.0596218 0)
(2.11427 0.0582199 0)
(2.1288 0.060907 0)
(2.14044 0.0702426 0)
(2.14699 0.0833011 0)
(2.15057 0.091285 0)
(2.15853 0.0895097 0)
(2.1729 0.083538 0)
(2.18809 0.0763852 0)
(2.20182 0.0697579 0)
(2.21527 0.0678872 0)
(2.22882 0.071566 0)
(2.23934 0.080893 0)
(2.24313 0.0943189 0)
(2.24886 0.103043 0)
(2.26263 0.104892 0)
(2.27671 0.102675 0)
(2.2898 0.093535 0)
(2.29803 0.0831097 0)
(2.30214 0.0794582 0)
(2.30857 0.0848537 0)
(2.31572 0.094335 0)
(2.331 0.100575 0)
(1.51599 0.845598 0)
(1.65715 0.806911 0)
(1.77711 0.768327 0)
(1.88387 0.72759 0)
(2.03008 0.627947 0)
(2.14845 0.516936 0)
(2.19842 0.490643 0)
(2.25839 0.435895 0)
(2.36902 0.297661 0)
(2.43837 0.188213 0)
(2.46042 0.176522 0)
(2.48532 0.13016 0)
(2.54741 0.0270905 0)
(2.58127 -0.0485009 0)
(2.61061 -0.0793064 0)
(2.6365 -0.122418 0)
(2.66361 -0.203954 0)
(2.66924 -0.268757 0)
(2.68198 -0.300772 0)
(2.70197 -0.323743 0)
(2.70264 -0.362371 0)
(2.70253 -0.385591 0)
(2.70799 -0.383995 0)
(2.73091 -0.372647 0)
(2.73047 -0.368857 0)
(2.71372 -0.374331 0)
(2.58892 -0.482575 0)
(2.32349 -0.708967 0)
(2.07945 -0.869504 0)
(2.02185 -0.8579 0)
(1.98885 -0.796328 0)
(1.99074 -0.727413 0)
(2.00685 -0.665511 0)
(2.00576 -0.642529 0)
(1.99545 -0.634655 0)
(1.98266 -0.605189 0)
(1.93258 -0.504342 0)
(1.81804 -0.320509 0)
(1.67571 -0.141586 0)
(1.63915 -0.0561052 0)
(1.6532 -0.0511301 0)
(1.68491 -0.0554807 0)
(1.7038 -0.057358 0)
(1.718 -0.0498168 0)
(1.72098 -0.0324006 0)
(1.71921 -0.0142828 0)
(1.72817 -0.00623203 0)
(1.74356 -0.00406499 0)
(1.76406 -0.00195223 0)
(1.78858 -0.000486361 0)
(1.8075 0.00242451 0)
(1.82422 0.00773858 0)
(1.83698 0.0210931 0)
(1.84148 0.038193 0)
(1.84767 0.044624 0)
(1.8649 0.0430355 0)
(1.8844 0.0391465 0)
(1.9071 0.0333591 0)
(1.92557 0.0314193 0)
(1.943 0.0329184 0)
(1.95839 0.0407697 0)
(1.96652 0.0553674 0)
(1.96917 0.0678314 0)
(1.98225 0.0695724 0)
(1.99911 0.0683888 0)
(2.01686 0.065039 0)
(2.03328 0.0624481 0)
(2.05003 0.0623288 0)
(2.0643 0.0641423 0)
(2.0707 0.0720295 0)
(2.07025 0.08362 0)
(2.08008 0.088642 0)
(2.0971 0.0896499 0)
(2.1141 0.0881453 0)
(2.13099 0.0836791 0)
(2.14635 0.0814597 0)
(2.16083 0.0820483 0)
(2.17096 0.0852431 0)
(2.17178 0.0918566 0)
(2.16817 0.096823 0)
(2.17419 0.0958844 0)
(2.18809 0.0939068 0)
(2.20446 0.0931012 0)
(2.22154 0.0929352 0)
(2.23849 0.0933458 0)
(2.25472 0.0964513 0)
(2.2665 0.106346 0)
(2.26948 0.119705 0)
(2.26859 0.123733 0)
(2.27434 0.117225 0)
(2.28488 0.10997 0)
(2.29795 0.104479 0)
(2.31085 0.100697 0)
(2.32433 0.101706 0)
(2.3352 0.108898 0)
(2.34956 0.116918 0)
(1.51454 0.837945 0)
(1.62921 0.812899 0)
(1.73627 0.783582 0)
(1.85082 0.731948 0)
(1.97006 0.651451 0)
(2.05037 0.596137 0)
(2.11221 0.561898 0)
(2.21522 0.471447 0)
(2.30618 0.352658 0)
(2.35107 0.306567 0)
(2.37442 0.284198 0)
(2.43715 0.204889 0)
(2.49776 0.113123 0)
(2.53377 0.0485167 0)
(2.5561 0.0116051 0)
(2.57811 -0.009277 0)
(2.58939 -0.0443975 0)
(2.61979 -0.123862 0)
(2.63656 -0.194421 0)
(2.6564 -0.219402 0)
(2.66716 -0.2138 0)
(2.67847 -0.25915 0)
(2.68243 -0.280226 0)
(2.69883 -0.312747 0)
(2.69226 -0.341069 0)
(2.60588 -0.474603 0)
(2.38599 -0.786838 0)
(2.09586 -0.971561 0)
(2.05617 -0.989754 0)
(2.03518 -0.963118 0)
(2.03114 -0.910526 0)
(2.03348 -0.847553 0)
(2.0373 -0.800248 0)
(2.03626 -0.767804 0)
(2.03551 -0.737157 0)
(2.05693 -0.722476 0)
(2.06041 -0.674292 0)
(2.02764 -0.570115 0)
(1.92478 -0.387912 0)
(1.78515 -0.179703 0)
(1.71302 -0.0481922 0)
(1.71044 -0.0476719 0)
(1.72271 -0.0442223 0)
(1.74445 -0.0408933 0)
(1.75483 -0.0390372 0)
(1.75981 -0.0234209 0)
(1.75845 -0.00179849 0)
(1.76587 0.0115468 0)
(1.78215 0.0171008 0)
(1.80386 0.0191586 0)
(1.82939 0.0171825 0)
(1.8485 0.0183754 0)
(1.86511 0.0216732 0)
(1.87594 0.0322106 0)
(1.87623 0.0490262 0)
(1.88221 0.0563598 0)
(1.89842 0.0565785 0)
(1.91636 0.0540984 0)
(1.94008 0.0496515 0)
(1.96038 0.0500892 0)
(1.97824 0.0515966 0)
(1.99293 0.0564152 0)
(1.99807 0.0696979 0)
(1.99679 0.0842213 0)
(2.00534 0.0871603 0)
(2.02181 0.0862923 0)
(2.04001 0.0837709 0)
(2.05889 0.079317 0)
(2.07537 0.0780963 0)
(2.08818 0.0797645 0)
(2.09384 0.0903191 0)
(2.09441 0.105595 0)
(2.09985 0.111119 0)
(2.11593 0.109855 0)
(2.13361 0.1086 0)
(2.15215 0.10248 0)
(2.16774 0.0959922 0)
(2.18234 0.091398 0)
(2.18825 0.0906102 0)
(2.18466 0.0983632 0)
(2.18444 0.108548 0)
(2.19645 0.114425 0)
(2.21181 0.117479 0)
(2.22725 0.119029 0)
(2.24458 0.119551 0)
(2.26138 0.119716 0)
(2.27709 0.120864 0)
(2.28685 0.125915 0)
(2.28168 0.133424 0)
(2.27602 0.134076 0)
(2.28663 0.129811 0)
(2.30076 0.127443 0)
(2.31608 0.125091 0)
(2.33364 0.124359 0)
(2.34767 0.125241 0)
(2.36878 0.128099 0)
(1.51649 0.8281 0)
(1.61493 0.810082 0)
(1.71872 0.779866 0)
(1.81838 0.737869 0)
(1.91358 0.683172 0)
(1.99761 0.636669 0)
(2.07774 0.585726 0)
(2.16919 0.504186 0)
(2.23783 0.424455 0)
(2.27735 0.397703 0)
(2.33268 0.339777 0)
(2.40051 0.242794 0)
(2.43801 0.200278 0)
(2.45665 0.175045 0)
(2.50884 0.101497 0)
(2.53643 0.0261199 0)
(2.56115 0.00169711 0)
(2.56573 -0.0100822 0)
(2.5932 -0.0757605 0)
(2.61574 -0.136463 0)
(2.6388 -0.163446 0)
(2.67582 -0.20368 0)
(2.68798 -0.233329 0)
(2.65509 -0.308302 0)
(2.59534 -0.415379 0)
(2.32992 -0.718828 0)
(2.14042 -0.918769 0)
(2.04308 -0.97718 0)
(2.05356 -0.980624 0)
(2.06827 -0.97069 0)
(2.0704 -0.952298 0)
(2.07002 -0.933502 0)
(2.07533 -0.923403 0)
(2.08388 -0.904975 0)
(2.08963 -0.875038 0)
(2.09832 -0.832928 0)
(2.11863 -0.801071 0)
(2.12079 -0.742926 0)
(2.09947 -0.647888 0)
(2.02495 -0.479662 0)
(1.87206 -0.229839 0)
(1.7927 -0.0936931 0)
(1.7592 -0.0309267 0)
(1.76497 -0.0307573 0)
(1.78098 -0.025576 0)
(1.79948 -0.0230676 0)
(1.80212 -0.0102226 0)
(1.80019 0.016049 0)
(1.80996 0.0317807 0)
(1.82857 0.0359406 0)
(1.85057 0.0348355 0)
(1.87333 0.0296586 0)
(1.89065 0.0288132 0)
(1.9064 0.0315227 0)
(1.91447 0.0418766 0)
(1.91302 0.0600493 0)
(1.91972 0.0696549 0)
(1.9357 0.0716821 0)
(1.95518 0.0721291 0)
(1.97955 0.0674618 0)
(1.99796 0.0649944 0)
(2.01492 0.0666165 0)
(2.0268 0.0716117 0)
(2.02771 0.0838777 0)
(2.02548 0.0981223 0)
(2.03502 0.1024 0)
(2.05042 0.102412 0)
(2.06656 0.100723 0)
(2.08426 0.097998 0)
(2.1017 0.0972569 0)
(2.11643 0.0984902 0)
(2.12323 0.105334 0)
(2.12182 0.118313 0)
(2.12643 0.125657 0)
(2.14021 0.124869 0)
(2.156 0.120527 0)
(2.17172 0.112725 0)
(2.18558 0.104817 0)
(2.19677 0.0992598 0)
(2.20288 0.101221 0)
(2.20637 0.114818 0)
(2.21016 0.130987 0)
(2.2198 0.140381 0)
(2.23579 0.143541 0)
(2.2516 0.144647 0)
(2.26778 0.143124 0)
(2.2828 0.140084 0)
(2.29572 0.136901 0)
(2.29723 0.13764 0)
(2.28997 0.144744 0)
(2.29733 0.149083 0)
(2.31113 0.150412 0)
(2.32515 0.150055 0)
(2.34157 0.148489 0)
(2.35465 0.146879 0)
(2.37952 0.146723 0)
(1.51596 0.829297 0)
(1.60605 0.809871 0)
(1.69195 0.788565 0)
(1.78049 0.755055 0)
(1.87962 0.699267 0)
(1.95543 0.663764 0)
(2.0205 0.6289 0)
(2.11173 0.553619 0)
(2.18757 0.475278 0)
(2.22969 0.452732 0)
(2.27107 0.413426 0)
(2.34441 0.325021 0)
(2.39485 0.251236 0)
(2.42215 0.235875 0)
(2.43927 0.202671 0)
(2.48666 0.125996 0)
(2.52061 0.0656784 0)
(2.54691 0.0429642 0)
(2.56282 0.00658549 0)
(2.57853 -0.0405306 0)
(2.60782 -0.0857497 0)
(2.62901 -0.0945702 0)
(2.63823 -0.16405 0)
(2.5807 -0.275384 0)
(2.31097 -0.588123 0)
(2.10832 -0.802923 0)
(2.02426 -0.896242 0)
(2.04375 -0.898464 0)
(2.06694 -0.899946 0)
(2.08539 -0.912131 0)
(2.0961 -0.92075 0)
(2.09651 -0.91833 0)
(2.10246 -0.915455 0)
(2.10871 -0.918658 0)
(2.12017 -0.919646 0)
(2.14192 -0.91203 0)
(2.16319 -0.893992 0)
(2.176 -0.875101 0)
(2.1795 -0.847744 0)
(2.17177 -0.785328 0)
(2.11159 -0.633258 0)
(1.99007 -0.386906 0)
(1.85358 -0.147768 0)
(1.81303 -0.050707 0)
(1.81687 -0.0318218 0)
(1.82346 -0.015315 0)
(1.83436 0.00317416 0)
(1.83818 0.0167941 0)
(1.83895 0.0376175 0)
(1.85108 0.049095 0)
(1.86911 0.0517115 0)
(1.88954 0.0499613 0)
(1.91039 0.0417865 0)
(1.92695 0.0388717 0)
(1.94176 0.0411057 0)
(1.94905 0.0521962 0)
(1.94937 0.0720729 0)
(1.95672 0.0847495 0)
(1.97282 0.0882746 0)
(1.9899 0.0887648 0)
(2.01017 0.0869693 0)
(2.02836 0.0834654 0)
(2.04437 0.0821616 0)
(2.05499 0.0848085 0)
(2.05657 0.096571 0)
(2.05587 0.111274 0)
(2.0644 0.116447 0)
(2.08047 0.117332 0)
(2.09711 0.117529 0)
(2.11444 0.115673 0)
(2.13082 0.114022 0)
(2.14483 0.112206 0)
(2.15032 0.118037 0)
(2.15147 0.130541 0)
(2.15587 0.137318 0)
(2.16651 0.136083 0)
(2.17892 0.132128 0)
(2.1907 0.12727 0)
(2.20337 0.12385 0)
(2.2166 0.123347 0)
(2.22793 0.126808 0)
(2.23488 0.138155 0)
(2.23897 0.154102 0)
(2.24427 0.165154 0)
(2.25581 0.167533 0)
(2.27142 0.165851 0)
(2.28727 0.161997 0)
(2.30105 0.156322 0)
(2.30904 0.152738 0)
(2.31011 0.159437 0)
(2.31006 0.172145 0)
(2.31519 0.177443 0)
(2.3283 0.17546 0)
(2.34411 0.172767 0)
(2.35846 0.166947 0)
(2.37965 0.162827 0)
(1.52335 0.821572 0)
(1.60465 0.805694 0)
(1.67873 0.789781 0)
(1.76578 0.756222 0)
(1.84993 0.717388 0)
(1.91431 0.693752 0)
(1.99334 0.644155 0)
(2.08017 0.568232 0)
(2.13257 0.533773 0)
(2.16866 0.514417 0)
(2.24113 0.445548 0)
(2.30923 0.358473 0)
(2.34996 0.321779 0)
(2.37331 0.304498 0)
(2.41011 0.251323 0)
(2.45145 0.188283 0)
(2.48777 0.136052 0)
(2.51627 0.095109 0)
(2.52996 0.0775579 0)
(2.5589 0.0274929 0)
(2.5704 0.00339673 0)
(2.57517 -0.063503 0)
(2.5342 -0.183488 0)
(2.30669 -0.481808 0)
(2.08993 -0.69783 0)
(1.9974 -0.805088 0)
(2.01346 -0.807281 0)
(2.03495 -0.818111 0)
(2.06079 -0.837127 0)
(2.08391 -0.86367 0)
(2.10293 -0.88433 0)
(2.11721 -0.898284 0)
(2.11704 -0.901508 0)
(2.12372 -0.893144 0)
(2.14345 -0.892177 0)
(2.15766 -0.895494 0)
(2.17504 -0.900377 0)
(2.19775 -0.896719 0)
(2.21172 -0.890096 0)
(2.22307 -0.886056 0)
(2.21631 -0.841785 0)
(2.19551 -0.760971 0)
(2.10152 -0.57318 0)
(1.96162 -0.284184 0)
(1.87758 -0.104299 0)
(1.85829 -0.0310048 0)
(1.86442 0.00161105 0)
(1.86578 0.021449 0)
(1.8726 0.0371055 0)
(1.87168 0.0519754 0)
(1.88401 0.0623878 0)
(1.90212 0.0639275 0)
(1.92178 0.0622785 0)
(1.94243 0.0543801 0)
(1.95811 0.0511789 0)
(1.97284 0.0547536 0)
(1.98189 0.0676287 0)
(1.98489 0.0870365 0)
(1.98951 0.0996025 0)
(2.00312 0.102973 0)
(2.0191 0.102512 0)
(2.03551 0.10054 0)
(2.05228 0.0990721 0)
(2.0681 0.0981595 0)
(2.08019 0.100206 0)
(2.08476 0.111013 0)
(2.08486 0.126318 0)
(2.09173 0.133894 0)
(2.10512 0.135027 0)
(2.12025 0.133366 0)
(2.13672 0.130032 0)
(2.15316 0.127186 0)
(2.16744 0.125862 0)
(2.17686 0.130638 0)
(2.17993 0.142439 0)
(2.18155 0.151326 0)
(2.19264 0.151631 0)
(2.20644 0.150661 0)
(2.2199 0.150784 0)
(2.23331 0.152006 0)
(2.24664 0.153925 0)
(2.25853 0.157119 0)
(2.26573 0.163656 0)
(2.26813 0.174535 0)
(2.27242 0.183455 0)
(2.28299 0.185421 0)
(2.29584 0.183669 0)
(2.30759 0.180449 0)
(2.31871 0.17785 0)
(2.32868 0.177364 0)
(2.33616 0.180705 0)
(2.34038 0.187631 0)
(2.34444 0.191789 0)
(2.3525 0.191638 0)
(2.36285 0.183881 0)
(2.37493 0.177116 0)
(1.53266 0.827337 0)
(1.60059 0.815923 0)
(1.66938 0.798555 0)
(1.74722 0.768471 0)
(1.82061 0.7389 0)
(1.88445 0.713121 0)
(1.96068 0.665837 0)
(2.03247 0.608526 0)
(2.08051 0.584898 0)
(2.13265 0.548107 0)
(2.20776 0.474537 0)
(2.25812 0.413316 0)
(2.28291 0.405088 0)
(2.32112 0.36888 0)
(2.3838 0.284358 0)
(2.41632 0.234 0)
(2.43487 0.22124 0)
(2.45797 0.191558 0)
(2.50567 0.126197 0)
(2.51809 0.104875 0)
(2.52182 0.0294757 0)
(2.46681 -0.0942717 0)
(2.2542 -0.40933 0)
(2.08182 -0.613046 0)
(1.98215 -0.718124 0)
(1.99495 -0.718413 0)
(2.00682 -0.73021 0)
(2.029 -0.750041 0)
(2.05463 -0.775564 0)
(2.0784 -0.798602 0)
(2.10243 -0.813721 0)
(2.12245 -0.823532 0)
(2.12815 -0.826925 0)
(2.12203 -0.832937 0)
(2.13928 -0.844504 0)
(2.16208 -0.855149 0)
(2.18416 -0.862012 0)
(2.20678 -0.867272 0)
(2.22955 -0.871792 0)
(2.2471 -0.872791 0)
(2.25887 -0.862323 0)
(2.25731 -0.844098 0)
(2.25275 -0.799944 0)
(2.21591 -0.709516 0)
(2.10858 -0.48603 0)
(1.96305 -0.186055 0)
(1.93622 -0.0634389 0)
(1.91388 0.0038621 0)
(1.90317 0.0336563 0)
(1.90161 0.048253 0)
(1.9048 0.0672125 0)
(1.91436 0.0758675 0)
(1.93328 0.0776112 0)
(1.95052 0.0744062 0)
(1.97142 0.0700509 0)
(1.98912 0.0708803 0)
(2.00419 0.0756219 0)
(2.01353 0.0869586 0)
(2.01488 0.103935 0)
(2.01714 0.114311 0)
(2.02906 0.115871 0)
(2.04479 0.116312 0)
(2.06068 0.116903 0)
(2.07638 0.117495 0)
(2.09279 0.118094 0)
(2.1065 0.120235 0)
(2.11253 0.129837 0)
(2.11289 0.142063 0)
(2.11873 0.146558 0)
(2.13054 0.146716 0)
(2.14437 0.146503 0)
(2.15911 0.146069 0)
(2.17529 0.145466 0)
(2.19067 0.145137 0)
(2.20081 0.148041 0)
(2.20329 0.159258 0)
(2.2033 0.171493 0)
(2.21254 0.176503 0)
(2.22824 0.178262 0)
(2.24401 0.179557 0)
(2.26071 0.181533 0)
(2.27608 0.183159 0)
(2.28957 0.183276 0)
(2.29479 0.186515 0)
(2.29482 0.194255 0)
(2.29733 0.199495 0)
(2.30544 0.200414 0)
(2.31778 0.199601 0)
(2.33251 0.198951 0)
(2.34682 0.19845 0)
(2.35935 0.197933 0)
(2.366 0.199615 0)
(2.36502 0.205203 0)
(2.36362 0.207913 0)
(2.3658 0.2014 0)
(2.37436 0.197105 0)
(1.54433 0.835674 0)
(1.60213 0.824893 0)
(1.66663 0.804908 0)
(1.73929 0.77454 0)
(1.7996 0.7552 0)
(1.86004 0.729391 0)
(1.93851 0.678223 0)
(2.00304 0.634411 0)
(2.04554 0.618588 0)
(2.10233 0.577911 0)
(2.17204 0.509613 0)
(2.22492 0.456516 0)
(2.25246 0.444915 0)
(2.29362 0.404949 0)
(2.33698 0.347805 0)
(2.3803 0.287142 0)
(2.40573 0.267508 0)
(2.44794 0.228762 0)
(2.46272 0.208124 0)
(2.45799 0.125553 0)
(2.40709 -0.0131487 0)
(2.17751 -0.34246 0)
(2.05204 -0.545445 0)
(1.96992 -0.639453 0)
(1.98556 -0.645285 0)
(1.99801 -0.64629 0)
(2.00324 -0.66879 0)
(2.02346 -0.691224 0)
(2.04903 -0.717585 0)
(2.07319 -0.742839 0)
(2.09725 -0.76093 0)
(2.11926 -0.777296 0)
(2.1356 -0.789888 0)
(2.13875 -0.794799 0)
(2.14347 -0.794779 0)
(2.16285 -0.799287 0)
(2.18517 -0.80579 0)
(2.20852 -0.814655 0)
(2.23125 -0.824786 0)
(2.25229 -0.83564 0)
(2.27155 -0.843203 0)
(2.2866 -0.835273 0)
(2.28527 -0.813837 0)
(2.29007 -0.799903 0)
(2.29015 -0.762366 0)
(2.24045 -0.638414 0)
(2.13625 -0.386425 0)
(2.01342 -0.125129 0)
(1.98734 -0.0237721 0)
(1.9515 0.0243945 0)
(1.94133 0.0599401 0)
(1.93884 0.0792898 0)
(1.95113 0.0914254 0)
(1.96849 0.0936618 0)
(1.98512 0.0917497 0)
(2.00515 0.0916437 0)
(2.02192 0.0953953 0)
(2.03567 0.10078 0)
(2.04096 0.111066 0)
(2.03738 0.124657 0)
(2.04283 0.131914 0)
(2.05838 0.133595 0)
(2.0754 0.134758 0)
(2.0922 0.136254 0)
(2.10796 0.138482 0)
(2.12255 0.141318 0)
(2.13312 0.145997 0)
(2.13403 0.153384 0)
(2.13286 0.159044 0)
(2.1424 0.161488 0)
(2.15691 0.163644 0)
(2.17224 0.166801 0)
(2.18702 0.170434 0)
(2.20083 0.173459 0)
(2.21338 0.176161 0)
(2.22174 0.179553 0)
(2.22287 0.185854 0)
(2.22677 0.193234 0)
(2.23884 0.198248 0)
(2.25277 0.201401 0)
(2.26691 0.203133 0)
(2.28054 0.203916 0)
(2.29454 0.205886 0)
(2.30722 0.207513 0)
(2.3136 0.20974 0)
(2.31214 0.212442 0)
(2.31515 0.214411 0)
(2.32648 0.216685 0)
(2.34001 0.21871 0)
(2.35411 0.219089 0)
(2.36733 0.218505 0)
(2.37726 0.218925 0)
(2.38042 0.221709 0)
(2.37596 0.223924 0)
(2.37362 0.219643 0)
(2.38595 0.21839 0)
(1.56128 0.845596 0)
(1.61106 0.832724 0)
(1.67315 0.808597 0)
(1.733 0.786658 0)
(1.78356 0.771758 0)
(1.8465 0.740609 0)
(1.9185 0.693136 0)
(1.96967 0.669278 0)
(2.01148 0.650667 0)
(2.07922 0.599444 0)
(2.14279 0.533638 0)
(2.17802 0.514462 0)
(2.20295 0.500644 0)
(2.25832 0.449025 0)
(2.31581 0.369918 0)
(2.3427 0.344207 0)
(2.37359 0.330816 0)
(2.40469 0.310853 0)
(2.3895 0.212035 0)
(2.34558 0.0600182 0)
(2.10496 -0.256795 0)
(1.99432 -0.443459 0)
(1.94794 -0.554412 0)
(1.96191 -0.575204 0)
(1.98668 -0.585599 0)
(2.00277 -0.599738 0)
(2.00473 -0.617234 0)
(2.01754 -0.639062 0)
(2.04282 -0.662235 0)
(2.0667 -0.686376 0)
(2.09043 -0.704469 0)
(2.11382 -0.719071 0)
(2.13492 -0.730868 0)
(2.14925 -0.735352 0)
(2.15093 -0.732574 0)
(2.1622 -0.738682 0)
(2.18477 -0.749671 0)
(2.20832 -0.760578 0)
(2.2319 -0.770006 0)
(2.25531 -0.77633 0)
(2.27781 -0.784312 0)
(2.29629 -0.799376 0)
(2.3101 -0.802065 0)
(2.31616 -0.779925 0)
(2.32597 -0.770227 0)
(2.33631 -0.761668 0)
(2.33423 -0.712594 0)
(2.27215 -0.562947 0)
(2.17035 -0.312517 0)
(2.05938 -0.0907506 0)
(2.02505 0.0112696 0)
(1.98783 0.0620968 0)
(1.98037 0.0911351 0)
(1.99615 0.111351 0)
(2.01244 0.112606 0)
(2.02658 0.111431 0)
(2.04411 0.115283 0)
(2.05775 0.121158 0)
(2.06414 0.127097 0)
(2.06156 0.134473 0)
(2.06677 0.14035 0)
(2.08123 0.144534 0)
(2.09718 0.149047 0)
(2.11265 0.154354 0)
(2.12684 0.159789 0)
(2.13953 0.164093 0)
(2.14947 0.166995 0)
(2.1518 0.16931 0)
(2.15031 0.170289 0)
(2.1598 0.17325 0)
(2.17458 0.178129 0)
(2.19012 0.18449 0)
(2.20529 0.190867 0)
(2.21979 0.196114 0)
(2.23307 0.200099 0)
(2.24274 0.203322 0)
(2.24495 0.20692 0)
(2.24494 0.211451 0)
(2.25203 0.214289 0)
(2.26397 0.215935 0)
(2.27647 0.217783 0)
(2.28857 0.220795 0)
(2.30045 0.224474 0)
(2.3109 0.227451 0)
(2.31808 0.230011 0)
(2.32132 0.23133 0)
(2.32718 0.23228 0)
(2.33893 0.232875 0)
(2.35225 0.233537 0)
(2.36519 0.234141 0)
(2.37661 0.234621 0)
(2.38669 0.234499 0)
(2.39294 0.234288 0)
(2.39001 0.237257 0)
(2.38865 0.239294 0)
(2.40284 0.245063 0)
(1.57368 0.864546 0)
(1.62231 0.844983 0)
(1.67743 0.820864 0)
(1.72502 0.805783 0)
(1.77349 0.787329 0)
(1.84046 0.749527 0)
(1.90101 0.712444 0)
(1.94353 0.698771 0)
(1.98944 0.672152 0)
(2.05901 0.616729 0)
(2.11094 0.570302 0)
(2.14075 0.559742 0)
(2.1781 0.528702 0)
(2.24287 0.461532 0)
(2.27678 0.423927 0)
(2.3105 0.400744 0)
(2.34598 0.383798 0)
(2.32709 0.282953 0)
(2.26641 0.08806 0)
(2.04534 -0.209739 0)
(1.91284 -0.384681 0)
(1.90732 -0.468659 0)
(1.92376 -0.491135 0)
(1.95381 -0.517189 0)
(1.98148 -0.541674 0)
(2.00324 -0.560716 0)
(2.01386 -0.575621 0)
(2.01573 -0.590464 0)
(2.03556 -0.611453 0)
(2.05965 -0.631581 0)
(2.08403 -0.649886 0)
(2.1088 -0.666569 0)
(2.13265 -0.681871 0)
(2.15408 -0.69417 0)
(2.16927 -0.697522 0)
(2.17637 -0.692277 0)
(2.18766 -0.691753 0)
(2.20836 -0.700015 0)
(2.23234 -0.711506 0)
(2.25663 -0.724328 0)
(2.28052 -0.735282 0)
(2.30276 -0.744454 0)
(2.32349 -0.748595 0)
(2.33884 -0.753463 0)
(2.35035 -0.743969 0)
(2.35899 -0.728208 0)
(2.37563 -0.730461 0)
(2.38114 -0.716001 0)
(2.37563 -0.656445 0)
(2.30538 -0.49045 0)
(2.20044 -0.244157 0)
(2.10589 -0.0552004 0)
(2.06366 0.0330419 0)
(2.03857 0.112186 0)
(2.04278 0.126958 0)
(2.05719 0.129506 0)
(2.07572 0.131939 0)
(2.08516 0.138696 0)
(2.08883 0.144959 0)
(2.08628 0.151421 0)
(2.0928 0.158334 0)
(2.10753 0.162738 0)
(2.12274 0.165864 0)
(2.13765 0.170155 0)
(2.15163 0.176327 0)
(2.16267 0.183209 0)
(2.16719 0.189604 0)
(2.16186 0.192739 0)
(2.16361 0.194077 0)
(2.17878 0.196272 0)
(2.19424 0.198699 0)
(2.21025 0.201457 0)
(2.22591 0.206119 0)
(2.23974 0.214053 0)
(2.24991 0.222845 0)
(2.25604 0.228814 0)
(2.2598 0.231626 0)
(2.26218 0.231504 0)
(2.26661 0.230233 0)
(2.27482 0.230714 0)
(2.28707 0.232335 0)
(2.30057 0.235342 0)
(2.31387 0.239144 0)
(2.3251 0.242968 0)
(2.33241 0.246394 0)
(2.33653 0.249396 0)
(2.34184 0.252309 0)
(2.35169 0.252019 0)
(2.3645 0.25091 0)
(2.37805 0.24902 0)
(2.39089 0.246908 0)
(2.40093 0.2459 0)
(2.40696 0.245038 0)
(2.40564 0.250119 0)
(2.40575 0.2616 0)
(2.4216 0.271196 0)
(1.594 0.873552 0)
(1.64103 0.851259 0)
(1.68501 0.834473 0)
(1.72382 0.82316 0)
(1.77722 0.796181 0)
(1.83985 0.757342 0)
(1.88561 0.737112 0)
(1.91949 0.726372 0)
(1.97673 0.689091 0)
(2.04228 0.6321 0)
(2.08372 0.606007 0)
(2.10561 0.598105 0)
(2.16256 0.55405 0)
(2.2133 0.501258 0)
(2.25283 0.46343 0)
(2.28259 0.447512 0)
(2.26136 0.352852 0)
(2.15785 0.119856 0)
(2.00737 -0.182201 0)
(1.8777 -0.323558 0)
(1.87544 -0.385277 0)
(1.88821 -0.395013 0)
(1.91388 -0.427563 0)
(1.94498 -0.464208 0)
(1.97241 -0.495519 0)
(1.99678 -0.517521 0)
(2.016 -0.534818 0)
(2.02237 -0.547026 0)
(2.03117 -0.562612 0)
(2.05445 -0.581092 0)
(2.07976 -0.597779 0)
(2.10554 -0.613619 0)
(2.13105 -0.628265 0)
(2.15576 -0.641504 0)
(2.17793 -0.650972 0)
(2.19281 -0.653849 0)
(2.20227 -0.650644 0)
(2.21615 -0.65015 0)
(2.23578 -0.654093 0)
(2.25733 -0.66087 0)
(2.28018 -0.67012 0)
(2.30444 -0.682045 0)
(2.32814 -0.692576 0)
(2.3514 -0.698689 0)
(2.37093 -0.69811 0)
(2.38347 -0.701776 0)
(2.39458 -0.693255 0)
(2.40565 -0.68444 0)
(2.42315 -0.687267 0)
(2.42718 -0.667907 0)
(2.41424 -0.595458 0)
(2.33973 -0.424085 0)
(2.2436 -0.204403 0)
(2.12634 0.0197306 0)
(2.11156 0.0891616 0)
(2.11104 0.126846 0)
(2.11054 0.143208 0)
(2.1099 0.155316 0)
(2.11686 0.159105 0)
(2.11884 0.164724 0)
(2.12226 0.177809 0)
(2.1328 0.185603 0)
(2.14815 0.18992 0)
(2.16297 0.192814 0)
(2.17833 0.194061 0)
(2.19155 0.195652 0)
(2.19809 0.199797 0)
(2.19131 0.208454 0)
(2.18711 0.217479 0)
(2.20195 0.220489 0)
(2.218 0.221718 0)
(2.23291 0.222627 0)
(2.24686 0.224463 0)
(2.26068 0.228167 0)
(2.27158 0.234586 0)
(2.27526 0.2445 0)
(2.27012 0.252444 0)
(2.26791 0.253272 0)
(2.2785 0.25081 0)
(2.29178 0.247655 0)
(2.30473 0.246233 0)
(2.3184 0.246472 0)
(2.33245 0.24829 0)
(2.34467 0.253006 0)
(2.35159 0.261298 0)
(2.34987 0.269784 0)
(2.34613 0.271629 0)
(2.3527 0.270429 0)
(2.36517 0.26935 0)
(2.3795 0.268244 0)
(2.39421 0.2676 0)
(2.40852 0.267115 0)
(2.41952 0.266647 0)
(2.42532 0.272897 0)
(2.42511 0.287859 0)
(2.43018 0.295066 0)
(1.62062 0.887127 0)
(1.65896 0.869473 0)
(1.69265 0.858142 0)
(1.73381 0.837731 0)
(1.78835 0.803821 0)
(1.83533 0.777134 0)
(1.86685 0.769003 0)
(1.90835 0.744774 0)
(1.97356 0.695317 0)
(2.02656 0.651127 0)
(2.04958 0.647625 0)
(2.08765 0.624559 0)
(2.14824 0.576033 0)
(2.19254 0.531604 0)
(2.22023 0.500879 0)
(2.19562 0.404368 0)
(2.05042 0.163497 0)
(1.90292 -0.119215 0)
(1.84623 -0.293046 0)
(1.83917 -0.350631 0)
(1.86353 -0.346383 0)
(1.87936 -0.353312 0)
(1.9008 -0.380959 0)
(1.93054 -0.416874 0)
(1.9595 -0.453003 0)
(1.98691 -0.479376 0)
(2.01203 -0.500076 0)
(2.03014 -0.514892 0)
(2.0396 -0.523911 0)
(2.05473 -0.535693 0)
(2.07905 -0.549501 0)
(2.10592 -0.564355 0)
(2.13269 -0.580003 0)
(2.15851 -0.59457 0)
(2.18359 -0.605348 0)
(2.20589 -0.611895 0)
(2.22234 -0.612263 0)
(2.23402 -0.610787 0)
(2.2495 -0.613874 0)
(2.27081 -0.620031 0)
(2.29421 -0.625527 0)
(2.31779 -0.630848 0)
(2.34061 -0.638909 0)
(2.36284 -0.648227 0)
(2.38327 -0.654335 0)
(2.4 -0.655391 0)
(2.41281 -0.655173 0)
(2.42495 -0.656464 0)
(2.4387 -0.647818 0)
(2.44977 -0.638577 0)
(2.46977 -0.641236 0)
(2.47278 -0.619764 0)
(2.45381 -0.542294 0)
(2.3609 -0.344887 0)
(2.29078 -0.146023 0)
(2.19625 0.0392196 0)
(2.16235 0.127818 0)
(2.14987 0.15992 0)
(2.14672 0.169598 0)
(2.15003 0.17904 0)
(2.15542 0.194098 0)
(2.1557 0.207926 0)
(2.16947 0.215171 0)
(2.18828 0.216219 0)
(2.20318 0.214397 0)
(2.21602 0.211106 0)
(2.22637 0.208463 0)
(2.22836 0.214209 0)
(2.22432 0.230599 0)
(2.22152 0.244366 0)
(2.23181 0.248392 0)
(2.24778 0.250237 0)
(2.26368 0.251339 0)
(2.27843 0.250998 0)
(2.29162 0.251583 0)
(2.30056 0.254916 0)
(2.29616 0.262142 0)
(2.28712 0.271424 0)
(2.29154 0.27346 0)
(2.30457 0.272606 0)
(2.31915 0.271479 0)
(2.33407 0.269509 0)
(2.34857 0.269365 0)
(2.3632 0.271314 0)
(2.37427 0.275566 0)
(2.37324 0.282848 0)
(2.36042 0.28839 0)
(2.36352 0.288829 0)
(2.37693 0.289116 0)
(2.39126 0.290007 0)
(2.4058 0.291756 0)
(2.41975 0.294206 0)
(2.43228 0.29638 0)
(2.4436 0.299549 0)
(2.44809 0.305213 0)
(2.44655 0.311394 0)
(1.63535 0.909762 0)
(1.66853 0.894585 0)
(1.70249 0.878211 0)
(1.74565 0.85144 0)
(1.79217 0.820313 0)
(1.82676 0.805008 0)
(1.85729 0.79126 0)
(1.9099 0.754266 0)
(1.96896 0.70398 0)
(2.00154 0.687908 0)
(2.02317 0.68281 0)
(2.08287 0.645269 0)
(2.12797 0.60372 0)
(2.1539 0.547361 0)
(2.12141 0.421653 0)
(1.9778 0.175261 0)
(1.79423 -0.0751957 0)
(1.78046 -0.186677 0)
(1.81138 -0.244907 0)
(1.84033 -0.269025 0)
(1.86862 -0.293165 0)
(1.88205 -0.319048 0)
(1.89134 -0.349131 0)
(1.91752 -0.378159 0)
(1.94693 -0.407339 0)
(1.97616 -0.43208 0)
(2.00543 -0.451801 0)
(2.03265 -0.469342 0)
(2.05329 -0.483132 0)
(2.06669 -0.49302 0)
(2.08433 -0.504252 0)
(2.10989 -0.518006 0)
(2.13751 -0.532552 0)
(2.16463 -0.547459 0)
(2.19115 -0.560249 0)
(2.21678 -0.57015 0)
(2.23959 -0.575158 0)
(2.2569 -0.573823 0)
(2.26909 -0.56922 0)
(2.28262 -0.567661 0)
(2.30211 -0.570578 0)
(2.32527 -0.574846 0)
(2.3483 -0.581504 0)
(2.37063 -0.587919 0)
(2.39184 -0.594059 0)
(2.4109 -0.600901 0)
(2.42756 -0.602086 0)
(2.44023 -0.602191 0)
(2.45235 -0.608337 0)
(2.46834 -0.607827 0)
(2.48577 -0.603899 0)
(2.49719 -0.600082 0)
(2.51346 -0.59709 0)
(2.51135 -0.568146 0)
(2.49111 -0.482453 0)
(2.40689 -0.299465 0)
(2.30514 -0.0699465 0)
(2.25731 0.0546666 0)
(2.2149 0.144262 0)
(2.18945 0.181884 0)
(2.18097 0.206833 0)
(2.18968 0.219007 0)
(2.20171 0.229098 0)
(2.20663 0.239971 0)
(2.21438 0.239847 0)
(2.22843 0.237093 0)
(2.24202 0.234622 0)
(2.2545 0.23396 0)
(2.26097 0.236621 0)
(2.25937 0.248505 0)
(2.25608 0.266018 0)
(2.26021 0.275746 0)
(2.2723 0.278375 0)
(2.28901 0.278821 0)
(2.30661 0.275871 0)
(2.31973 0.269835 0)
(2.32495 0.266794 0)
(2.31908 0.277465 0)
(2.31499 0.291568 0)
(2.32464 0.296369 0)
(2.33872 0.296929 0)
(2.35246 0.297051 0)
(2.36747 0.297059 0)
(2.38115 0.297712 0)
(2.39449 0.296545 0)
(2.39812 0.294633 0)
(2.38252 0.300507 0)
(2.37941 0.307043 0)
(2.39443 0.309095 0)
(2.41009 0.310958 0)
(2.42466 0.313514 0)
(2.43873 0.318094 0)
(2.45052 0.321994 0)
(2.46268 0.324382 0)
(2.46899 0.326298 0)
(2.46234 0.330314 0)
(1.65279 0.925563 0)
(1.68459 0.908925 0)
(1.71724 0.890088 0)
(1.75953 0.861837 0)
(1.79831 0.837019 0)
(1.82441 0.827718 0)
(1.8601 0.804963 0)
(1.9182 0.759837 0)
(1.9621 0.72774 0)
(1.97672 0.728525 0)
(2.02712 0.700704 0)
(2.0695 0.670256 0)
(2.07761 0.588946 0)
(2.02636 0.422022 0)
(1.88846 0.142349 0)
(1.74416 -0.0573704 0)
(1.71709 -0.15808 0)
(1.75866 -0.182266 0)
(1.79234 -0.197702 0)
(1.83012 -0.229533 0)
(1.86144 -0.269467 0)
(1.88385 -0.29893 0)
(1.89576 -0.317511 0)
(1.91183 -0.338847 0)
(1.94254 -0.364132 0)
(1.97544 -0.39278 0)
(2.00686 -0.417714 0)
(2.03693 -0.437357 0)
(2.06448 -0.452754 0)
(2.08638 -0.462598 0)
(2.10263 -0.467316 0)
(2.12089 -0.474031 0)
(2.14589 -0.485129 0)
(2.17352 -0.498161 0)
(2.2009 -0.510545 0)
(2.22754 -0.522235 0)
(2.2526 -0.532054 0)
(2.27471 -0.538253 0)
(2.29254 -0.539784 0)
(2.30707 -0.53841 0)
(2.32263 -0.536837 0)
(2.34173 -0.534704 0)
(2.362 -0.53749 0)
(2.38297 -0.541955 0)
(2.40355 -0.546539 0)
(2.42282 -0.552513 0)
(2.44117 -0.555095 0)
(2.45579 -0.556737 0)
(2.4685 -0.5546 0)
(2.48038 -0.555045 0)
(2.49505 -0.55991 0)
(2.51269 -0.563889 0)
(2.52831 -0.562729 0)
(2.53768 -0.561319 0)
(2.54882 -0.551024 0)
(2.544 -0.518641 0)
(2.5149 -0.420843 0)
(2.44452 -0.242303 0)
(2.3308 0.00420786 0)
(2.2852 0.111367 0)
(2.24637 0.178493 0)
(2.23979 0.212556 0)
(2.23467 0.23598 0)
(2.23661 0.25046 0)
(2.23627 0.263808 0)
(2.24066 0.265596 0)
(2.25545 0.262671 0)
(2.27139 0.26187 0)
(2.28563 0.262848 0)
(2.29299 0.266522 0)
(2.29201 0.275738 0)
(2.28867 0.287761 0)
(2.29507 0.294891 0)
(2.30814 0.298267 0)
(2.31998 0.298453 0)
(2.32929 0.294669 0)
(2.33779 0.291375 0)
(2.34334 0.29245 0)
(2.34521 0.303828 0)
(2.34735 0.318245 0)
(2.35384 0.326289 0)
(2.36445 0.328898 0)
(2.37685 0.328912 0)
(2.38989 0.326044 0)
(2.40084 0.322053 0)
(2.40748 0.317075 0)
(2.40588 0.313985 0)
(2.40301 0.322555 0)
(2.40761 0.332248 0)
(2.41792 0.339147 0)
(2.43003 0.345578 0)
(2.4424 0.349728 0)
(2.45573 0.350329 0)
(2.46681 0.349185 0)
(2.47302 0.349128 0)
(2.47664 0.348744 0)
(1.67354 0.945524 0)
(1.70515 0.927796 0)
(1.73851 0.90431 0)
(1.77616 0.876918 0)
(1.80097 0.864943 0)
(1.8258 0.852374 0)
(1.87513 0.814612 0)
(1.92585 0.771662 0)
(1.94303 0.771688 0)
(1.97716 0.751902 0)
(2.01789 0.726725 0)
(2.01357 0.62724 0)
(1.92327 0.417392 0)
(1.77287 0.143556 0)
(1.72363 -0.00784935 0)
(1.71678 -0.0691853 0)
(1.73362 -0.113721 0)
(1.75106 -0.135514 0)
(1.77885 -0.164876 0)
(1.81462 -0.197714 0)
(1.85174 -0.237512 0)
(1.88206 -0.263531 0)
(1.90745 -0.284632 0)
(1.92293 -0.302785 0)
(1.94358 -0.324386 0)
(1.97538 -0.346908 0)
(2.00901 -0.369785 0)
(2.04225 -0.391592 0)
(2.074 -0.410702 0)
(2.10266 -0.42659 0)
(2.12574 -0.436738 0)
(2.1441 -0.441491 0)
(2.16367 -0.445886 0)
(2.18721 -0.453767 0)
(2.21267 -0.463017 0)
(2.23841 -0.472491 0)
(2.2636 -0.481436 0)
(2.28764 -0.489099 0)
(2.30968 -0.49364 0)
(2.32755 -0.495603 0)
(2.34224 -0.497138 0)
(2.35844 -0.496004 0)
(2.37602 -0.496374 0)
(2.3944 -0.495732 0)
(2.41186 -0.495908 0)
(2.42831 -0.499584 0)
(2.44607 -0.499004 0)
(2.46285 -0.5006 0)
(2.47903 -0.499935 0)
(2.49295 -0.500755 0)
(2.50645 -0.505116 0)
(2.52104 -0.507818 0)
(2.53555 -0.517579 0)
(2.55026 -0.522468 0)
(2.56242 -0.521123 0)
(2.56661 -0.518555 0)
(2.57791 -0.499113 0)
(2.57294 -0.460775 0)
(2.53728 -0.352009 0)
(2.4693 -0.170025 0)
(2.35783 0.0670239 0)
(2.31283 0.164204 0)
(2.29184 0.209302 0)
(2.28535 0.240238 0)
(2.26677 0.269065 0)
(2.26534 0.286155 0)
(2.27442 0.289035 0)
(2.28537 0.290623 0)
(2.30033 0.291702 0)
(2.31387 0.293465 0)
(2.32109 0.295908 0)
(2.31864 0.301426 0)
(2.31604 0.308833 0)
(2.32076 0.317588 0)
(2.32889 0.323615 0)
(2.3381 0.325439 0)
(2.3482 0.323907 0)
(2.35843 0.323448 0)
(2.36781 0.327188 0)
(2.37393 0.33578 0)
(2.37843 0.345038 0)
(2.38582 0.348769 0)
(2.39473 0.348125 0)
(2.40253 0.347361 0)
(2.40661 0.346288 0)
(2.40881 0.344193 0)
(2.41499 0.343915 0)
(2.42172 0.34579 0)
(2.42821 0.350741 0)
(2.43786 0.358593 0)
(2.4492 0.367074 0)
(2.4601 0.371457 0)
(2.47073 0.372151 0)
(2.48003 0.370278 0)
(2.48687 0.367477 0)
(2.49328 0.367483 0)
(1.69233 0.963746 0)
(1.71603 0.951206 0)
(1.75682 0.922976 0)
(1.78472 0.904432 0)
(1.80431 0.89537 0)
(1.84336 0.866496 0)
(1.89128 0.822661 0)
(1.91713 0.810921 0)
(1.93441 0.803724 0)
(1.9629 0.761908 0)
(1.94069 0.623165 0)
(1.85511 0.400861 0)
(1.68553 0.156041 0)
(1.65203 0.0232839 0)
(1.68907 -0.0513798 0)
(1.71839 -0.0743061 0)
(1.74241 -0.0824051 0)
(1.76053 -0.113772 0)
(1.78325 -0.150974 0)
(1.81995 -0.182011 0)
(1.85932 -0.216114 0)
(1.89156 -0.239623 0)
(1.92031 -0.258854 0)
(1.9398 -0.278561 0)
(1.95758 -0.300891 0)
(1.98887 -0.32264 0)
(2.0237 -0.342308 0)
(2.05736 -0.360352 0)
(2.08914 -0.375662 0)
(2.11847 -0.388484 0)
(2.14424 -0.398521 0)
(2.16578 -0.405808 0)
(2.1851 -0.411665 0)
(2.20588 -0.418264 0)
(2.22885 -0.424819 0)
(2.25276 -0.430569 0)
(2.27656 -0.435275 0)
(2.29966 -0.440239 0)
(2.32244 -0.443626 0)
(2.34257 -0.44683 0)
(2.35857 -0.451582 0)
(2.37368 -0.453466 0)
(2.38989 -0.457362 0)
(2.40857 -0.459849 0)
(2.42761 -0.461655 0)
(2.44516 -0.46471 0)
(2.46232 -0.462937 0)
(2.47742 -0.460267 0)
(2.49035 -0.452691 0)
(2.49995 -0.448197 0)
(2.50992 -0.450527 0)
(2.52432 -0.452928 0)
(2.54135 -0.460719 0)
(2.558 -0.463488 0)
(2.57296 -0.477426 0)
(2.58415 -0.48824 0)
(2.59595 -0.474203 0)
(2.59772 -0.466381 0)
(2.60676 -0.440182 0)
(2.59907 -0.398713 0)
(2.56399 -0.297034 0)
(2.46937 -0.0807875 0)
(2.42783 0.0664937 0)
(2.33206 0.221502 0)
(2.31033 0.262896 0)
(2.30743 0.28782 0)
(2.30445 0.303426 0)
(2.30504 0.317784 0)
(2.31052 0.324264 0)
(2.32067 0.3288 0)
(2.33096 0.330082 0)
(2.33516 0.324832 0)
(2.33588 0.320445 0)
(2.34075 0.326605 0)
(2.34977 0.337153 0)
(2.3574 0.34761 0)
(2.36203 0.354677 0)
(2.36789 0.357482 0)
(2.37765 0.360579 0)
(2.38836 0.3645 0)
(2.39693 0.367965 0)
(2.40303 0.368951 0)
(2.40779 0.368129 0)
(2.40901 0.368838 0)
(2.41073 0.369865 0)
(2.4158 0.370786 0)
(2.42309 0.372697 0)
(2.43271 0.374 0)
(2.44444 0.37624 0)
(2.45708 0.381707 0)
(2.46923 0.388024 0)
(2.48026 0.390444 0)
(2.4878 0.392836 0)
(2.48995 0.393036 0)
(2.49084 0.390925 0)
(2.49313 0.392065 0)
(1.81087 0.960369 0)
(1.72501 0.961289 0)
(1.75953 0.942874 0)
(1.7878 0.927913 0)
(1.82631 0.904791 0)
(1.86363 0.875926 0)
(1.89851 0.845062 0)
(1.91279 0.848416 0)
(1.90287 0.77461 0)
(1.85544 0.603642 0)
(1.75769 0.332059 0)
(1.65163 0.142907 0)
(1.61752 0.0622727 0)
(1.66089 0.0234079 0)
(1.70017 -0.00791737 0)
(1.73652 -0.0368008 0)
(1.7566 -0.0624202 0)
(1.77049 -0.0924249 0)
(1.79438 -0.121113 0)
(1.8317 -0.14713 0)
(1.8693 -0.176347 0)
(1.90319 -0.203427 0)
(1.93251 -0.228721 0)
(1.95505 -0.252223 0)
(1.97502 -0.272585 0)
(2.00329 -0.288567 0)
(2.03655 -0.302474 0)
(2.07007 -0.316431 0)
(2.10201 -0.329938 0)
(2.13159 -0.34277 0)
(2.15811 -0.354118 0)
(2.18091 -0.363644 0)
(2.20073 -0.37172 0)
(2.22079 -0.379356 0)
(2.24323 -0.386021 0)
(2.2673 -0.391183 0)
(2.29163 -0.393868 0)
(2.31418 -0.396648 0)
(2.33516 -0.397713 0)
(2.35364 -0.398739 0)
(2.36825 -0.403576 0)
(2.38158 -0.406284 0)
(2.39606 -0.409855 0)
(2.41396 -0.410324 0)
(2.43346 -0.410537 0)
(2.45249 -0.413561 0)
(2.47058 -0.41445 0)
(2.48652 -0.415333 0)
(2.50033 -0.411551 0)
(2.51064 -0.406862 0)
(2.51765 -0.404233 0)
(2.52431 -0.40334 0)
(2.53406 -0.409179 0)
(2.54899 -0.409278 0)
(2.56648 -0.417766 0)
(2.58808 -0.421974 0)
(2.60654 -0.429677 0)
(2.61873 -0.434849 0)
(2.63124 -0.411327 0)
(2.62574 -0.410585 0)
(2.6439 -0.387943 0)
(2.63117 -0.348291 0)
(2.59692 -0.241873 0)
(2.48374 -0.0142385 0)
(2.42823 0.131257 0)
(2.39302 0.226152 0)
(2.3428 0.31329 0)
(2.31931 0.351986 0)
(2.31297 0.355114 0)
(2.31966 0.362054 0)
(2.32615 0.363238 0)
(2.33153 0.358816 0)
(2.34279 0.35851 0)
(2.35321 0.361587 0)
(2.36549 0.367974 0)
(2.37709 0.377132 0)
(2.38241 0.384452 0)
(2.38401 0.385727 0)
(2.38653 0.385307 0)
(2.39282 0.386005 0)
(2.39897 0.38676 0)
(2.4041 0.386184 0)
(2.40965 0.38664 0)
(2.41687 0.387885 0)
(2.42471 0.38993 0)
(2.43436 0.391835 0)
(2.44389 0.392362 0)
(2.45039 0.397626 0)
(2.45647 0.402889 0)
(2.4633 0.405179 0)
(2.47 0.409744 0)
(2.47833 0.410597 0)
(2.48826 0.415607 0)
(2.50038 0.414077 0)
(2.50545 0.414694 0)
(2.50359 0.412454 0)
(2.24656 0.759033 0)
(1.78444 0.965402 0)
(1.76517 0.964433 0)
(1.79261 0.946552 0)
(1.83256 0.928544 0)
(1.86564 0.899615 0)
(1.88486 0.871117 0)
(1.86084 0.774081 0)
(1.77132 0.562236 0)
(1.65322 0.302031 0)
(1.63491 0.156695 0)
(1.6348 0.0983547 0)
(1.6486 0.0700319 0)
(1.68074 0.0527335 0)
(1.72219 0.0198021 0)
(1.75888 -0.019104 0)
(1.78043 -0.0528621 0)
(1.79422 -0.0820725 0)
(1.81586 -0.109154 0)
(1.84987 -0.134216 0)
(1.88495 -0.15937 0)
(1.91741 -0.182449 0)
(1.94614 -0.204105 0)
(1.96999 -0.224482 0)
(1.99126 -0.242958 0)
(2.01783 -0.260265 0)
(2.05005 -0.276063 0)
(2.08305 -0.289927 0)
(2.11477 -0.300939 0)
(2.14406 -0.309338 0)
(2.16976 -0.315792 0)
(2.19118 -0.321802 0)
(2.20962 -0.328552 0)
(2.22897 -0.336145 0)
(2.25157 -0.342916 0)
(2.27627 -0.348791 0)
(2.3018 -0.351839 0)
(2.32534 -0.355113 0)
(2.34591 -0.357109 0)
(2.3634 -0.357016 0)
(2.37577 -0.36003 0)
(2.38498 -0.362379 0)
(2.39655 -0.366031 0)
(2.41423 -0.365573 0)
(2.43448 -0.364387 0)
(2.45446 -0.365844 0)
(2.47338 -0.366761 0)
(2.49071 -0.368512 0)
(2.50642 -0.367408 0)
(2.51936 -0.367213 0)
(2.52987 -0.369146 0)
(2.5393 -0.372882 0)
(2.55048 -0.37798 0)
(2.56526 -0.373446 0)
(2.57702 -0.373741 0)
(2.58901 -0.369637 0)
(2.60284 -0.373374 0)
(2.62049 -0.371628 0)
(2.63476 -0.371668 0)
(2.64794 -0.377745 0)
(2.66384 -0.363353 0)
(2.65654 -0.366998 0)
(2.66437 -0.340479 0)
(2.64494 -0.289721 0)
(2.60488 -0.176315 0)
(2.50462 0.0485595 0)
(2.4271 0.21806 0)
(2.41514 0.285857 0)
(2.37333 0.341483 0)
(2.34516 0.37631 0)
(2.33304 0.391224 0)
(2.33821 0.397966 0)
(2.34714 0.39828 0)
(2.35807 0.393427 0)
(2.36906 0.394358 0)
(2.38219 0.403089 0)
(2.38946 0.413218 0)
(2.39114 0.416963 0)
(2.39324 0.410508 0)
(2.3946 0.399303 0)
(2.39894 0.397451 0)
(2.40877 0.401437 0)
(2.41834 0.40578 0)
(2.42705 0.411605 0)
(2.43292 0.417444 0)
(2.43499 0.420419 0)
(2.44507 0.425202 0)
(2.45575 0.426052 0)
(2.46833 0.425195 0)
(2.47625 0.424912 0)
(2.47672 0.430745 0)
(2.48248 0.430498 0)
(2.49149 0.437361 0)
(2.50228 0.437855 0)
(2.5036 0.439084 0)
(2.50614 0.420796 0)
(2.855 0.252131 0)
(2.1072 0.832173 0)
(1.81384 0.962508 0)
(1.81985 0.964185 0)
(1.84526 0.95603 0)
(1.8414 0.885915 0)
(1.78337 0.72815 0)
(1.6756 0.473399 0)
(1.59212 0.281789 0)
(1.58532 0.179259 0)
(1.62174 0.133377 0)
(1.64919 0.110746 0)
(1.67415 0.0950851 0)
(1.69397 0.0729733 0)
(1.72698 0.0428351 0)
(1.76322 0.00598748 0)
(1.79321 -0.0284739 0)
(1.81456 -0.0585799 0)
(1.83369 -0.0819837 0)
(1.86115 -0.104418 0)
(1.89301 -0.127487 0)
(1.92404 -0.149122 0)
(1.95295 -0.169522 0)
(1.97813 -0.189593 0)
(1.9999 -0.207464 0)
(2.02342 -0.222546 0)
(2.05257 -0.236515 0)
(2.08462 -0.249754 0)
(2.11652 -0.261364 0)
(2.14651 -0.270565 0)
(2.17325 -0.277849 0)
(2.19547 -0.283459 0)
(2.21337 -0.287801 0)
(2.23039 -0.292041 0)
(2.24981 -0.29502 0)
(2.27074 -0.298195 0)
(2.29522 -0.299818 0)
(2.31958 -0.302865 0)
(2.34169 -0.307007 0)
(2.36114 -0.309548 0)
(2.37612 -0.312586 0)
(2.3849 -0.316616 0)
(2.3937 -0.320807 0)
(2.40878 -0.319113 0)
(2.42716 -0.317175 0)
(2.44606 -0.317289 0)
(2.46418 -0.317132 0)
(2.48042 -0.317786 0)
(2.49447 -0.316641 0)
(2.5061 -0.317092 0)
(2.51625 -0.317836 0)
(2.5257 -0.321068 0)
(2.53656 -0.325164 0)
(2.55002 -0.321437 0)
(2.56396 -0.324601 0)
(2.58027 -0.323037 0)
(2.59603 -0.326651 0)
(2.61151 -0.322581 0)
(2.62363 -0.32604 0)
(2.63189 -0.329159 0)
(2.64303 -0.319316 0)
(2.65175 -0.326052 0)
(2.66718 -0.316699 0)
(2.67607 -0.30505 0)
(2.68306 -0.280823 0)
(2.66599 -0.221413 0)
(2.60734 -0.0875957 0)
(2.54111 0.102344 0)
(2.43582 0.316698 0)
(2.40849 0.33718 0)
(2.38494 0.370691 0)
(2.37729 0.404566 0)
(2.37401 0.416377 0)
(2.37648 0.415506 0)
(2.38458 0.416169 0)
(2.39674 0.422449 0)
(2.40619 0.431289 0)
(2.40739 0.434938 0)
(2.397 0.429368 0)
(2.39503 0.424757 0)
(2.40547 0.423934 0)
(2.41679 0.42424 0)
(2.43065 0.427381 0)
(2.44516 0.43134 0)
(2.45745 0.43379 0)
(2.45773 0.440256 0)
(2.45318 0.451203 0)
(2.45595 0.455312 0)
(2.4624 0.45524 0)
(2.47104 0.452501 0)
(2.48366 0.451318 0)
(2.49833 0.446784 0)
(2.50394 0.449026 0)
(2.50842 0.443943 0)
(2.50157 0.429178 0)
(2.46699 0.329266 0)
(2.99688 0.0177498 0)
(2.6878 0.399779 0)
(2.05643 0.841946 0)
(1.87389 1.02414 0)
(1.80697 0.938989 0)
(1.65932 0.680896 0)
(1.53745 0.409467 0)
(1.52669 0.274835 0)
(1.53686 0.210384 0)
(1.57457 0.187131 0)
(1.61609 0.160396 0)
(1.65235 0.125315 0)
(1.67943 0.0931997 0)
(1.69495 0.0629976 0)
(1.72165 0.0323748 0)
(1.75629 0.00165066 0)
(1.78973 -0.0217968 0)
(1.81799 -0.0447066 0)
(1.84092 -0.0662165 0)
(1.86453 -0.0847422 0)
(1.89176 -0.102118 0)
(1.92101 -0.119414 0)
(1.95011 -0.137519 0)
(1.97663 -0.157549 0)
(1.9995 -0.177626 0)
(2.02256 -0.193713 0)
(2.05009 -0.206379 0)
(2.0808 -0.216676 0)
(2.11199 -0.224819 0)
(2.14183 -0.232107 0)
(2.16884 -0.238324 0)
(2.19181 -0.243602 0)
(2.21052 -0.247659 0)
(2.22745 -0.251871 0)
(2.24725 -0.254292 0)
(2.26894 -0.255281 0)
(2.29279 -0.257552 0)
(2.31877 -0.261032 0)
(2.34231 -0.266127 0)
(2.36224 -0.271044 0)
(2.37915 -0.272708 0)
(2.39162 -0.271518 0)
(2.40009 -0.274814 0)
(2.41275 -0.273999 0)
(2.43076 -0.271674 0)
(2.44977 -0.270282 0)
(2.468 -0.269576 0)
(2.48507 -0.271386 0)
(2.50076 -0.272907 0)
(2.51459 -0.275378 0)
(2.5271 -0.275273 0)
(2.53802 -0.277545 0)
(2.54924 -0.27978 0)
(2.56192 -0.275077 0)
(2.57492 -0.278468 0)
(2.58984 -0.278017 0)
(2.60484 -0.283886 0)
(2.62282 -0.281472 0)
(2.63944 -0.279091 0)
(2.64663 -0.281286 0)
(2.65349 -0.273955 0)
(2.66401 -0.281602 0)
(2.67978 -0.273787 0)
(2.69358 -0.272071 0)
(2.70334 -0.25531 0)
(2.70502 -0.248072 0)
(2.69906 -0.22798 0)
(2.67175 -0.161006 0)
(2.60113 -0.00981152 0)
(2.54679 0.147271 0)
(2.43536 0.366202 0)
(2.40122 0.446447 0)
(2.39869 0.434261 0)
(2.40204 0.443123 0)
(2.40501 0.439557 0)
(2.4129 0.434136 0)
(2.42416 0.437242 0)
(2.42808 0.446602 0)
(2.41333 0.452417 0)
(2.39981 0.448378 0)
(2.40619 0.447354 0)
(2.41893 0.449251 0)
(2.43415 0.452666 0)
(2.44955 0.457686 0)
(2.46154 0.461824 0)
(2.47244 0.466008 0)
(2.47549 0.472177 0)
(2.46226 0.474912 0)
(2.45632 0.469573 0)
(2.46737 0.467564 0)
(2.47951 0.464907 0)
(2.4897 0.459871 0)
(2.49191 0.441071 0)
(2.46997 0.373534 0)
(2.43387 0.26718 0)
(2.37378 0.1038 0)
(2.99993 0.000307596 0)
(2.97882 0.0440274 0)
(2.61259 0.472483 0)
(2.1417 1.06537 0)
(1.51882 0.607182 0)
(1.36705 0.356829 0)
(1.42505 0.276559 0)
(1.47568 0.225723 0)
(1.51321 0.211255 0)
(1.554 0.200192 0)
(1.59188 0.177986 0)
(1.63107 0.142285 0)
(1.6616 0.107608 0)
(1.67939 0.0797645 0)
(1.70418 0.0543417 0)
(1.73866 0.0294065 0)
(1.77253 0.00659565 0)
(1.80255 -0.0125747 0)
(1.82775 -0.0328061 0)
(1.84992 -0.0492028 0)
(1.87291 -0.0648123 0)
(1.89932 -0.0818716 0)
(1.92835 -0.100097 0)
(1.95685 -0.119025 0)
(1.98293 -0.137321 0)
(2.00773 -0.15304 0)
(2.03392 -0.165441 0)
(2.0623 -0.175764 0)
(2.09154 -0.184132 0)
(2.11994 -0.191186 0)
(2.14601 -0.19732 0)
(2.16901 -0.202474 0)
(2.18955 -0.205817 0)
(2.20874 -0.207906 0)
(2.22851 -0.209032 0)
(2.25175 -0.213337 0)
(2.27652 -0.219321 0)
(2.30066 -0.223757 0)
(2.3229 -0.229176 0)
(2.34189 -0.235372 0)
(2.35804 -0.235142 0)
(2.37365 -0.228327 0)
(2.39025 -0.228803 0)
(2.40821 -0.230561 0)
(2.42629 -0.229341 0)
(2.44347 -0.227115 0)
(2.45962 -0.225954 0)
(2.47461 -0.227503 0)
(2.48904 -0.229733 0)
(2.50388 -0.23303 0)
(2.51946 -0.232857 0)
(2.53411 -0.235061 0)
(2.54797 -0.235728 0)
(2.5609 -0.231365 0)
(2.57319 -0.234619 0)
(2.5854 -0.235035 0)
(2.59562 -0.243086 0)
(2.60641 -0.24373 0)
(2.61921 -0.23736 0)
(2.6323 -0.234782 0)
(2.64565 -0.230111 0)
(2.65736 -0.235428 0)
(2.66947 -0.229229 0)
(2.67963 -0.225123 0)
(2.68861 -0.211966 0)
(2.696 -0.213973 0)
(2.70331 -0.209611 0)
(2.7123 -0.199669 0)
(2.70608 -0.177466 0)
(2.67466 -0.0903881 0)
(2.59159 0.0910699 0)
(2.55439 0.225153 0)
(2.45647 0.395418 0)
(2.42427 0.505359 0)
(2.41673 0.499265 0)
(2.42679 0.471242 0)
(2.43195 0.463867 0)
(2.43615 0.467675 0)
(2.43557 0.471683 0)
(2.42895 0.477742 0)
(2.43019 0.484228 0)
(2.44094 0.486348 0)
(2.45158 0.486932 0)
(2.46266 0.487594 0)
(2.47345 0.488446 0)
(2.48158 0.489394 0)
(2.48034 0.490503 0)
(2.4687 0.488936 0)
(2.46551 0.483444 0)
(2.46593 0.476183 0)
(2.46237 0.448173 0)
(2.43782 0.378115 0)
(2.40183 0.257036 0)
(2.36092 0.107522 0)
(2.35123 0.0234343 0)
(2.3049 -0.0584423 0)
(3 7.18532e-07 0)
(2.99959 0.00118749 0)
(2.96688 0.0798604 0)
(2.03931 0.487095 0)
(1.23885 0.262619 0)
(1.24274 0.208074 0)
(1.36187 0.203395 0)
(1.42595 0.190034 0)
(1.47597 0.181396 0)
(1.51767 0.171789 0)
(1.55365 0.157224 0)
(1.59419 0.133852 0)
(1.62985 0.110798 0)
(1.65659 0.0895798 0)
(1.68286 0.0706705 0)
(1.7145 0.0533038 0)
(1.74624 0.036093 0)
(1.77768 0.0174865 0)
(1.80783 -0.00219796 0)
(1.83529 -0.0205848 0)
(1.86183 -0.0370066 0)
(1.89021 -0.0545036 0)
(1.92013 -0.0722725 0)
(1.94963 -0.0896364 0)
(1.97726 -0.106264 0)
(2.00359 -0.120853 0)
(2.03066 -0.133052 0)
(2.05938 -0.143059 0)
(2.08896 -0.150869 0)
(2.11791 -0.157217 0)
(2.14468 -0.162442 0)
(2.16855 -0.166521 0)
(2.19046 -0.169004 0)
(2.21257 -0.170956 0)
(2.23698 -0.17188 0)
(2.26405 -0.172911 0)
(2.28789 -0.173055 0)
(2.30903 -0.173189 0)
(2.32902 -0.175783 0)
(2.34685 -0.180662 0)
(2.36286 -0.184595 0)
(2.38058 -0.186796 0)
(2.40218 -0.190063 0)
(2.42514 -0.188914 0)
(2.44613 -0.183757 0)
(2.46408 -0.178771 0)
(2.47915 -0.176026 0)
(2.49263 -0.175351 0)
(2.50546 -0.176468 0)
(2.51913 -0.180643 0)
(2.53419 -0.183699 0)
(2.55031 -0.190293 0)
(2.5672 -0.193341 0)
(2.58361 -0.191077 0)
(2.59844 -0.192019 0)
(2.60851 -0.189827 0)
(2.61438 -0.193091 0)
(2.62077 -0.189824 0)
(2.6291 -0.189789 0)
(2.64146 -0.193778 0)
(2.65681 -0.19444 0)
(2.67021 -0.199725 0)
(2.68158 -0.193348 0)
(2.68897 -0.185551 0)
(2.69672 -0.17224 0)
(2.70427 -0.172216 0)
(2.71191 -0.17191 0)
(2.72892 -0.162142 0)
(2.73207 -0.167635 0)
(2.73603 -0.15159 0)
(2.71875 -0.115921 0)
(2.67393 -0.00292592 0)
(2.62093 0.130064 0)
(2.51615 0.334951 0)
(2.48501 0.409139 0)
(2.47365 0.470128 0)
(2.44987 0.517493 0)
(2.44142 0.520415 0)
(2.4387 0.508778 0)
(2.43648 0.509292 0)
(2.43615 0.512145 0)
(2.44521 0.516205 0)
(2.45905 0.519326 0)
(2.47207 0.519375 0)
(2.48528 0.516166 0)
(2.49114 0.508842 0)
(2.48813 0.506284 0)
(2.46964 0.479784 0)
(2.45528 0.451064 0)
(2.42284 0.374361 0)
(2.38608 0.268375 0)
(2.32414 0.105322 0)
(2.32247 0.0405573 0)
(2.33684 -0.00355097 0)
(2.31864 -0.0331951 0)
(2.31051 -0.03899 0)
(3 7.11881e-10 0)
(3 2.46049e-06 0)
(3.00046 0.00621163 0)
(1.45604 -0.114145 0)
(0.900227 0.083479 0)
(1.02974 0.214855 0)
(1.17923 0.235569 0)
(1.26053 0.21901 0)
(1.32611 0.200246 0)
(1.38672 0.177799 0)
(1.44341 0.1616 0)
(1.49626 0.139724 0)
(1.54427 0.109319 0)
(1.5875 0.0785345 0)
(1.6222 0.0617745 0)
(1.65698 0.0519801 0)
(1.69437 0.0431439 0)
(1.73136 0.0358649 0)
(1.76429 0.0240209 0)
(1.79506 0.00755686 0)
(1.82585 -0.00518171 0)
(1.8576 -0.0183898 0)
(1.89039 -0.0332865 0)
(1.92305 -0.0477997 0)
(1.95395 -0.0620174 0)
(1.98295 -0.0752213 0)
(2.01156 -0.0863515 0)
(2.04072 -0.095443 0)
(2.0699 -0.102717 0)
(2.09815 -0.108704 0)
(2.12476 -0.113427 0)
(2.14957 -0.11711 0)
(2.17319 -0.119926 0)
(2.1967 -0.122785 0)
(2.2206 -0.124787 0)
(2.24411 -0.125907 0)
(2.26631 -0.126215 0)
(2.28696 -0.127124 0)
(2.30597 -0.129667 0)
(2.32344 -0.132794 0)
(2.34193 -0.136672 0)
(2.36244 -0.141353 0)
(2.38307 -0.146168 0)
(2.40326 -0.145216 0)
(2.42347 -0.141261 0)
(2.44405 -0.137931 0)
(2.46267 -0.136777 0)
(2.47782 -0.137112 0)
(2.49017 -0.139042 0)
(2.50252 -0.143159 0)
(2.51687 -0.145349 0)
(2.53326 -0.151736 0)
(2.55006 -0.154763 0)
(2.56561 -0.154783 0)
(2.57975 -0.154884 0)
(2.59297 -0.150363 0)
(2.60333 -0.149851 0)
(2.60919 -0.146537 0)
(2.6148 -0.14827 0)
(2.62468 -0.15346 0)
(2.63693 -0.155606 0)
(2.6491 -0.15943 0)
(2.66205 -0.155146 0)
(2.67358 -0.151411 0)
(2.68351 -0.140747 0)
(2.69035 -0.1358 0)
(2.69666 -0.133551 0)
(2.70846 -0.126596 0)
(2.72039 -0.136019 0)
(2.73378 -0.130874 0)
(2.73962 -0.132011 0)
(2.74962 -0.111071 0)
(2.73574 -0.0660079 0)
(2.67171 0.0609035 0)
(2.62538 0.18924 0)
(2.51307 0.406238 0)
(2.4868 0.483219 0)
(2.4756 0.507768 0)
(2.47083 0.517339 0)
(2.4568 0.537055 0)
(2.4496 0.549659 0)
(2.45233 0.552872 0)
(2.46655 0.547894 0)
(2.47793 0.54119 0)
(2.48441 0.53043 0)
(2.48241 0.504039 0)
(2.46634 0.44505 0)
(2.42878 0.342769 0)
(2.39166 0.221344 0)
(2.34386 0.0988798 0)
(2.2985 0.00937575 0)
(2.29274 -0.0328883 0)
(2.30308 -0.0506071 0)
(2.30869 -0.0611058 0)
(2.30879 -0.0633191 0)
(2.31372 -0.0500522 0)
(3 3.18369e-14 0)
(3 1.25428e-08 0)
(3.00138 -0.00800274 0)
(1.06156 -0.129118 0)
(0.689459 0.0170678 0)
(0.769287 0.115552 0)
(0.90888 0.127841 0)
(1.00967 0.122277 0)
(1.09505 0.118861 0)
(1.17314 0.116339 0)
(1.24627 0.110944 0)
(1.31263 0.103068 0)
(1.3723 0.0973847 0)
(1.42682 0.0935429 0)
(1.47573 0.0890667 0)
(1.5216 0.0815618 0)
(1.56817 0.0705754 0)
(1.61269 0.0573965 0)
(1.65356 0.0460234 0)
(1.69591 0.0315043 0)
(1.73766 0.017883 0)
(1.77841 0.00765757 0)
(1.8195 -0.00615132 0)
(1.85914 -0.0229021 0)
(1.89581 -0.0395666 0)
(1.92978 -0.0543226 0)
(1.96243 -0.0656314 0)
(1.99454 -0.0729305 0)
(2.02582 -0.0766212 0)
(2.05566 -0.0781865 0)
(2.08348 -0.0792482 0)
(2.10931 -0.0812857 0)
(2.13417 -0.0843809 0)
(2.15948 -0.0879772 0)
(2.18571 -0.0907148 0)
(2.21215 -0.0924385 0)
(2.23734 -0.0933021 0)
(2.26029 -0.0936411 0)
(2.28082 -0.0930035 0)
(2.29994 -0.0923402 0)
(2.31969 -0.0938062 0)
(2.34115 -0.096391 0)
(2.36389 -0.0983742 0)
(2.38716 -0.0975351 0)
(2.41061 -0.0965446 0)
(2.43322 -0.0964715 0)
(2.45296 -0.0974993 0)
(2.46845 -0.0981435 0)
(2.48076 -0.0993553 0)
(2.49263 -0.102341 0)
(2.50682 -0.10343 0)
(2.52384 -0.107645 0)
(2.54302 -0.10812 0)
(2.56285 -0.10677 0)
(2.58101 -0.10586 0)
(2.59432 -0.103228 0)
(2.60017 -0.105087 0)
(2.59875 -0.106074 0)
(2.59936 -0.109038 0)
(2.60917 -0.110428 0)
(2.62498 -0.109714 0)
(2.6417 -0.111549 0)
(2.65808 -0.108936 0)
(2.67103 -0.107566 0)
(2.67809 -0.101374 0)
(2.67932 -0.0989783 0)
(2.68161 -0.101175 0)
(2.69339 -0.0941862 0)
(2.71158 -0.0994987 0)
(2.73216 -0.0955413 0)
(2.75161 -0.0991019 0)
(2.76771 -0.0924063 0)
(2.7729 -0.0944259 0)
(2.75672 -0.059539 0)
(2.74218 -0.00434406 0)
(2.6667 0.137514 0)
(2.60348 0.283995 0)
(2.54858 0.429026 0)
(2.48442 0.570006 0)
(2.46561 0.562398 0)
(2.4757 0.571054 0)
(2.47755 0.565654 0)
(2.47234 0.550757 0)
(2.4641 0.519836 0)
(2.45182 0.457857 0)
(2.4337 0.35328 0)
(2.41423 0.231683 0)
(2.36813 0.108255 0)
(2.34547 0.0491638 0)
(2.29947 -0.00413051 0)
(2.2819 -0.0198206 0)
(2.29215 -0.0311708 0)
(2.29619 -0.033553 0)
(2.3053 -0.0376774 0)
(2.31211 -0.0404525 0)
(2.31761 -0.0362034 0)
(3 2.49862e-16 0)
(3 4.77043e-12 0)
(2.92093 -0.0256105 0)
(0.962606 -0.0605052 0)
(0.652346 0.000777434 0)
(0.675479 0.038696 0)
(0.743459 0.0601264 0)
(0.813693 0.0726597 0)
(0.88702 0.0794571 0)
(0.960818 0.082087 0)
(1.03296 0.0777945 0)
(1.10038 0.0685727 0)
(1.16451 0.0561997 0)
(1.22756 0.0438638 0)
(1.29113 0.0319719 0)
(1.35392 0.0245292 0)
(1.41576 0.0178054 0)
(1.47493 0.0112774 0)
(1.53157 0.00756238 0)
(1.5885 0.00721459 0)
(1.64674 0.0031515 0)
(1.70096 -0.00406869 0)
(1.75015 -0.0109702 0)
(1.79691 -0.0223612 0)
(1.83938 -0.0341269 0)
(1.87845 -0.0428425 0)
(1.91594 -0.0475376 0)
(1.95248 -0.0488934 0)
(1.98726 -0.0484457 0)
(2.01893 -0.0480422 0)
(2.04645 -0.0490894 0)
(2.07065 -0.0521721 0)
(2.09456 -0.0561133 0)
(2.12073 -0.059428 0)
(2.14916 -0.0610645 0)
(2.17871 -0.0608824 0)
(2.20788 -0.0590965 0)
(2.23479 -0.0566666 0)
(2.25759 -0.0542848 0)
(2.27631 -0.0537644 0)
(2.29414 -0.0559021 0)
(2.31449 -0.0584767 0)
(2.33792 -0.0602454 0)
(2.36324 -0.0606753 0)
(2.38911 -0.0611546 0)
(2.41384 -0.0617415 0)
(2.43553 -0.062144 0)
(2.45285 -0.0613583 0)
(2.46624 -0.0608008 0)
(2.47843 -0.0615339 0)
(2.49328 -0.061134 0)
(2.51184 -0.0628307 0)
(2.53159 -0.0626391 0)
(2.55068 -0.0624662 0)
(2.56724 -0.0631254 0)
(2.57879 -0.0632513 0)
(2.58453 -0.0656859 0)
(2.58567 -0.0651946 0)
(2.59061 -0.0648132 0)
(2.60401 -0.064331 0)
(2.62084 -0.0632828 0)
(2.63722 -0.0641393 0)
(2.65151 -0.0626959 0)
(2.66337 -0.0627865 0)
(2.67106 -0.0618348 0)
(2.67481 -0.0615538 0)
(2.68029 -0.0613763 0)
(2.69395 -0.0546742 0)
(2.71014 -0.0566261 0)
(2.72406 -0.056369 0)
(2.73801 -0.0636128 0)
(2.75195 -0.0625873 0)
(2.76393 -0.0562766 0)
(2.77109 -0.0563837 0)
(2.77925 -0.0423257 0)
(2.76821 -0.0135973 0)
(2.73888 0.0579877 0)
(2.66527 0.218981 0)
(2.6005 0.383155 0)
(2.57441 0.466077 0)
(2.51813 0.55872 0)
(2.45368 0.531751 0)
(2.38905 0.450392 0)
(2.34981 0.316417 0)
(2.31384 0.158774 0)
(2.28104 0.0188219 0)
(2.24851 -0.0524501 0)
(2.2279 -0.102085 0)
(2.21125 -0.0871624 0)
(2.21346 -0.0646161 0)
(2.24801 -0.0437755 0)
(2.26783 -0.0344145 0)
(2.28209 -0.020305 0)
(2.29133 -0.0105575 0)
(2.30028 -0.00768969 0)
(2.30855 -0.0089767 0)
(3 3.13131e-16 0)
(3 8.35005e-16 0)
(2.9074 -0.00224894 0)
(0.964048 -0.0119563 0)
(0.659732 -0.00415788 0)
(0.677884 0.00263411 0)
(0.707251 0.00834243 0)
(0.745025 0.0173132 0)
(0.795055 0.0261935 0)
(0.851707 0.0349508 0)
(0.9143 0.0407266 0)
(0.979372 0.0438914 0)
(1.04725 0.0449161 0)
(1.11783 0.04548 0)
(1.18982 0.0435243 0)
(1.26219 0.0401192 0)
(1.33293 0.0362974 0)
(1.40217 0.0329381 0)
(1.47021 0.0290257 0)
(1.5379 0.0247874 0)
(1.60561 0.020504 0)
(1.66964 0.0115664 0)
(1.72341 0.00277853 0)
(1.77098 -0.00426999 0)
(1.81463 -0.00881939 0)
(1.85582 -0.0116447 0)
(1.89512 -0.0135501 0)
(1.93243 -0.0149047 0)
(1.96709 -0.0159401 0)
(1.99808 -0.0168085 0)
(2.02473 -0.0174596 0)
(2.04882 -0.017875 0)
(2.07429 -0.0180666 0)
(2.10305 -0.0181789 0)
(2.13373 -0.0181158 0)
(2.16468 -0.0178952 0)
(2.1944 -0.0177175 0)
(2.22083 -0.0177365 0)
(2.24236 -0.0178772 0)
(2.26013 -0.0182205 0)
(2.27847 -0.0186153 0)
(2.30094 -0.0187908 0)
(2.32718 -0.0189515 0)
(2.35506 -0.0190309 0)
(2.38293 -0.0192091 0)
(2.409 -0.0193284 0)
(2.43131 -0.0193696 0)
(2.44817 -0.0190662 0)
(2.46002 -0.0189648 0)
(2.47119 -0.019293 0)
(2.4864 -0.0190707 0)
(2.5056 -0.0197717 0)
(2.5255 -0.0198133 0)
(2.54468 -0.0200138 0)
(2.5619 -0.0204921 0)
(2.57487 -0.0206149 0)
(2.58251 -0.0212345 0)
(2.58626 -0.0210537 0)
(2.59234 -0.0205902 0)
(2.60335 -0.0200637 0)
(2.61738 -0.0197884 0)
(2.63226 -0.02054 0)
(2.64656 -0.0204906 0)
(2.66194 -0.0216079 0)
(2.67719 -0.0238894 0)
(2.68767 -0.0248784 0)
(2.6891 -0.0229326 0)
(2.68772 -0.0188881 0)
(2.69686 -0.0195727 0)
(2.71499 -0.018299 0)
(2.73502 -0.0207188 0)
(2.7527 -0.0213925 0)
(2.76881 -0.0183454 0)
(2.78257 -0.0255472 0)
(2.78542 -0.0170285 0)
(2.78141 -0.0179036 0)
(2.78257 -0.0102789 0)
(2.76691 0.0120492 0)
(2.70752 0.0837536 0)
(2.60487 0.180933 0)
(2.47432 0.264853 0)
(2.40204 0.323025 0)
(2.34733 0.270318 0)
(2.28429 0.253094 0)
(2.23324 0.207993 0)
(2.21021 0.14256 0)
(2.19339 0.0758766 0)
(2.18998 0.0231122 0)
(2.1998 -0.00929305 0)
(2.2243 -0.0174741 0)
(2.24894 -0.0189712 0)
(2.2601 -0.0176258 0)
(2.26985 -0.0171751 0)
(2.28006 -0.0168483 0)
(2.28537 -0.015281 0)
(2.29397 -0.0117288 0)
)
;

boundaryField
{
    inlet
    {
        type            fixedValue;
        value           uniform (3 0 0);
    }
    outlet
    {
        type            inletOutlet;
        inletValue      uniform (3 0 0);
        value           nonuniform List<vector> 
32
(
(2.27306 0.00726196 0)
(2.27617 0.00920586 0)
(2.27342 0.0250926 0)
(2.28208 0.0417819 0)
(2.29909 0.0598163 0)
(2.31817 0.0778156 0)
(2.331 0.100575 0)
(2.34956 0.116918 0)
(2.36878 0.128099 0)
(2.37952 0.146723 0)
(2.37965 0.162827 0)
(2.37493 0.177116 0)
(2.37436 0.197105 0)
(2.38595 0.21839 0)
(2.40284 0.245063 0)
(2.4216 0.271196 0)
(2.43018 0.295066 0)
(2.44655 0.311394 0)
(2.46234 0.330314 0)
(2.47664 0.348744 0)
(2.49328 0.367483 0)
(2.49313 0.392065 0)
(2.50359 0.412454 0)
(2.50614 0.420796 0)
(2.46699 0.329266 0)
(2.37378 0.1038 0)
(2.3049 -0.0584423 0)
(2.31051 -0.03899 0)
(2.31372 -0.0500522 0)
(2.31761 -0.0362034 0)
(2.30855 -0.0089767 0)
(2.29397 -0.0117288 0)
)
;
    }
    bottom
    {
        type            symmetryPlane;
    }
    top
    {
        type            symmetryPlane;
    }
    obstacle
    {
        type            slip;
    }
    defaultFaces
    {
        type            empty;
    }
}


// ************************************************************************* //
