/*--------------------------------*- C++ -*----------------------------------*\
  =========                 |
  \\      /  F ield         | OpenFOAM: The Open Source CFD Toolbox
   \\    /   O peration     | Website:  https://openfoam.org
    \\  /    A nd           | Version:  7
     \\/     M anipulation  |
\*---------------------------------------------------------------------------*/
FoamFile
{
    version     2.0;
    format      ascii;
    class       volVectorField;
    location    "1.2";
    object      U;
}
// * * * * * * * * * * * * * * * * * * * * * * * * * * * * * * * * * * * * * //

dimensions      [0 1 -1 0 0 0 0];

internalField   nonuniform List<vector> 
4032
(
(3 -6.26924e-17 0)
(3 3.00605e-16 0)
(3 -1.54828e-16 0)
(3 -5.8095e-16 0)
(3 -5.50643e-16 0)
(3 -1.43149e-16 0)
(3 -2.26071e-17 0)
(3 -3.83109e-16 0)
(3 -4.02971e-16 0)
(3 -6.65441e-16 0)
(3 -6.85447e-16 0)
(3 -2.09326e-16 0)
(2.92143 0.00353567 0)
(0.978572 0.0206998 0)
(0.658929 0.0198483 0)
(0.612234 0.0184611 0)
(0.560875 0.0213589 0)
(0.507528 0.025675 0)
(0.447877 0.0299528 0)
(0.382285 0.0337309 0)
(0.310527 0.0365202 0)
(0.228193 0.0393295 0)
(0.142008 0.0413574 0)
(0.0521387 0.0452484 0)
(3 2.87963e-17 0)
(3 3.48582e-16 0)
(3 -5.21048e-17 0)
(3 -6.18652e-16 0)
(3 -6.12613e-16 0)
(3 -2.62322e-17 0)
(3 7.9205e-16 0)
(3 1.16915e-16 0)
(3 -7.67602e-16 0)
(3 -2.28148e-15 0)
(3 -1.91315e-15 0)
(3 3.35849e-17 0)
(2.93406 0.0283677 0)
(0.992135 0.088254 0)
(0.65773 0.0690651 0)
(0.607236 0.0613737 0)
(0.551899 0.0693059 0)
(0.494592 0.0804479 0)
(0.432175 0.0918765 0)
(0.365345 0.1027 0)
(0.294013 0.111065 0)
(0.215289 0.120644 0)
(0.133278 0.128093 0)
(0.0492603 0.140009 0)
(3 1.36636e-16 0)
(3 -3.63836e-16 0)
(3 -4.0496e-16 0)
(3 3.12901e-16 0)
(3 6.79274e-16 0)
(3 7.71318e-16 0)
(3 1.5945e-15 0)
(3 1.93645e-15 0)
(3 8.26628e-16 0)
(3 -7.47211e-16 0)
(3 -8.10068e-16 0)
(3 -1.29615e-16 0)
(2.98751 0.0112707 0)
(1.05424 0.141843 0)
(0.686859 0.112295 0)
(0.626469 0.110946 0)
(0.561046 0.124481 0)
(0.495675 0.140972 0)
(0.428214 0.157305 0)
(0.357847 0.172695 0)
(0.283238 0.183786 0)
(0.204981 0.197976 0)
(0.124735 0.209917 0)
(0.0462286 0.229192 0)
(3 -2.56774e-17 0)
(3 -8.95082e-17 0)
(3 -6.69495e-18 0)
(3 -5.98637e-17 0)
(3 8.77765e-16 0)
(3 1.06865e-15 0)
(3 8.06363e-16 0)
(3 3.82456e-16 0)
(3 1.23891e-15 0)
(3 1.66626e-15 0)
(3 1.44437e-15 0)
(3 5.10649e-16 0)
(3.00037 0.00048294 0)
(1.15114 0.190234 0)
(0.699744 0.167881 0)
(0.635541 0.171176 0)
(0.57103 0.185294 0)
(0.505793 0.203632 0)
(0.437262 0.224603 0)
(0.363835 0.246023 0)
(0.283827 0.260617 0)
(0.202915 0.27848 0)
(0.121557 0.293893 0)
(0.0433491 0.317567 0)
(3 2.12507e-16 0)
(3 2.57541e-16 0)
(3 -1.11982e-16 0)
(3 -8.6282e-16 0)
(3 -8.47972e-16 0)
(3 -7.10304e-16 0)
(3 -1.27889e-15 0)
(3 -1.7831e-15 0)
(3 -5.43228e-16 0)
(3 1.52252e-15 0)
(3 2.33321e-15 0)
(3 1.58332e-15 0)
(3 7.18475e-07 0)
(1.30955 0.247308 0)
(0.721934 0.222886 0)
(0.648376 0.228687 0)
(0.58539 0.2444 0)
(0.519356 0.265964 0)
(0.450418 0.29303 0)
(0.376669 0.321592 0)
(0.294426 0.339939 0)
(0.215072 0.36117 0)
(0.130148 0.38081 0)
(0.0487288 0.411018 0)
(3 -4.97982e-17 0)
(3 -5.7604e-16 0)
(3 -1.16614e-15 0)
(3 -1.74094e-15 0)
(3 -2.15624e-15 0)
(3 -2.73803e-15 0)
(3 -2.77684e-15 0)
(3 -1.71288e-15 0)
(3 -6.1971e-16 0)
(3 -1.00888e-16 0)
(3 6.94281e-16 0)
(3 5.04897e-16 0)
(3 2.41233e-11 0)
(1.54991 0.300796 0)
(0.751283 0.285236 0)
(0.654269 0.286231 0)
(0.587115 0.304057 0)
(0.518526 0.328811 0)
(0.45397 0.362334 0)
(0.388687 0.398023 0)
(0.31095 0.422978 0)
(0.232179 0.451614 0)
(0.145589 0.483662 0)
(0.0478188 0.520942 0)
(3 -8.42454e-17 0)
(3 -4.1918e-16 0)
(3 -6.106e-16 0)
(3 -8.66667e-16 0)
(3 -8.4315e-16 0)
(3 -7.24066e-16 0)
(3 -5.1919e-16 0)
(3 -4.40578e-16 0)
(3 -7.06542e-16 0)
(3 -9.08223e-16 0)
(3 -1.26481e-15 0)
(3 -9.30813e-16 0)
(3 -5.05891e-14 0)
(1.89797 0.353956 0)
(0.795322 0.366576 0)
(0.663473 0.356201 0)
(0.602949 0.371743 0)
(0.542986 0.394174 0)
(0.48874 0.428532 0)
(0.433432 0.468125 0)
(0.369094 0.503426 0)
(0.302075 0.53966 0)
(0.218906 0.583441 0)
(0.100354 0.654529 0)
(3 1.83117e-16 0)
(3 3.66939e-16 0)
(3 3.18299e-16 0)
(3 4.49177e-16 0)
(3 3.12894e-16 0)
(3 8.91286e-16 0)
(3 1.24076e-15 0)
(3 6.14352e-16 0)
(3 -4.86515e-16 0)
(3 -1.00413e-15 0)
(3 -7.94574e-16 0)
(3 -1.11129e-16 0)
(3 -2.55942e-15 0)
(2.41671 0.343728 0)
(0.903412 0.460656 0)
(0.734645 0.409321 0)
(0.679726 0.413815 0)
(0.620881 0.440436 0)
(0.568605 0.481307 0)
(0.516919 0.529119 0)
(0.463866 0.571154 0)
(0.399936 0.629672 0)
(0.281485 0.741012 0)
(0.155593 0.922971 0)
(3 -3.04827e-16 0)
(3 -5.01826e-17 0)
(3 1.67337e-16 0)
(3 3.78268e-16 0)
(3 6.91383e-16 0)
(3 6.89715e-16 0)
(3 7.14844e-16 0)
(3 5.88164e-16 0)
(3 1.17151e-15 0)
(3 4.41748e-16 0)
(3 -3.98979e-16 0)
(3 -5.35241e-16 0)
(3 -1.20709e-15 0)
(2.98093 0.127265 0)
(1.10719 0.482522 0)
(0.826932 0.44635 0)
(0.773471 0.459139 0)
(0.719292 0.490688 0)
(0.667476 0.533238 0)
(0.621956 0.586044 0)
(0.574534 0.642337 0)
(0.528287 0.742201 0)
(0.492888 0.907648 0)
(0.603147 1.1968 0)
(3 -4.11399e-17 0)
(3 -3.60277e-16 0)
(3 -5.08621e-16 0)
(3 -3.23337e-16 0)
(3 -1.09677e-16 0)
(3 -9.94068e-16 0)
(3 -1.01962e-15 0)
(3 -4.69691e-16 0)
(3 5.30521e-16 0)
(3 8.48741e-16 0)
(3 5.15834e-16 0)
(3 -7.99115e-16 0)
(3 -1.1317e-15 0)
(3.02837 0.00601417 0)
(1.29982 0.465578 0)
(0.846222 0.51479 0)
(0.781483 0.527578 0)
(0.738276 0.555998 0)
(0.709868 0.599123 0)
(0.689735 0.654284 0)
(0.673351 0.722664 0)
(0.668936 0.832331 0)
(0.729748 0.969725 0)
(1.00271 1.14375 0)
(3 6.28245e-17 0)
(3 -6.76229e-17 0)
(3 1.36386e-16 0)
(3 -8.57394e-16 0)
(3 -1.73116e-15 0)
(3 -1.69537e-15 0)
(3 -1.5996e-15 0)
(3 -1.72145e-15 0)
(3 -1.43243e-15 0)
(3 -8.75331e-16 0)
(3 -3.91364e-16 0)
(3 -3.33355e-16 0)
(3 -7.76951e-16 0)
(3.00048 1.40294e-06 0)
(1.70064 0.501862 0)
(0.872583 0.579019 0)
(0.799435 0.575037 0)
(0.772387 0.594824 0)
(0.759831 0.632353 0)
(0.756685 0.688218 0)
(0.770855 0.763608 0)
(0.801007 0.865132 0)
(0.917575 0.974859 0)
(1.209 1.08058 0)
(3 1.7393e-16 0)
(3 5.0633e-16 0)
(3 6.3264e-16 0)
(3 -1.18428e-16 0)
(3 -7.51463e-16 0)
(3 -3.84597e-16 0)
(3 -4.0169e-16 0)
(3 -6.45712e-16 0)
(3 -1.1896e-15 0)
(3 -1.6395e-15 0)
(3 -1.80883e-15 0)
(3 -1.09111e-15 0)
(3 -9.67086e-16 0)
(3 -1.89785e-07 0)
(2.45306 0.431416 0)
(1.00682 0.654821 0)
(0.867523 0.61338 0)
(0.833549 0.620556 0)
(0.822354 0.654936 0)
(0.828856 0.709314 0)
(0.855131 0.785985 0)
(0.911503 0.875248 0)
(1.0542 0.968654 0)
(1.306 1.03623 0)
(3 3.34721e-17 0)
(3 2.91481e-17 0)
(3 -3.25314e-16 0)
(3 -3.21131e-16 0)
(3 5.50397e-17 0)
(3 2.16993e-16 0)
(3 9.94374e-17 0)
(3 8.69806e-17 0)
(3 -4.32937e-16 0)
(3 -8.73481e-16 0)
(3 -2.45578e-15 0)
(3 -2.42771e-15 0)
(3 -1.32742e-15 0)
(3 -2.18222e-07 0)
(3.08482 0.0730651 0)
(1.34522 0.67351 0)
(0.980079 0.668929 0)
(0.925059 0.653689 0)
(0.894696 0.675473 0)
(0.901528 0.724807 0)
(0.929468 0.794128 0)
(1.00015 0.867902 0)
(1.13713 0.936067 0)
(1.34059 0.976615 0)
(3 5.06794e-17 0)
(3 -1.37601e-16 0)
(3 -7.63966e-16 0)
(3 -3.66752e-16 0)
(3 2.04363e-16 0)
(3 3.0091e-16 0)
(3 5.08975e-17 0)
(3 -2.91028e-16 0)
(3 -5.81829e-16 0)
(3 -6.35461e-16 0)
(3 -6.72757e-16 0)
(3 -1.09845e-15 0)
(3 -1.0429e-15 0)
(3 -4.68543e-08 0)
(3.0123 0.000516341 0)
(1.80902 0.656526 0)
(1.02024 0.740972 0)
(0.982085 0.720037 0)
(0.962498 0.718111 0)
(0.970339 0.749682 0)
(1.00223 0.80512 0)
(1.07725 0.864404 0)
(1.20091 0.917621 0)
(1.36862 0.944091 0)
(3 1.20076e-16 0)
(3 6.63994e-17 0)
(3 -1.97802e-17 0)
(3 -6.2089e-17 0)
(3 -1.57893e-16 0)
(3 -3.26e-16 0)
(3 -1.62899e-16 0)
(3 -6.6601e-16 0)
(3 -9.33172e-16 0)
(3 -1.33508e-15 0)
(3 -6.55651e-16 0)
(3 -8.8841e-16 0)
(3 -1.26556e-15 0)
(3 -2.66584e-09 0)
(3.00007 -2.91084e-07 0)
(2.77978 0.345547 0)
(1.21404 0.750414 0)
(1.05956 0.738658 0)
(1.05143 0.734634 0)
(1.05447 0.768165 0)
(1.07941 0.813203 0)
(1.14523 0.85735 0)
(1.24816 0.893796 0)
(1.38466 0.909795 0)
(3 -1.20302e-16 0)
(3 6.83954e-17 0)
(3 6.5991e-16 0)
(3 3.18336e-16 0)
(3 -5.29486e-17 0)
(3 -7.76242e-16 0)
(3 -1.21122e-15 0)
(3 -1.12736e-15 0)
(3 -9.97136e-16 0)
(3 -8.68579e-16 0)
(3 -3.85691e-16 0)
(3 -7.3836e-16 0)
(3 -1.35047e-15 0)
(3 -9.47561e-12 0)
(3.00001 -2.21886e-06 0)
(3.06047 0.0208994 0)
(1.55421 0.711202 0)
(1.09324 0.789792 0)
(1.09771 0.790857 0)
(1.10557 0.818392 0)
(1.13879 0.845942 0)
(1.20133 0.875836 0)
(1.28923 0.898728 0)
(1.40352 0.905338 0)
(3 9.83595e-19 0)
(3 1.4013e-18 0)
(3 -1.90696e-16 0)
(3 -2.53098e-16 0)
(3 -8.65221e-17 0)
(3 -1.57546e-16 0)
(3 -1.03902e-15 0)
(3 -1.03305e-15 0)
(3 -4.23168e-16 0)
(3 -6.8409e-17 0)
(3 -8.24914e-17 0)
(3 -8.33733e-17 0)
(3 -5.89504e-16 0)
(3 -9.1615e-15 0)
(3 -3.52607e-07 0)
(3.00186 0.000237224 0)
(2.37563 0.543562 0)
(1.21302 0.824485 0)
(1.13593 0.826479 0)
(1.15977 0.831491 0)
(1.19648 0.850776 0)
(1.25482 0.871383 0)
(1.33293 0.887222 0)
(1.43108 0.890154 0)
(3 -5.36511e-17 0)
(3 -2.26677e-16 0)
(3 -4.06402e-16 0)
(3 -3.50054e-16 0)
(3 -2.05613e-16 0)
(3 -3.17686e-16 0)
(3 -6.12836e-16 0)
(3 -1.26627e-15 0)
(3 -6.47527e-16 0)
(3 -4.8462e-17 0)
(3 -1.33548e-16 0)
(3 -1.43333e-16 0)
(3 1.28202e-16 0)
(3 1.08846e-15 0)
(3 -1.97443e-08 0)
(3 2.85879e-07 0)
(3.05262 0.0773724 0)
(1.57455 0.798133 0)
(1.18849 0.83629 0)
(1.21882 0.845259 0)
(1.24607 0.869997 0)
(1.29738 0.89059 0)
(1.3682 0.902578 0)
(1.45428 0.90139 0)
(3 -3.51115e-17 0)
(3 -4.47997e-16 0)
(3 -1.5738e-16 0)
(3 -3.56147e-16 0)
(3 -5.84196e-16 0)
(3 -7.40543e-16 0)
(3 -8.05635e-16 0)
(3 -1.13578e-15 0)
(3 7.20216e-17 0)
(3 6.3284e-16 0)
(3 3.93304e-16 0)
(3 -7.46891e-17 0)
(3 5.63242e-16 0)
(3 1.30308e-15 0)
(3 -9.85769e-11 0)
(3 -7.76286e-08 0)
(3.00667 0.00178338 0)
(2.38474 0.61299 0)
(1.29409 0.894442 0)
(1.25141 0.884428 0)
(1.29298 0.883194 0)
(1.34138 0.886705 0)
(1.40657 0.88918 0)
(1.48366 0.887598 0)
(3 6.28268e-17 0)
(3 -3.5224e-17 0)
(3 -9.04651e-16 0)
(3 -1.1113e-15 0)
(3 -1.06927e-15 0)
(3 -1.10913e-15 0)
(3 -6.27489e-16 0)
(3 -3.03601e-16 0)
(3 6.80666e-16 0)
(3 3.9131e-16 0)
(3 3.92173e-16 0)
(3 4.81393e-16 0)
(3 9.29684e-16 0)
(3 1.41825e-15 0)
(3 -8.73492e-14 0)
(3 -2.82889e-08 0)
(3.00002 1.03955e-05 0)
(3.04533 0.0903364 0)
(1.7069 0.836603 0)
(1.30143 0.897287 0)
(1.34522 0.895087 0)
(1.38348 0.901697 0)
(1.43652 0.904432 0)
(1.49943 0.903926 0)
(3 8.50327e-17 0)
(3 3.20118e-16 0)
(3 2.89535e-16 0)
(3 4.11702e-16 0)
(3 8.97056e-17 0)
(3 -1.16549e-17 0)
(3 5.60578e-16 0)
(3 1.08253e-15 0)
(3 9.89829e-16 0)
(3 8.56042e-16 0)
(3 8.76764e-16 0)
(3 1.14604e-15 0)
(3 1.38617e-15 0)
(3 1.00482e-15 0)
(3 2.92729e-15 0)
(3 -7.20806e-09 0)
(3 -6.87412e-09 0)
(3.00565 0.00312201 0)
(2.60282 0.527875 0)
(1.45929 0.946048 0)
(1.3752 0.926398 0)
(1.42359 0.919351 0)
(1.46793 0.912537 0)
(1.52318 0.903864 0)
(3 -3.00015e-16 0)
(3 4.72922e-18 0)
(3 1.09765e-15 0)
(3 1.31913e-15 0)
(3 9.96995e-16 0)
(3 5.80821e-16 0)
(3 9.16736e-16 0)
(3 9.0693e-16 0)
(3 5.65758e-16 0)
(3 6.23359e-16 0)
(3 7.66657e-16 0)
(3 8.36059e-16 0)
(3 8.9027e-16 0)
(3 8.27358e-16 0)
(3 2.97172e-15 0)
(3 -3.88656e-10 0)
(3 -3.3156e-09 0)
(3.00001 2.15585e-05 0)
(3.03631 0.0501587 0)
(1.97647 0.819676 0)
(1.43966 0.95051 0)
(1.46105 0.939357 0)
(1.49758 0.930743 0)
(1.54305 0.921195 0)
(3 1.42995e-17 0)
(3 -8.32037e-17 0)
(3 6.31853e-16 0)
(3 1.02435e-15 0)
(3 7.78775e-16 0)
(3 5.64389e-16 0)
(3 4.49023e-16 0)
(3 1.827e-16 0)
(3 7.36857e-17 0)
(3 4.77528e-16 0)
(3 3.91145e-16 0)
(3 6.51038e-16 0)
(3 8.55333e-16 0)
(3 1.32992e-15 0)
(3 2.64584e-15 0)
(3 -3.94766e-12 0)
(3 -4.36084e-10 0)
(3 8.99171e-09 0)
(3.00159 0.001879 0)
(2.83419 0.321074 0)
(1.72829 0.928169 0)
(1.48207 0.961759 0)
(1.53435 0.947545 0)
(1.57453 0.9329 0)
(3 2.94517e-16 0)
(3 2.49452e-17 0)
(3 -1.23893e-16 0)
(3 -3.09479e-16 0)
(3 -8.46077e-17 0)
(3 3.21909e-16 0)
(3 2.57228e-16 0)
(3 3.04621e-16 0)
(3 5.81787e-16 0)
(3 8.62323e-16 0)
(3 8.65428e-16 0)
(3 1.32865e-15 0)
(3 1.11733e-15 0)
(3 1.42522e-15 0)
(3 1.80577e-15 0)
(3 -3.60339e-15 0)
(3 -1.16195e-11 0)
(3 -7.24343e-12 0)
(3 7.10037e-06 0)
(3.00902 0.0220337 0)
(2.44285 0.641091 0)
(1.60747 0.993771 0)
(1.55314 0.975811 0)
(1.60273 0.958031 0)
(3 -1.63039e-16 0)
(3 -2.01028e-16 0)
(3 -7.10554e-16 0)
(3 -8.34009e-16 0)
(3 -8.37601e-16 0)
(3 3.24786e-16 0)
(3 7.91141e-16 0)
(3 6.85215e-16 0)
(3 8.26656e-16 0)
(3 8.69836e-16 0)
(3 1.365e-15 0)
(3 1.95207e-15 0)
(3 1.98803e-15 0)
(3 1.11863e-15 0)
(3 6.96989e-16 0)
(3 1.21075e-15 0)
(3 -3.27407e-14 0)
(3 -1.15577e-12 0)
(3 2.92596e-09 0)
(3.00007 0.000494973 0)
(2.98724 0.104911 0)
(2.11506 0.822774 0)
(1.62484 0.992857 0)
(1.62398 0.989637 0)
(3 -2.83625e-17 0)
(3 -1.94809e-16 0)
(3 -1.35113e-16 0)
(3 3.30807e-16 0)
(3 8.78855e-16 0)
(3 1.71051e-15 0)
(3 1.63245e-15 0)
(3 1.33302e-15 0)
(3 8.78892e-16 0)
(3 9.91251e-16 0)
(3 1.20641e-15 0)
(3 1.79639e-15 0)
(3 2.46184e-15 0)
(3 1.64096e-15 0)
(3 1.17058e-15 0)
(3 7.17681e-16 0)
(3 1.13322e-15 0)
(3 -5.27693e-14 0)
(3 3.85532e-13 0)
(3 8.56625e-07 0)
(3.00078 0.0049346 0)
(2.83915 0.298905 0)
(1.94873 0.9063 0)
(1.6767 0.997976 0)
(3 2.01614e-16 0)
(3 1.46731e-16 0)
(3 2.63717e-16 0)
(3 5.9399e-16 0)
(3 2.16182e-15 0)
(3 1.99165e-15 0)
(3 1.53744e-15 0)
(3 1.69798e-15 0)
(3 1.4523e-15 0)
(3 9.5679e-16 0)
(3 5.94517e-16 0)
(3 4.15055e-16 0)
(3 3.4298e-16 0)
(3 5.15631e-16 0)
(3 4.60497e-16 0)
(3 -1.00387e-17 0)
(3 8.25025e-16 0)
(3 -5.79115e-17 0)
(3 -4.21173e-16 0)
(3 3.56978e-10 0)
(3 2.9019e-05 0)
(2.99903 0.0226314 0)
(2.62835 0.492972 0)
(1.87975 0.950161 0)
(3 -3.53488e-18 0)
(3 9.85539e-17 0)
(3 -6.65943e-17 0)
(3 4.87007e-16 0)
(3 9.1826e-16 0)
(3 9.58791e-16 0)
(3 8.75887e-16 0)
(3 1.10594e-15 0)
(3 1.46759e-15 0)
(3 1.1175e-15 0)
(3 4.3914e-16 0)
(3 -2.58445e-16 0)
(3 -8.01952e-16 0)
(3 -1.45718e-16 0)
(3 5.17544e-16 0)
(3 6.42726e-16 0)
(3 5.90954e-16 0)
(3 8.93629e-16 0)
(3 3.43572e-17 0)
(3 3.6827e-14 0)
(3 2.36023e-08 0)
(2.99994 0.000400833 0)
(2.98723 0.0568149 0)
(2.43381 0.639018 0)
(3 1.03503e-16 0)
(3 3.86009e-17 0)
(3 2.60676e-16 0)
(3 1.87469e-16 0)
(3 5.58603e-17 0)
(3 5.55105e-16 0)
(3 3.58762e-16 0)
(3 4.14526e-16 0)
(3 6.63326e-16 0)
(3 4.96773e-16 0)
(3 3.99279e-16 0)
(3 -4.71152e-17 0)
(3 -1.6761e-17 0)
(3 2.1601e-16 0)
(3 2.14829e-16 0)
(3 3.91147e-16 0)
(3 3.29496e-16 0)
(3 5.76119e-16 0)
(3 1.09367e-15 0)
(3 1.12574e-15 0)
(3 5.27448e-12 0)
(3 6.83032e-07 0)
(2.99978 0.00196274 0)
(2.95129 0.112797 0)
(3 -3.74692e-17 0)
(3 -2.00983e-16 0)
(3 -2.18714e-16 0)
(3 -3.1576e-16 0)
(3 -1.07643e-16 0)
(3 -3.12294e-16 0)
(3 -1.86978e-17 0)
(3 2.72779e-16 0)
(3 3.08005e-16 0)
(3 6.58901e-16 0)
(3 1.02911e-15 0)
(3 8.02656e-16 0)
(3 8.70264e-16 0)
(3 2.23146e-16 0)
(3 -3.28791e-16 0)
(3 1.26425e-16 0)
(3 1.78826e-16 0)
(3 2.22079e-16 0)
(3 3.60251e-16 0)
(3 2.41729e-16 0)
(3 5.12447e-16 0)
(3 3.52071e-10 0)
(3 6.10896e-06 0)
(2.99914 0.00564867 0)
(3 -1.53463e-16 0)
(3 -8.56458e-17 0)
(3 1.20972e-16 0)
(3 2.94757e-16 0)
(3 -8.50998e-17 0)
(3 -6.52548e-16 0)
(3 -1.15006e-16 0)
(3 4.08463e-17 0)
(3 4.8947e-17 0)
(3 8.23122e-16 0)
(3 1.53711e-15 0)
(3 1.43097e-15 0)
(3 1.11996e-15 0)
(3 7.39678e-16 0)
(3 3.80362e-16 0)
(3 5.24651e-16 0)
(3 7.94216e-16 0)
(3 5.51967e-16 0)
(3 3.08868e-16 0)
(3 -2.46458e-16 0)
(3 -1.32109e-15 0)
(3 2.62453e-14 0)
(3 5.21261e-09 0)
(2.99999 3.08227e-05 0)
(3 -5.50971e-18 0)
(3 4.55928e-16 0)
(3 8.61637e-16 0)
(3 4.49882e-16 0)
(3 -3.95077e-16 0)
(3 -1.07998e-15 0)
(3 -8.75792e-16 0)
(3 -8.69148e-16 0)
(3 -9.78729e-16 0)
(3 -1.24371e-15 0)
(3 -1.18816e-15 0)
(3 -3.69201e-16 0)
(3 1.64073e-16 0)
(3 1.3878e-16 0)
(3 2.43592e-16 0)
(3 3.59274e-16 0)
(3 7.02264e-16 0)
(3 1.03377e-15 0)
(3 1.05873e-15 0)
(3 1.6496e-16 0)
(3 -4.46596e-16 0)
(3 -1.53228e-15 0)
(3 6.18509e-13 0)
(3 3.76205e-08 0)
(3 -1.76236e-17 0)
(3 1.47473e-16 0)
(3 -4.5403e-16 0)
(3 -1.13276e-15 0)
(3 -1.19319e-15 0)
(3 -1.23747e-15 0)
(3 -1.25789e-15 0)
(3 -2.13097e-15 0)
(3 -2.3375e-15 0)
(3 -2.901e-15 0)
(3 -2.46401e-15 0)
(3 -1.22957e-15 0)
(3 -2.24965e-16 0)
(3 -8.4779e-17 0)
(3 5.70526e-16 0)
(3 6.52572e-16 0)
(3 -5.05888e-17 0)
(3 -1.33405e-16 0)
(3 -4.25122e-16 0)
(3 -2.61949e-16 0)
(3 -1.27626e-16 0)
(3 -6.16264e-16 0)
(3 -6.35402e-16 0)
(3 7.13113e-12 0)
(3 8.83842e-17 0)
(3 -2.47778e-16 0)
(3 -1.10352e-15 0)
(3 -1.35388e-15 0)
(3 -2.21213e-15 0)
(3 -1.96392e-15 0)
(3 -1.87334e-15 0)
(3 -2.32306e-15 0)
(3 -1.90081e-15 0)
(3 -1.96181e-15 0)
(3 -1.17386e-15 0)
(3 -1.01794e-15 0)
(3 -8.86813e-16 0)
(3 -6.42033e-16 0)
(3 -4.75179e-16 0)
(3 -3.79469e-16 0)
(3 -9.09828e-16 0)
(3 -2.16735e-15 0)
(3 -2.24352e-15 0)
(3 -2.21212e-15 0)
(3 -2.05181e-15 0)
(3 -8.74875e-17 0)
(3 8.52018e-16 0)
(3 6.30526e-16 0)
(3 -5.32121e-17 0)
(3 -1.406e-16 0)
(3 -3.98159e-16 0)
(3 -1.97113e-16 0)
(3 1.52867e-16 0)
(3 -2.80738e-17 0)
(3 -4.56309e-16 0)
(3 -7.78463e-16 0)
(3 -1.23122e-15 0)
(3 -7.01111e-16 0)
(3 -9.05971e-16 0)
(3 -2.21423e-15 0)
(3 -2.57594e-15 0)
(3 -1.56137e-15 0)
(3 -1.64388e-15 0)
(3 -2.07253e-15 0)
(3 -2.11506e-15 0)
(3 -2.5387e-15 0)
(3 -2.36359e-15 0)
(3 -2.1411e-15 0)
(3 -1.55413e-15 0)
(3 -7.03834e-16 0)
(3 -2.62577e-16 0)
(3 1.17963e-16 0)
(3 2.19986e-18 0)
(3 5.54655e-17 0)
(3 3.78696e-18 0)
(3 1.54997e-16 0)
(3 6.68761e-16 0)
(3 4.62083e-16 0)
(3 5.11088e-16 0)
(3 6.12134e-16 0)
(3 -1.92057e-16 0)
(3 -3.15591e-16 0)
(3 -1.28621e-15 0)
(3 -1.91285e-15 0)
(3 -1.54699e-15 0)
(3 -1.02035e-15 0)
(3 -1.17113e-15 0)
(3 -3.09423e-15 0)
(3 -2.98353e-15 0)
(3 -2.06879e-15 0)
(3 -1.43678e-15 0)
(3 -5.18773e-16 0)
(3 -2.13906e-16 0)
(3 -1.62552e-16 0)
(3 -2.44557e-16 0)
(3 4.03312e-16 0)
(3 -1.51135e-16 0)
(3 7.90249e-17 0)
(3 7.08611e-16 0)
(3 3.97352e-16 0)
(3 -7.80191e-17 0)
(3 -2.35623e-16 0)
(3 1.60035e-17 0)
(3 4.66865e-16 0)
(3 1.63165e-16 0)
(3 -6.23234e-16 0)
(3 -3.23439e-16 0)
(3 -9.36598e-17 0)
(3 2.86955e-16 0)
(3 4.36638e-16 0)
(3 1.35312e-16 0)
(3 -9.37023e-16 0)
(3 -5.89291e-16 0)
(3 -2.88114e-16 0)
(3 -2.38811e-16 0)
(3 -3.97408e-16 0)
(3 -1.66122e-16 0)
(3 4.55374e-16 0)
(3 5.87934e-16 0)
(3 1.97241e-16 0)
(3 -1.07601e-16 0)
(3 5.29572e-16 0)
(3 7.43443e-16 0)
(3 8.49644e-16 0)
(3 -1.43779e-16 0)
(3 -3.01804e-16 0)
(3 -1.48236e-16 0)
(3 3.14698e-16 0)
(3 2.04036e-16 0)
(3 -4.44559e-16 0)
(3 1.51754e-16 0)
(3 6.91282e-16 0)
(3 2.36508e-16 0)
(3 3.74941e-16 0)
(3 8.62394e-16 0)
(3 9.90886e-16 0)
(3 1.99827e-16 0)
(3 -3.74196e-16 0)
(3 -9.002e-16 0)
(3 -8.9692e-16 0)
(3 -4.00961e-16 0)
(3 -1.41702e-16 0)
(3 4.19052e-17 0)
(3 3.4654e-16 0)
(3 3.0398e-16 0)
(3 -4.91014e-17 0)
(3 -1.9247e-16 0)
(3 -2.01166e-17 0)
(3 2.16276e-16 0)
(3 2.8984e-16 0)
(3 6.46711e-16 0)
(3 4.64831e-16 0)
(3 -4.43982e-17 0)
(3 -2.24277e-16 0)
(3 4.26336e-16 0)
(3 1.44727e-15 0)
(3 1.58828e-15 0)
(3 6.72076e-16 0)
(3 4.46752e-16 0)
(3 -2.82993e-17 0)
(3 -1.01934e-15 0)
(3 -1.64939e-15 0)
(3 -1.74945e-15 0)
(3 -1.00011e-15 0)
(3 6.59159e-16 0)
(3 1.10539e-15 0)
(3 1.7211e-15 0)
(3 8.69913e-16 0)
(3 1.29278e-16 0)
(3 -3.58047e-16 0)
(3 -3.19761e-16 0)
(3 -2.03414e-16 0)
(3 3.71343e-16 0)
(3 6.02026e-16 0)
(3 8.31809e-16 0)
(3 5.14243e-16 0)
(3 1.16942e-16 0)
(3 6.43095e-17 0)
(3 5.80951e-16 0)
(3 1.20351e-15 0)
(3 1.63068e-15 0)
(3 1.01379e-15 0)
(3 4.46566e-16 0)
(3 1.65882e-16 0)
(3 -9.83588e-17 0)
(3 -4.28596e-16 0)
(3 -5.55689e-16 0)
(3 2.32421e-16 0)
(3 7.73967e-16 0)
(3 1.44034e-15 0)
(3 6.99355e-16 0)
(3 2.79483e-16 0)
(1.56714 1.25124 0)
(1.83902 1.53182 0)
(2.44486 1.0387 0)
(2.72665 0.801893 0)
(2.74678 0.450936 0)
(2.75396 0.107529 0)
(2.69523 -0.245099 0)
(2.64078 -0.485155 0)
(2.5775 -0.364693 0)
(2.54376 -0.259338 0)
(2.49372 -0.288726 0)
(2.51987 -0.267555 0)
(2.54284 -0.19228 0)
(2.53087 -0.116202 0)
(2.51539 -0.0889529 0)
(2.50053 -0.0882523 0)
(2.52055 -0.0734485 0)
(2.53577 -0.0472942 0)
(2.54555 -0.0305827 0)
(2.54503 -0.0254041 0)
(2.55712 -0.0158078 0)
(2.5614 -0.0112559 0)
(2.55982 -0.00889943 0)
(2.55249 -0.00593862 0)
(2.555 -0.00526636 0)
(2.55631 -0.00334287 0)
(2.55601 -0.000389464 0)
(2.56118 3.79273e-05 0)
(2.56833 -0.00219348 0)
(2.58228 -0.00420672 0)
(2.59552 -0.00443457 0)
(2.6031 -0.00380704 0)
(2.60731 -0.00589324 0)
(2.60789 -0.00751934 0)
(2.61099 -0.0100638 0)
(2.61855 -0.0130385 0)
(2.62793 -0.0105607 0)
(2.63778 -0.00402775 0)
(2.64612 -0.000545907 0)
(2.65621 0.00150738 0)
(2.66653 0.00178599 0)
(2.67555 0.000746298 0)
(2.68446 -0.00106845 0)
(2.69386 -0.0020556 0)
(2.70282 -0.00256251 0)
(2.71015 -0.00296787 0)
(2.71746 -0.00484583 0)
(2.72824 -0.00579217 0)
(2.7417 -0.00550829 0)
(2.75438 -0.00473572 0)
(2.7649 -0.00368001 0)
(2.77558 -0.0041389 0)
(2.78446 -0.00503004 0)
(2.79578 -0.00540603 0)
(2.80808 -0.00532778 0)
(2.81968 -0.0044427 0)
(2.82758 -0.00422913 0)
(2.83224 -0.00513428 0)
(2.84119 -0.0045345 0)
(2.85399 -0.00252931 0)
(2.8671 -0.000186466 0)
(2.87889 0.00201076 0)
(2.88906 0.00370178 0)
(2.89887 0.00363659 0)
(2.90912 0.00186646 0)
(2.91638 0.0021455 0)
(2.92007 -0.00927448 0)
(2.91514 -0.0230158 0)
(2.90506 -0.0519127 0)
(2.89001 -0.095183 0)
(2.86448 -0.153384 0)
(2.82929 -0.210443 0)
(2.79539 -0.264131 0)
(2.77378 -0.311002 0)
(2.76448 -0.348241 0)
(2.76848 -0.384659 0)
(2.77421 -0.391201 0)
(2.76941 -0.377342 0)
(2.76364 -0.348592 0)
(2.75995 -0.320409 0)
(2.75478 -0.302154 0)
(2.75295 -0.276949 0)
(2.75632 -0.247964 0)
(2.77052 -0.217297 0)
(2.7868 -0.175505 0)
(2.78425 -0.156784 0)
(2.7766 -0.131354 0)
(2.76789 -0.0974077 0)
(2.76154 -0.0693526 0)
(2.76062 -0.0481434 0)
(2.76466 -0.0255041 0)
(2.77919 0.00326418 0)
(2.79717 0.02366 0)
(2.81367 0.0315931 0)
(2.82843 0.0321581 0)
(2.8492 0.0301818 0)
(1.82068 1.09013 0)
(2.30616 0.962135 0)
(2.66532 0.433899 0)
(2.7849 -0.0214748 0)
(2.83219 -0.141697 0)
(2.87456 -0.395238 0)
(2.89905 -0.55686 0)
(2.87877 -0.725475 0)
(2.83264 -0.668726 0)
(2.75063 -0.512656 0)
(2.6912 -0.373693 0)
(2.65302 -0.309535 0)
(2.61253 -0.230242 0)
(2.57715 -0.131248 0)
(2.56257 -0.0830113 0)
(2.55893 -0.0818115 0)
(2.57207 -0.0691792 0)
(2.568 -0.0260598 0)
(2.56639 -0.00292076 0)
(2.56302 0.00436904 0)
(2.56689 0.00903175 0)
(2.56236 0.0133826 0)
(2.55372 0.012284 0)
(2.55015 -0.000564824 0)
(2.55875 -0.0133133 0)
(2.56448 -0.0133755 0)
(2.56781 -0.00542308 0)
(2.57362 -0.000730954 0)
(2.5822 -0.0053325 0)
(2.59622 -0.00800075 0)
(2.61181 -0.00540013 0)
(2.62112 -0.00026722 0)
(2.62528 0.000960613 0)
(2.62826 -0.00208459 0)
(2.63284 -0.00653548 0)
(2.64015 -0.0104206 0)
(2.64526 -0.0105003 0)
(2.65233 -0.00533847 0)
(2.66158 -0.000403374 0)
(2.67048 0.00456767 0)
(2.67994 0.00735067 0)
(2.68872 0.00790019 0)
(2.69599 0.00801176 0)
(2.7021 0.00514086 0)
(2.71007 -0.00140939 0)
(2.7183 -0.00977945 0)
(2.72639 -0.0146632 0)
(2.73878 -0.0160737 0)
(2.75265 -0.0156854 0)
(2.76542 -0.013246 0)
(2.77494 -0.00847624 0)
(2.78455 -0.00556616 0)
(2.79502 -0.00601176 0)
(2.80665 -0.00695821 0)
(2.81857 -0.00857989 0)
(2.82983 -0.011376 0)
(2.83862 -0.0148201 0)
(2.84476 -0.016514 0)
(2.85259 -0.0124698 0)
(2.86377 -0.0054816 0)
(2.87563 0.00209274 0)
(2.88678 0.0119959 0)
(2.89672 0.0111984 0)
(2.90452 0.00206164 0)
(2.90991 -0.0250517 0)
(2.90648 -0.0810548 0)
(2.88946 -0.173414 0)
(2.87325 -0.275831 0)
(2.85888 -0.379632 0)
(2.84886 -0.483212 0)
(2.84714 -0.54146 0)
(2.83714 -0.611638 0)
(2.84181 -0.651185 0)
(2.8361 -0.680611 0)
(2.831 -0.671017 0)
(2.823 -0.643604 0)
(2.80494 -0.60245 0)
(2.79164 -0.548333 0)
(2.78408 -0.490462 0)
(2.7841 -0.414588 0)
(2.79198 -0.334229 0)
(2.8051 -0.260229 0)
(2.80236 -0.172778 0)
(2.80725 -0.0938698 0)
(2.81851 -0.0372189 0)
(2.81425 0.00164475 0)
(2.80419 0.0199781 0)
(2.80574 0.0345669 0)
(2.80578 0.048136 0)
(2.80392 0.0577032 0)
(2.80555 0.0743071 0)
(2.81405 0.0981176 0)
(2.82793 0.120351 0)
(2.84668 0.13268 0)
(2.8609 0.130047 0)
(2.88352 0.119479 0)
(1.72034 1.05289 0)
(2.17928 0.817958 0)
(2.35973 0.710683 0)
(2.53458 0.471697 0)
(2.70431 0.218432 0)
(2.80657 0.0193844 0)
(2.85887 -0.248177 0)
(2.84243 -0.322891 0)
(2.8492 -0.317552 0)
(2.8597 -0.353023 0)
(2.85828 -0.441106 0)
(2.84952 -0.49508 0)
(2.79355 -0.452191 0)
(2.73762 -0.343067 0)
(2.72266 -0.260458 0)
(2.71274 -0.226705 0)
(2.68614 -0.194283 0)
(2.65104 -0.126339 0)
(2.63484 -0.0650201 0)
(2.62257 -0.0520403 0)
(2.61781 -0.0345147 0)
(2.60422 -0.00159186 0)
(2.60134 0.0273454 0)
(2.59291 0.0231859 0)
(2.59295 0.00081829 0)
(2.59754 -0.0050495 0)
(2.60147 -0.00507272 0)
(2.60658 -0.00916198 0)
(2.61727 -0.016452 0)
(2.62607 -0.0289921 0)
(2.63898 -0.0300988 0)
(2.65187 -0.0223215 0)
(2.65716 -0.0147417 0)
(2.6596 -0.0137374 0)
(2.66264 -0.0147324 0)
(2.66612 -0.0128672 0)
(2.66779 2.8698e-05 0)
(2.67372 0.00560227 0)
(2.68379 0.00391496 0)
(2.6942 -0.00257985 0)
(2.70384 -0.00801719 0)
(2.71364 -0.00856531 0)
(2.72187 -0.00709627 0)
(2.72639 -0.00348954 0)
(2.72748 0.00141944 0)
(2.73403 0.00122218 0)
(2.7425 -0.00266019 0)
(2.75478 -0.00824152 0)
(2.76854 -0.00944728 0)
(2.78088 -0.00751572 0)
(2.79133 -0.00377818 0)
(2.79992 -0.00411037 0)
(2.80765 -0.00779696 0)
(2.81601 -0.00984956 0)
(2.82567 -0.00702344 0)
(2.83474 -0.00315997 0)
(2.84389 -0.00379561 0)
(2.85293 -0.00753642 0)
(2.86199 -0.00899074 0)
(2.8742 -0.00307598 0)
(2.88557 -0.000492762 0)
(2.88569 -0.0141185 0)
(2.8831 -0.049239 0)
(2.86843 -0.119893 0)
(2.84021 -0.231456 0)
(2.80664 -0.365393 0)
(2.78461 -0.479905 0)
(2.78515 -0.566114 0)
(2.77429 -0.64894 0)
(2.79873 -0.660108 0)
(2.77664 -0.692907 0)
(2.78923 -0.71109 0)
(2.79646 -0.712235 0)
(2.80709 -0.711364 0)
(2.81374 -0.707891 0)
(2.81569 -0.694263 0)
(2.81919 -0.67894 0)
(2.83211 -0.664698 0)
(2.841 -0.646739 0)
(2.84922 -0.627623 0)
(2.85965 -0.603959 0)
(2.86482 -0.570541 0)
(2.86033 -0.519437 0)
(2.86538 -0.463359 0)
(2.87619 -0.419914 0)
(2.8872 -0.373146 0)
(2.89796 -0.318443 0)
(2.90918 -0.268228 0)
(2.92104 -0.22328 0)
(2.9236 -0.170573 0)
(2.91592 -0.114379 0)
(2.9118 -0.0595918 0)
(2.91546 -0.0152918 0)
(2.92344 0.0162858 0)
(2.9305 0.0309531 0)
(2.94883 0.0376547 0)
(1.66011 0.99965 0)
(1.92639 0.925727 0)
(2.16025 0.779097 0)
(2.41537 0.486431 0)
(2.56657 0.300287 0)
(2.59861 0.252587 0)
(2.68335 0.0674705 0)
(2.75541 -0.123517 0)
(2.77749 -0.216264 0)
(2.82897 -0.356432 0)
(2.84866 -0.448309 0)
(2.86989 -0.480869 0)
(2.86386 -0.480226 0)
(2.83852 -0.457643 0)
(2.82304 -0.411879 0)
(2.81095 -0.372974 0)
(2.77728 -0.340814 0)
(2.74691 -0.28636 0)
(2.72517 -0.211386 0)
(2.71042 -0.171145 0)
(2.70772 -0.147036 0)
(2.68133 -0.090553 0)
(2.67247 -0.0398476 0)
(2.65645 -0.0387031 0)
(2.63899 -0.0337397 0)
(2.63991 -0.0125543 0)
(2.63962 0.0195288 0)
(2.64255 0.0279678 0)
(2.64517 0.0231723 0)
(2.65057 0.00799669 0)
(2.65984 -0.00561235 0)
(2.67184 -0.00599952 0)
(2.67979 -0.00948851 0)
(2.68568 -0.0211371 0)
(2.68704 -0.0317568 0)
(2.68774 -0.0341787 0)
(2.69082 -0.0242986 0)
(2.69728 -0.00885223 0)
(2.7081 -0.000632808 0)
(2.7193 0.00331783 0)
(2.72691 0.00330713 0)
(2.73543 0.0025966 0)
(2.7433 0.00179434 0)
(2.7475 0.00121037 0)
(2.74875 0.00295261 0)
(2.75342 0.00401656 0)
(2.76233 0.00102134 0)
(2.77226 -0.00494125 0)
(2.78338 -0.0107309 0)
(2.79357 -0.010433 0)
(2.80449 -0.00660078 0)
(2.81323 -0.00590586 0)
(2.81775 -0.010537 0)
(2.81946 -0.0125437 0)
(2.82537 -0.00534608 0)
(2.83627 0.00354207 0)
(2.84512 0.00888717 0)
(2.85671 0.00369455 0)
(2.85982 -0.0185395 0)
(2.862 -0.0495425 0)
(2.84893 -0.107768 0)
(2.82588 -0.196162 0)
(2.79088 -0.310697 0)
(2.75483 -0.433095 0)
(2.72154 -0.532843 0)
(2.71611 -0.600629 0)
(2.70241 -0.670228 0)
(2.72198 -0.678789 0)
(2.72878 -0.697728 0)
(2.74025 -0.695259 0)
(2.75256 -0.690936 0)
(2.76726 -0.684113 0)
(2.78307 -0.682356 0)
(2.79599 -0.678465 0)
(2.79886 -0.667941 0)
(2.79457 -0.652554 0)
(2.80715 -0.640802 0)
(2.8218 -0.635365 0)
(2.83547 -0.63821 0)
(2.84741 -0.641104 0)
(2.8539 -0.637247 0)
(2.86353 -0.621889 0)
(2.86751 -0.606306 0)
(2.87499 -0.577867 0)
(2.87517 -0.558177 0)
(2.88536 -0.541485 0)
(2.89165 -0.521394 0)
(2.89998 -0.495321 0)
(2.90805 -0.459298 0)
(2.91296 -0.408307 0)
(2.91473 -0.349778 0)
(2.91444 -0.285982 0)
(2.91817 -0.227128 0)
(2.92915 -0.193432 0)
(2.931 -0.163164 0)
(2.96678 -0.140495 0)
(1.59546 0.958106 0)
(1.80607 0.910398 0)
(2.05134 0.766156 0)
(2.24734 0.576519 0)
(2.32649 0.519849 0)
(2.44571 0.37405 0)
(2.56564 0.131866 0)
(2.62812 0.0687803 0)
(2.65098 0.056516 0)
(2.7137 -0.0875874 0)
(2.74041 -0.196974 0)
(2.75829 -0.206174 0)
(2.79385 -0.311524 0)
(2.80335 -0.356425 0)
(2.82085 -0.36278 0)
(2.8267 -0.366757 0)
(2.82368 -0.390577 0)
(2.81652 -0.385377 0)
(2.79856 -0.34146 0)
(2.78136 -0.289957 0)
(2.76716 -0.256147 0)
(2.74644 -0.208051 0)
(2.7302 -0.138528 0)
(2.7163 -0.119617 0)
(2.70156 -0.11563 0)
(2.67619 -0.0818052 0)
(2.6679 -0.0306054 0)
(2.672 0.00112246 0)
(2.66454 3.51451e-05 0)
(2.66484 -0.00416331 0)
(2.66777 -0.00908657 0)
(2.67499 -0.00122999 0)
(2.67883 0.00566786 0)
(2.6887 -0.00330257 0)
(2.6971 -0.01858 0)
(2.70157 -0.0230983 0)
(2.7079 -0.0166151 0)
(2.71421 -0.0106347 0)
(2.72432 -0.00879936 0)
(2.7355 -0.00810242 0)
(2.7422 -0.00635719 0)
(2.7483 -0.00334177 0)
(2.75339 -0.000383159 0)
(2.75719 0.00227656 0)
(2.7618 0.00683937 0)
(2.76683 0.00958534 0)
(2.77398 0.00796037 0)
(2.78124 0.00570332 0)
(2.78771 0.00541108 0)
(2.79603 0.00600611 0)
(2.80798 0.00828179 0)
(2.81854 0.00882671 0)
(2.82459 0.00187794 0)
(2.8229 -0.0101448 0)
(2.8196 -0.0118481 0)
(2.83206 -0.0155293 0)
(2.83435 -0.0269427 0)
(2.82843 -0.0666342 0)
(2.80736 -0.142012 0)
(2.77428 -0.266569 0)
(2.72842 -0.408293 0)
(2.70971 -0.506023 0)
(2.66642 -0.592732 0)
(2.67198 -0.61963 0)
(2.6535 -0.666311 0)
(2.66669 -0.684047 0)
(2.6764 -0.685807 0)
(2.68711 -0.689222 0)
(2.69764 -0.689058 0)
(2.71699 -0.681321 0)
(2.73754 -0.670468 0)
(2.75674 -0.666316 0)
(2.77416 -0.663475 0)
(2.78969 -0.652938 0)
(2.79579 -0.638712 0)
(2.79108 -0.625678 0)
(2.79734 -0.617369 0)
(2.8115 -0.613508 0)
(2.82913 -0.611841 0)
(2.84486 -0.60854 0)
(2.85632 -0.603312 0)
(2.86491 -0.600727 0)
(2.87521 -0.593776 0)
(2.88143 -0.573885 0)
(2.88418 -0.562834 0)
(2.88866 -0.559778 0)
(2.90145 -0.552791 0)
(2.90933 -0.544029 0)
(2.91423 -0.53726 0)
(2.91934 -0.528305 0)
(2.92269 -0.508441 0)
(2.91862 -0.477963 0)
(2.91669 -0.442396 0)
(2.92426 -0.424381 0)
(2.92881 -0.408019 0)
(2.95302 -0.381901 0)
(1.55552 0.934526 0)
(1.74028 0.886536 0)
(1.94242 0.771913 0)
(2.0979 0.658652 0)
(2.19542 0.597519 0)
(2.31238 0.487713 0)
(2.44222 0.30202 0)
(2.52026 0.205998 0)
(2.56302 0.162606 0)
(2.63807 0.0167054 0)
(2.6704 -0.0972888 0)
(2.7043 -0.104715 0)
(2.74096 -0.178029 0)
(2.76141 -0.310562 0)
(2.7769 -0.325888 0)
(2.81683 -0.357617 0)
(2.81703 -0.408327 0)
(2.82008 -0.411635 0)
(2.83373 -0.39318 0)
(2.81903 -0.367005 0)
(2.81056 -0.361731 0)
(2.79521 -0.338879 0)
(2.78139 -0.288038 0)
(2.76681 -0.230005 0)
(2.74325 -0.203254 0)
(2.71512 -0.163115 0)
(2.68902 -0.0777748 0)
(2.69172 -0.0311948 0)
(2.68254 -0.035387 0)
(2.67477 -0.0381052 0)
(2.67279 -0.0357698 0)
(2.67285 -0.0195471 0)
(2.67674 -0.00518991 0)
(2.683 -0.00333633 0)
(2.6992 -0.00395462 0)
(2.70568 -0.00421713 0)
(2.71183 -0.00114984 0)
(2.71835 -0.00136018 0)
(2.72775 -0.00153913 0)
(2.73906 -0.00346214 0)
(2.74716 -0.0121729 0)
(2.74874 -0.0144338 0)
(2.7542 -0.0141185 0)
(2.75988 -0.0131477 0)
(2.76782 -0.00839327 0)
(2.77315 -0.000343376 0)
(2.77824 0.00936725 0)
(2.78378 0.0163401 0)
(2.78639 0.0186677 0)
(2.79226 0.0192914 0)
(2.80175 0.0222621 0)
(2.81206 0.0210169 0)
(2.81834 0.0137741 0)
(2.8169 -0.00804755 0)
(2.81149 -0.0303711 0)
(2.79814 -0.0706283 0)
(2.76878 -0.161997 0)
(2.72945 -0.280485 0)
(2.66239 -0.456655 0)
(2.65811 -0.549728 0)
(2.62973 -0.64238 0)
(2.63984 -0.660873 0)
(2.6195 -0.679708 0)
(2.62273 -0.691182 0)
(2.63693 -0.686082 0)
(2.65072 -0.679811 0)
(2.66193 -0.687414 0)
(2.67222 -0.68641 0)
(2.69221 -0.670658 0)
(2.71459 -0.652738 0)
(2.73522 -0.640821 0)
(2.75645 -0.637879 0)
(2.77549 -0.633768 0)
(2.78888 -0.627719 0)
(2.79849 -0.615657 0)
(2.79254 -0.60004 0)
(2.79156 -0.588157 0)
(2.80365 -0.582191 0)
(2.82098 -0.579938 0)
(2.84034 -0.576758 0)
(2.85961 -0.567301 0)
(2.8698 -0.562948 0)
(2.88134 -0.55289 0)
(2.88707 -0.537106 0)
(2.89042 -0.533658 0)
(2.89438 -0.540687 0)
(2.90294 -0.536995 0)
(2.90873 -0.531351 0)
(2.91272 -0.528149 0)
(2.91683 -0.520128 0)
(2.9186 -0.503849 0)
(2.91534 -0.485882 0)
(2.91231 -0.467682 0)
(2.92111 -0.458558 0)
(2.92867 -0.45393 0)
(2.94609 -0.44868 0)
(1.5364 0.901408 0)
(1.69585 0.862057 0)
(1.86317 0.777144 0)
(1.98492 0.718291 0)
(2.09477 0.65796 0)
(2.24899 0.5138 0)
(2.35568 0.370539 0)
(2.40686 0.345708 0)
(2.44729 0.305624 0)
(2.53933 0.174789 0)
(2.60252 0.0324576 0)
(2.64526 0.000934271 0)
(2.66832 -0.0298786 0)
(2.69556 -0.134366 0)
(2.71953 -0.170392 0)
(2.74083 -0.163995 0)
(2.77141 -0.241017 0)
(2.77675 -0.28589 0)
(2.79286 -0.281772 0)
(2.7967 -0.312635 0)
(2.79569 -0.336756 0)
(2.80379 -0.349862 0)
(2.80527 -0.338519 0)
(2.80279 -0.330338 0)
(2.79047 -0.319739 0)
(2.76475 -0.267818 0)
(2.75222 -0.199415 0)
(2.73751 -0.118731 0)
(2.72212 -0.0879045 0)
(2.69936 -0.0688848 0)
(2.67685 -0.0472916 0)
(2.6745 -0.0197511 0)
(2.67472 -0.0198939 0)
(2.68498 -0.0251777 0)
(2.70282 -0.0178321 0)
(2.71229 -0.00274595 0)
(2.71247 0.00477079 0)
(2.71676 0.00574025 0)
(2.72431 -0.000325117 0)
(2.7348 -0.00360594 0)
(2.74118 -0.0021314 0)
(2.74225 -0.00612496 0)
(2.75032 -0.00991324 0)
(2.75795 -0.0133868 0)
(2.7678 -0.0136204 0)
(2.77742 -0.00714223 0)
(2.78265 0.00299539 0)
(2.78473 0.00943571 0)
(2.78525 0.0143453 0)
(2.7898 0.01151 0)
(2.79454 0.00956981 0)
(2.80073 0.00282379 0)
(2.79841 -0.0164728 0)
(2.77812 -0.0747433 0)
(2.74531 -0.181144 0)
(2.67072 -0.347865 0)
(2.65277 -0.447909 0)
(2.57178 -0.594642 0)
(2.57838 -0.632699 0)
(2.60017 -0.652845 0)
(2.60269 -0.699862 0)
(2.59654 -0.711589 0)
(2.60771 -0.709657 0)
(2.62005 -0.698336 0)
(2.63234 -0.69345 0)
(2.6508 -0.683166 0)
(2.66916 -0.667306 0)
(2.68266 -0.653467 0)
(2.69739 -0.632536 0)
(2.71847 -0.616767 0)
(2.73574 -0.612587 0)
(2.75738 -0.612186 0)
(2.77825 -0.61292 0)
(2.79073 -0.611085 0)
(2.79195 -0.600366 0)
(2.79161 -0.577194 0)
(2.8018 -0.564577 0)
(2.81616 -0.560468 0)
(2.83262 -0.557209 0)
(2.85051 -0.552398 0)
(2.86402 -0.546917 0)
(2.87887 -0.541814 0)
(2.88961 -0.53091 0)
(2.89558 -0.521208 0)
(2.89362 -0.522579 0)
(2.89214 -0.520245 0)
(2.9015 -0.520229 0)
(2.90828 -0.515624 0)
(2.91272 -0.510686 0)
(2.91693 -0.498579 0)
(2.91855 -0.47971 0)
(2.91697 -0.462853 0)
(2.91746 -0.451608 0)
(2.92163 -0.448604 0)
(2.92565 -0.447623 0)
(2.94308 -0.447777 0)
(1.52992 0.893371 0)
(1.6595 0.859655 0)
(1.79527 0.802295 0)
(1.91526 0.750653 0)
(2.03086 0.685791 0)
(2.15787 0.572682 0)
(2.2455 0.483285 0)
(2.29872 0.456628 0)
(2.3909 0.365622 0)
(2.4845 0.218286 0)
(2.53215 0.155328 0)
(2.54814 0.158894 0)
(2.60246 0.0832552 0)
(2.65324 -0.0412246 0)
(2.68378 -0.0863977 0)
(2.70326 -0.095034 0)
(2.74374 -0.173603 0)
(2.75466 -0.248412 0)
(2.7721 -0.250924 0)
(2.79009 -0.284811 0)
(2.79181 -0.352239 0)
(2.79347 -0.367935 0)
(2.81173 -0.349238 0)
(2.81362 -0.332196 0)
(2.81094 -0.337698 0)
(2.80906 -0.338013 0)
(2.80067 -0.312692 0)
(2.79033 -0.273658 0)
(2.76907 -0.223081 0)
(2.74176 -0.184022 0)
(2.71951 -0.143956 0)
(2.69774 -0.0735745 0)
(2.69487 -0.0501915 0)
(2.70136 -0.0539683 0)
(2.71284 -0.0376399 0)
(2.71996 -0.0112159 0)
(2.71842 -0.00242465 0)
(2.72118 -0.00453886 0)
(2.72512 -0.00971386 0)
(2.73128 -0.0111528 0)
(2.73769 -0.00440654 0)
(2.73728 0.00284261 0)
(2.74325 0.00211017 0)
(2.7515 -0.00176209 0)
(2.76209 -0.00505068 0)
(2.77325 -0.00321056 0)
(2.78309 0.00179214 0)
(2.78766 0.008655 0)
(2.78589 0.00948076 0)
(2.78749 -0.00251487 0)
(2.78014 -0.0199868 0)
(2.75602 -0.0859079 0)
(2.71131 -0.201193 0)
(2.63925 -0.383105 0)
(2.62463 -0.495443 0)
(2.55624 -0.631924 0)
(2.5594 -0.637804 0)
(2.55374 -0.65285 0)
(2.5499 -0.688017 0)
(2.56845 -0.700997 0)
(2.5905 -0.700416 0)
(2.60336 -0.695984 0)
(2.61969 -0.692801 0)
(2.63847 -0.686467 0)
(2.65063 -0.676375 0)
(2.6719 -0.656792 0)
(2.69027 -0.638236 0)
(2.70021 -0.62707 0)
(2.71181 -0.606542 0)
(2.72331 -0.594811 0)
(2.73842 -0.595079 0)
(2.75702 -0.597669 0)
(2.77347 -0.600653 0)
(2.78727 -0.599155 0)
(2.8005 -0.58641 0)
(2.81256 -0.5686 0)
(2.82331 -0.551541 0)
(2.83394 -0.541042 0)
(2.84655 -0.536613 0)
(2.85996 -0.534477 0)
(2.87251 -0.533316 0)
(2.88493 -0.528952 0)
(2.89425 -0.522526 0)
(2.89984 -0.518414 0)
(2.90182 -0.516489 0)
(2.90527 -0.516572 0)
(2.91152 -0.514219 0)
(2.91854 -0.508238 0)
(2.92501 -0.493831 0)
(2.92862 -0.471854 0)
(2.92788 -0.451087 0)
(2.92778 -0.437967 0)
(2.92783 -0.433373 0)
(2.9298 -0.435565 0)
(2.93427 -0.438586 0)
(2.94488 -0.435254 0)
(1.53874 0.87864 0)
(1.64796 0.850145 0)
(1.76854 0.803966 0)
(1.87371 0.765482 0)
(1.98069 0.707559 0)
(2.0991 0.607538 0)
(2.18536 0.540829 0)
(2.24465 0.510041 0)
(2.32777 0.433007 0)
(2.41176 0.312477 0)
(2.46478 0.254267 0)
(2.49051 0.241442 0)
(2.55134 0.16506 0)
(2.59652 0.0682439 0)
(2.62651 0.051371 0)
(2.64665 0.0362007 0)
(2.69274 -0.0484429 0)
(2.70875 -0.125953 0)
(2.73144 -0.134264 0)
(2.74645 -0.141681 0)
(2.7567 -0.210234 0)
(2.75673 -0.243165 0)
(2.76498 -0.229372 0)
(2.77911 -0.247666 0)
(2.79634 -0.27699 0)
(2.79876 -0.316183 0)
(2.80771 -0.318432 0)
(2.80221 -0.310847 0)
(2.7971 -0.308768 0)
(2.78675 -0.296054 0)
(2.7718 -0.255979 0)
(2.75567 -0.185469 0)
(2.75143 -0.143039 0)
(2.751 -0.112393 0)
(2.73219 -0.04791 0)
(2.73018 -0.00272928 0)
(2.72821 0.00129404 0)
(2.72308 -0.0108253 0)
(2.72792 -0.0246182 0)
(2.73143 -0.0250735 0)
(2.73773 -0.0140418 0)
(2.73919 0.00387835 0)
(2.74003 0.00850654 0)
(2.74788 0.00746884 0)
(2.75679 0.00511204 0)
(2.76708 0.0051394 0)
(2.77678 0.00889536 0)
(2.78423 0.00305003 0)
(2.77259 -0.0233177 0)
(2.74194 -0.0987998 0)
(2.67872 -0.248111 0)
(2.62545 -0.382137 0)
(2.56288 -0.526066 0)
(2.51856 -0.674289 0)
(2.5372 -0.673908 0)
(2.55108 -0.672604 0)
(2.55211 -0.672923 0)
(2.54883 -0.686576 0)
(2.55439 -0.694471 0)
(2.57224 -0.692385 0)
(2.59781 -0.677032 0)
(2.62154 -0.66286 0)
(2.64261 -0.657441 0)
(2.65873 -0.6545 0)
(2.674 -0.647271 0)
(2.69269 -0.632892 0)
(2.70785 -0.620011 0)
(2.71647 -0.60798 0)
(2.71997 -0.593045 0)
(2.72673 -0.587989 0)
(2.73898 -0.590121 0)
(2.7559 -0.592 0)
(2.77593 -0.58925 0)
(2.79512 -0.581891 0)
(2.81458 -0.562603 0)
(2.82789 -0.544299 0)
(2.8441 -0.538614 0)
(2.85246 -0.533545 0)
(2.85622 -0.528191 0)
(2.86632 -0.526498 0)
(2.88039 -0.523877 0)
(2.89371 -0.519018 0)
(2.90389 -0.514898 0)
(2.9097 -0.51681 0)
(2.91644 -0.516834 0)
(2.92141 -0.508359 0)
(2.92399 -0.494353 0)
(2.9306 -0.482678 0)
(2.93904 -0.462763 0)
(2.94145 -0.447084 0)
(2.9442 -0.43609 0)
(2.94412 -0.42748 0)
(2.93874 -0.419011 0)
(2.93867 -0.413596 0)
(2.94655 -0.413553 0)
(2.94931 -0.406328 0)
(1.54586 0.889327 0)
(1.64301 0.860965 0)
(1.7455 0.822449 0)
(1.83668 0.788927 0)
(1.93802 0.731682 0)
(2.04007 0.649319 0)
(2.10959 0.613404 0)
(2.17517 0.576455 0)
(2.28018 0.47602 0)
(2.35333 0.36907 0)
(2.39324 0.352659 0)
(2.42419 0.332048 0)
(2.50327 0.242448 0)
(2.55741 0.136592 0)
(2.59455 0.113261 0)
(2.61273 0.107913 0)
(2.6505 0.0367153 0)
(2.66796 -0.032812 0)
(2.68818 -0.0343942 0)
(2.70834 -0.0554208 0)
(2.73798 -0.139422 0)
(2.73992 -0.192989 0)
(2.75208 -0.187135 0)
(2.76696 -0.205277 0)
(2.79279 -0.270179 0)
(2.79227 -0.317168 0)
(2.80962 -0.316437 0)
(2.81085 -0.310355 0)
(2.80229 -0.315576 0)
(2.80236 -0.319449 0)
(2.80776 -0.312947 0)
(2.80909 -0.288031 0)
(2.80641 -0.253563 0)
(2.79214 -0.204288 0)
(2.79072 -0.177004 0)
(2.77854 -0.121137 0)
(2.75948 -0.0582061 0)
(2.74716 -0.0409752 0)
(2.73718 -0.0492061 0)
(2.73873 -0.0393205 0)
(2.73977 -0.029628 0)
(2.74233 -0.00854522 0)
(2.74761 0.00499908 0)
(2.75244 0.00615505 0)
(2.75801 0.00594732 0)
(2.7654 0.00486942 0)
(2.75844 -0.012834 0)
(2.72517 -0.0857111 0)
(2.64925 -0.249268 0)
(2.57278 -0.434728 0)
(2.55788 -0.531575 0)
(2.47377 -0.670909 0)
(2.48262 -0.705763 0)
(2.51513 -0.69961 0)
(2.53627 -0.696798 0)
(2.54611 -0.695581 0)
(2.56119 -0.697574 0)
(2.56728 -0.696266 0)
(2.58031 -0.677782 0)
(2.59408 -0.659189 0)
(2.61925 -0.646118 0)
(2.64144 -0.63598 0)
(2.66092 -0.629985 0)
(2.68114 -0.627039 0)
(2.6975 -0.626646 0)
(2.71137 -0.621532 0)
(2.72175 -0.610166 0)
(2.72781 -0.591247 0)
(2.73277 -0.57427 0)
(2.73978 -0.569327 0)
(2.74991 -0.569799 0)
(2.76713 -0.571278 0)
(2.78264 -0.571164 0)
(2.80149 -0.560262 0)
(2.81937 -0.54256 0)
(2.83935 -0.537748 0)
(2.85923 -0.538331 0)
(2.86497 -0.532586 0)
(2.86427 -0.521269 0)
(2.87324 -0.515602 0)
(2.88479 -0.513099 0)
(2.89633 -0.512238 0)
(2.90927 -0.510409 0)
(2.92142 -0.505042 0)
(2.92905 -0.497435 0)
(2.93417 -0.487422 0)
(2.93979 -0.473207 0)
(2.94611 -0.454952 0)
(2.94654 -0.441675 0)
(2.95097 -0.431601 0)
(2.95486 -0.421046 0)
(2.95168 -0.410815 0)
(2.95344 -0.407948 0)
(2.95805 -0.404576 0)
(2.96332 -0.400813 0)
(2.96781 -0.385602 0)
(1.56593 0.878616 0)
(1.65611 0.853913 0)
(1.74643 0.822913 0)
(1.82769 0.793916 0)
(1.91646 0.744474 0)
(2.00741 0.679766 0)
(2.0791 0.641682 0)
(2.14562 0.598963 0)
(2.22868 0.517477 0)
(2.29105 0.442717 0)
(2.3317 0.426686 0)
(2.3853 0.383649 0)
(2.46019 0.291793 0)
(2.49975 0.22471 0)
(2.52595 0.228729 0)
(2.55144 0.208467 0)
(2.60308 0.122859 0)
(2.62582 0.0476348 0)
(2.64889 0.0437334 0)
(2.66282 0.040083 0)
(2.68959 -0.0256595 0)
(2.69555 -0.0766279 0)
(2.71217 -0.0729197 0)
(2.72903 -0.0861239 0)
(2.75254 -0.157299 0)
(2.75341 -0.208442 0)
(2.76973 -0.211193 0)
(2.77929 -0.217597 0)
(2.78649 -0.244089 0)
(2.79063 -0.276582 0)
(2.80914 -0.281538 0)
(2.8205 -0.276249 0)
(2.82395 -0.273976 0)
(2.8238 -0.281066 0)
(2.82489 -0.271779 0)
(2.81626 -0.226987 0)
(2.81292 -0.19176 0)
(2.79494 -0.14763 0)
(2.77266 -0.110015 0)
(2.74964 -0.0593408 0)
(2.74372 -0.0285306 0)
(2.75145 -0.0237907 0)
(2.76306 -0.0125564 0)
(2.76337 -0.00684535 0)
(2.75535 -0.0197997 0)
(2.7222 -0.0866976 0)
(2.65617 -0.212802 0)
(2.52922 -0.423232 0)
(2.48825 -0.548966 0)
(2.44548 -0.691127 0)
(2.45646 -0.713646 0)
(2.48591 -0.691111 0)
(2.50856 -0.709369 0)
(2.51893 -0.713267 0)
(2.53705 -0.716079 0)
(2.56231 -0.708704 0)
(2.58758 -0.694995 0)
(2.6085 -0.673668 0)
(2.61374 -0.654585 0)
(2.61808 -0.638863 0)
(2.63779 -0.635387 0)
(2.65867 -0.62424 0)
(2.68272 -0.614903 0)
(2.70114 -0.614096 0)
(2.71397 -0.614916 0)
(2.72315 -0.613991 0)
(2.73084 -0.602141 0)
(2.74098 -0.580424 0)
(2.74864 -0.567239 0)
(2.75692 -0.562203 0)
(2.76487 -0.559776 0)
(2.77442 -0.552532 0)
(2.79075 -0.5432 0)
(2.80787 -0.534203 0)
(2.82575 -0.533113 0)
(2.8482 -0.537022 0)
(2.86876 -0.538822 0)
(2.87986 -0.531814 0)
(2.87881 -0.514268 0)
(2.8801 -0.502415 0)
(2.89178 -0.496499 0)
(2.90597 -0.494123 0)
(2.91734 -0.490854 0)
(2.93242 -0.482959 0)
(2.94337 -0.473506 0)
(2.94978 -0.468412 0)
(2.95486 -0.456512 0)
(2.95639 -0.437632 0)
(2.95948 -0.424893 0)
(2.96119 -0.419858 0)
(2.96371 -0.416085 0)
(2.96715 -0.405419 0)
(2.97153 -0.39108 0)
(2.97618 -0.379687 0)
(2.98246 -0.373798 0)
(2.98954 -0.358315 0)
(1.57157 0.895961 0)
(1.6516 0.875147 0)
(1.73137 0.849384 0)
(1.80607 0.821354 0)
(1.88993 0.771566 0)
(1.96692 0.719325 0)
(2.02507 0.694218 0)
(2.09688 0.647167 0)
(2.18408 0.558776 0)
(2.24105 0.500617 0)
(2.28033 0.485044 0)
(2.33856 0.441565 0)
(2.41075 0.358116 0)
(2.4599 0.287916 0)
(2.49226 0.279547 0)
(2.52059 0.258232 0)
(2.56421 0.18222 0)
(2.58492 0.126413 0)
(2.60146 0.132041 0)
(2.62498 0.10864 0)
(2.66455 0.0333306 0)
(2.67221 -0.026429 0)
(2.69075 -0.0260584 0)
(2.70543 -0.0277877 0)
(2.73253 -0.0953395 0)
(2.73702 -0.153643 0)
(2.75238 -0.160362 0)
(2.768 -0.173489 0)
(2.78947 -0.21628 0)
(2.79234 -0.268114 0)
(2.80248 -0.281475 0)
(2.82586 -0.277209 0)
(2.83323 -0.280714 0)
(2.83238 -0.293542 0)
(2.83678 -0.302629 0)
(2.84715 -0.295523 0)
(2.83936 -0.265309 0)
(2.83182 -0.248916 0)
(2.81532 -0.223737 0)
(2.79458 -0.178491 0)
(2.77954 -0.119067 0)
(2.77334 -0.0615216 0)
(2.76238 -0.0667045 0)
(2.76033 -0.0833461 0)
(2.66556 -0.240887 0)
(2.58243 -0.405107 0)
(2.48873 -0.567865 0)
(2.44999 -0.650333 0)
(2.45741 -0.685109 0)
(2.47403 -0.708755 0)
(2.48336 -0.699674 0)
(2.50691 -0.691119 0)
(2.52102 -0.687983 0)
(2.5373 -0.690511 0)
(2.55943 -0.695101 0)
(2.59211 -0.686563 0)
(2.62304 -0.664536 0)
(2.63692 -0.647754 0)
(2.63469 -0.635809 0)
(2.63289 -0.625668 0)
(2.64695 -0.624051 0)
(2.66473 -0.618605 0)
(2.68934 -0.61344 0)
(2.70813 -0.608722 0)
(2.71753 -0.607167 0)
(2.72731 -0.605469 0)
(2.73971 -0.598495 0)
(2.75257 -0.581538 0)
(2.76346 -0.560386 0)
(2.77331 -0.544565 0)
(2.77606 -0.534939 0)
(2.78134 -0.528273 0)
(2.79867 -0.52059 0)
(2.81714 -0.518391 0)
(2.8385 -0.523668 0)
(2.8565 -0.531323 0)
(2.87253 -0.537171 0)
(2.88753 -0.535136 0)
(2.89621 -0.517967 0)
(2.8956 -0.490909 0)
(2.90421 -0.475861 0)
(2.91523 -0.469823 0)
(2.93011 -0.463694 0)
(2.94847 -0.456752 0)
(2.95745 -0.456113 0)
(2.96657 -0.457403 0)
(2.97088 -0.452916 0)
(2.96601 -0.43562 0)
(2.97056 -0.416293 0)
(2.98102 -0.40442 0)
(2.9868 -0.395735 0)
(2.98963 -0.389028 0)
(2.99373 -0.380885 0)
(2.99529 -0.368137 0)
(3.00063 -0.354706 0)
(3.00381 -0.341233 0)
(1.58809 0.891852 0)
(1.66147 0.87322 0)
(1.73517 0.851047 0)
(1.80474 0.823672 0)
(1.87724 0.785632 0)
(1.9471 0.745893 0)
(2.0087 0.710153 0)
(2.07885 0.656735 0)
(2.14583 0.594573 0)
(2.19278 0.562762 0)
(2.23928 0.531106 0)
(2.31346 0.46447 0)
(2.37442 0.389243 0)
(2.40858 0.364515 0)
(2.42916 0.367582 0)
(2.47232 0.327881 0)
(2.52136 0.246231 0)
(2.54491 0.189153 0)
(2.56545 0.189624 0)
(2.5776 0.188328 0)
(2.61307 0.128865 0)
(2.62989 0.0645269 0)
(2.64965 0.0568672 0)
(2.6743 0.0411149 0)
(2.7058 -0.0228653 0)
(2.71015 -0.0760827 0)
(2.72609 -0.0820681 0)
(2.74105 -0.0776219 0)
(2.75988 -0.115841 0)
(2.76737 -0.169768 0)
(2.77472 -0.186254 0)
(2.78853 -0.184919 0)
(2.81319 -0.20646 0)
(2.82434 -0.240776 0)
(2.82708 -0.266381 0)
(2.84432 -0.266406 0)
(2.83607 -0.260331 0)
(2.83168 -0.260958 0)
(2.82822 -0.258292 0)
(2.82411 -0.247411 0)
(2.81768 -0.221647 0)
(2.79907 -0.215754 0)
(2.73195 -0.291205 0)
(2.61617 -0.483605 0)
(2.52292 -0.662412 0)
(2.46066 -0.782319 0)
(2.46076 -0.747286 0)
(2.46463 -0.750321 0)
(2.47893 -0.753342 0)
(2.4857 -0.745959 0)
(2.50299 -0.728396 0)
(2.52144 -0.698858 0)
(2.54447 -0.657767 0)
(2.56128 -0.642615 0)
(2.57894 -0.645637 0)
(2.60303 -0.647163 0)
(2.63219 -0.639677 0)
(2.6525 -0.630536 0)
(2.66198 -0.62169 0)
(2.66042 -0.611132 0)
(2.66491 -0.603584 0)
(2.67854 -0.599065 0)
(2.69958 -0.602155 0)
(2.71335 -0.600916 0)
(2.72702 -0.599474 0)
(2.74102 -0.598591 0)
(2.75547 -0.586891 0)
(2.76645 -0.56757 0)
(2.78016 -0.553817 0)
(2.79578 -0.543516 0)
(2.80323 -0.530405 0)
(2.80317 -0.514476 0)
(2.80379 -0.503408 0)
(2.82338 -0.505116 0)
(2.84307 -0.50987 0)
(2.85996 -0.51309 0)
(2.87753 -0.513648 0)
(2.89552 -0.510682 0)
(2.9092 -0.502078 0)
(2.91582 -0.479469 0)
(2.92079 -0.454095 0)
(2.93377 -0.445144 0)
(2.94655 -0.440631 0)
(2.95742 -0.439928 0)
(2.9697 -0.44184 0)
(2.98041 -0.442428 0)
(2.98323 -0.440146 0)
(2.98123 -0.424866 0)
(2.98732 -0.405569 0)
(2.99789 -0.390901 0)
(3.0086 -0.374256 0)
(3.01581 -0.366667 0)
(3.02253 -0.364749 0)
(3.02426 -0.361695 0)
(3.01691 -0.356736 0)
(3.01503 -0.335973 0)
(1.60032 0.90576 0)
(1.66151 0.889731 0)
(1.72151 0.874788 0)
(1.7897 0.847911 0)
(1.86444 0.804868 0)
(1.92186 0.776106 0)
(1.97297 0.749325 0)
(2.04788 0.695201 0)
(2.11913 0.629959 0)
(2.16439 0.602504 0)
(2.20841 0.568675 0)
(2.27292 0.508918 0)
(2.32789 0.452237 0)
(2.37081 0.423479 0)
(2.40444 0.399422 0)
(2.44149 0.359955 0)
(2.48227 0.303808 0)
(2.51007 0.259535 0)
(2.52865 0.252685 0)
(2.55393 0.229893 0)
(2.59555 0.163749 0)
(2.6099 0.112005 0)
(2.62753 0.110576 0)
(2.6494 0.102889 0)
(2.68549 0.0421851 0)
(2.69268 -0.0233599 0)
(2.70617 -0.037165 0)
(2.72532 -0.030305 0)
(2.74903 -0.0662889 0)
(2.75784 -0.123466 0)
(2.76276 -0.140196 0)
(2.77301 -0.138041 0)
(2.79929 -0.166247 0)
(2.8198 -0.210612 0)
(2.81971 -0.256532 0)
(2.83754 -0.261754 0)
(2.84649 -0.251998 0)
(2.8381 -0.268274 0)
(2.83251 -0.273887 0)
(2.82597 -0.28209 0)
(2.79687 -0.341496 0)
(2.68906 -0.516285 0)
(2.57234 -0.739058 0)
(2.52962 -0.835191 0)
(2.46613 -0.955839 0)
(2.43576 -0.945981 0)
(2.43595 -0.908555 0)
(2.47876 -0.864871 0)
(2.49984 -0.824713 0)
(2.52035 -0.789186 0)
(2.54087 -0.74524 0)
(2.54589 -0.701523 0)
(2.55927 -0.661378 0)
(2.5836 -0.633607 0)
(2.6037 -0.626076 0)
(2.62358 -0.636638 0)
(2.63983 -0.634812 0)
(2.6557 -0.628597 0)
(2.67483 -0.620275 0)
(2.68881 -0.605567 0)
(2.69167 -0.59282 0)
(2.69495 -0.588848 0)
(2.70918 -0.589071 0)
(2.72185 -0.590747 0)
(2.73473 -0.586238 0)
(2.75203 -0.575498 0)
(2.77478 -0.560598 0)
(2.78706 -0.549847 0)
(2.80312 -0.547808 0)
(2.82096 -0.542655 0)
(2.83099 -0.526661 0)
(2.82923 -0.504711 0)
(2.82374 -0.489377 0)
(2.83914 -0.488278 0)
(2.85671 -0.491233 0)
(2.87253 -0.492863 0)
(2.88836 -0.489385 0)
(2.90812 -0.482233 0)
(2.92622 -0.473257 0)
(2.93868 -0.462793 0)
(2.94731 -0.447541 0)
(2.94945 -0.430064 0)
(2.95972 -0.425505 0)
(2.97027 -0.426553 0)
(2.978 -0.427802 0)
(2.9848 -0.425427 0)
(2.99558 -0.422716 0)
(3.00423 -0.415108 0)
(3.01239 -0.394388 0)
(3.01633 -0.371765 0)
(3.02457 -0.359148 0)
(3.03375 -0.356431 0)
(3.04206 -0.356089 0)
(3.04583 -0.353561 0)
(3.0403 -0.352305 0)
(3.03267 -0.328978 0)
(1.62266 0.915431 0)
(1.67225 0.900714 0)
(1.72769 0.879818 0)
(1.79843 0.844937 0)
(1.85979 0.817494 0)
(1.90486 0.801134 0)
(1.96636 0.759711 0)
(2.044 0.696024 0)
(2.09714 0.661895 0)
(2.12762 0.653114 0)
(2.17881 0.611087 0)
(2.25074 0.534031 0)
(2.30155 0.482709 0)
(2.32651 0.486973 0)
(2.34947 0.471122 0)
(2.40986 0.40534 0)
(2.45874 0.340944 0)
(2.48606 0.316923 0)
(2.50024 0.305821 0)
(2.52058 0.292455 0)
(2.55668 0.24646 0)
(2.58736 0.179643 0)
(2.60764 0.156081 0)
(2.62634 0.156274 0)
(2.65225 0.118472 0)
(2.66889 0.0523966 0)
(2.68225 0.0243915 0)
(2.70439 0.0286823 0)
(2.72781 0.000815628 0)
(2.73645 -0.0545171 0)
(2.73883 -0.0716224 0)
(2.74994 -0.0654231 0)
(2.77571 -0.0908633 0)
(2.79957 -0.140933 0)
(2.79984 -0.178518 0)
(2.8138 -0.180361 0)
(2.82373 -0.173099 0)
(2.82324 -0.212908 0)
(2.79774 -0.265659 0)
(2.71919 -0.43929 0)
(2.63811 -0.631928 0)
(2.46084 -0.889504 0)
(2.42166 -0.97908 0)
(2.41784 -0.993428 0)
(2.43894 -0.9898 0)
(2.45459 -0.983274 0)
(2.47494 -0.964719 0)
(2.50579 -0.930911 0)
(2.5378 -0.891876 0)
(2.56024 -0.859901 0)
(2.57387 -0.823601 0)
(2.58075 -0.776365 0)
(2.59277 -0.759183 0)
(2.60425 -0.733815 0)
(2.62238 -0.713436 0)
(2.64115 -0.707179 0)
(2.66536 -0.682054 0)
(2.6902 -0.653756 0)
(2.69841 -0.646024 0)
(2.70797 -0.62416 0)
(2.70782 -0.599591 0)
(2.70807 -0.584006 0)
(2.71461 -0.572905 0)
(2.72669 -0.563061 0)
(2.73884 -0.561313 0)
(2.76354 -0.549635 0)
(2.79671 -0.531258 0)
(2.81102 -0.531976 0)
(2.82805 -0.537847 0)
(2.84393 -0.538732 0)
(2.85368 -0.519808 0)
(2.85435 -0.491602 0)
(2.85132 -0.479694 0)
(2.85849 -0.473513 0)
(2.87574 -0.470656 0)
(2.88993 -0.471056 0)
(2.90587 -0.469353 0)
(2.92642 -0.460382 0)
(2.94445 -0.447721 0)
(2.95985 -0.440295 0)
(2.97163 -0.436152 0)
(2.97129 -0.427485 0)
(2.97286 -0.418403 0)
(2.98231 -0.415122 0)
(2.99232 -0.410526 0)
(3.00309 -0.403017 0)
(3.01271 -0.394965 0)
(3.02756 -0.380971 0)
(3.03511 -0.369322 0)
(3.04155 -0.363349 0)
(3.04879 -0.352546 0)
(3.05148 -0.346255 0)
(3.0589 -0.344245 0)
(3.06381 -0.342829 0)
(3.06464 -0.343788 0)
(3.05945 -0.32803 0)
(1.64668 0.940945 0)
(1.68934 0.923704 0)
(1.73888 0.900745 0)
(1.79271 0.874482 0)
(1.84325 0.853957 0)
(1.89531 0.828608 0)
(1.9597 0.783778 0)
(2.02056 0.733341 0)
(2.06514 0.709743 0)
(2.10617 0.685555 0)
(2.16895 0.630178 0)
(2.22404 0.567118 0)
(2.25814 0.547529 0)
(2.28314 0.541976 0)
(2.33678 0.491368 0)
(2.38797 0.420836 0)
(2.41913 0.397044 0)
(2.42763 0.40218 0)
(2.46529 0.365191 0)
(2.50717 0.313882 0)
(2.54664 0.272951 0)
(2.56979 0.235406 0)
(2.58232 0.221871 0)
(2.60145 0.20977 0)
(2.64002 0.159559 0)
(2.65713 0.0944894 0)
(2.66486 0.0698708 0)
(2.68314 0.0793775 0)
(2.70219 0.0654007 0)
(2.71882 0.00900852 0)
(2.72134 -0.0231821 0)
(2.73618 -0.0211657 0)
(2.75479 -0.0318012 0)
(2.78256 -0.0784372 0)
(2.78605 -0.123185 0)
(2.78653 -0.132769 0)
(2.78143 -0.175746 0)
(2.75157 -0.285539 0)
(2.63578 -0.533022 0)
(2.54297 -0.738955 0)
(2.39744 -0.919201 0)
(2.39094 -0.963871 0)
(2.38572 -0.985587 0)
(2.40347 -0.977291 0)
(2.43594 -0.966631 0)
(2.48036 -0.952772 0)
(2.50247 -0.942154 0)
(2.52812 -0.919215 0)
(2.55758 -0.897409 0)
(2.5804 -0.888121 0)
(2.59815 -0.87919 0)
(2.60689 -0.857529 0)
(2.62623 -0.838491 0)
(2.63732 -0.827798 0)
(2.6528 -0.815505 0)
(2.67142 -0.794227 0)
(2.69341 -0.763816 0)
(2.71715 -0.729222 0)
(2.73243 -0.703185 0)
(2.74785 -0.685476 0)
(2.7561 -0.663914 0)
(2.75636 -0.632384 0)
(2.75717 -0.584066 0)
(2.76927 -0.545099 0)
(2.77938 -0.531392 0)
(2.79473 -0.524637 0)
(2.81963 -0.514753 0)
(2.83187 -0.514399 0)
(2.84154 -0.520787 0)
(2.85729 -0.521667 0)
(2.87115 -0.508715 0)
(2.87983 -0.491916 0)
(2.88456 -0.479673 0)
(2.8869 -0.464772 0)
(2.89419 -0.44772 0)
(2.91083 -0.446229 0)
(2.92406 -0.446281 0)
(2.94206 -0.442173 0)
(2.95737 -0.434317 0)
(2.97831 -0.42918 0)
(2.99584 -0.426337 0)
(3.00136 -0.422722 0)
(2.99528 -0.413823 0)
(3.00122 -0.404843 0)
(3.01457 -0.394167 0)
(3.02393 -0.381629 0)
(3.03454 -0.370884 0)
(3.04383 -0.36119 0)
(3.05291 -0.360139 0)
(3.06475 -0.358162 0)
(3.0706 -0.351409 0)
(3.06894 -0.338014 0)
(3.07076 -0.330213 0)
(3.07497 -0.327207 0)
(3.08264 -0.323418 0)
(3.07957 -0.304503 0)
(1.66683 0.967962 0)
(1.70873 0.948718 0)
(1.75362 0.92399 0)
(1.80016 0.896874 0)
(1.84745 0.872601 0)
(1.90094 0.842236 0)
(1.96185 0.798474 0)
(2.01326 0.758193 0)
(2.04773 0.74231 0)
(2.08836 0.717544 0)
(2.14836 0.665303 0)
(2.19874 0.609869 0)
(2.23255 0.591555 0)
(2.25781 0.579661 0)
(2.30254 0.539857 0)
(2.35342 0.475626 0)
(2.38897 0.443978 0)
(2.40376 0.44197 0)
(2.44115 0.404275 0)
(2.48238 0.355015 0)
(2.51656 0.336967 0)
(2.5517 0.298416 0)
(2.57202 0.252801 0)
(2.58743 0.244752 0)
(2.60157 0.232979 0)
(2.6302 0.175369 0)
(2.64448 0.129645 0)
(2.66219 0.12647 0)
(2.68473 0.108881 0)
(2.70343 0.058151 0)
(2.70571 0.0285291 0)
(2.72091 0.0245822 0)
(2.74342 0.0214391 0)
(2.76554 -0.0213322 0)
(2.75806 -0.0777665 0)
(2.72995 -0.146469 0)
(2.66677 -0.308804 0)
(2.5005 -0.61166 0)
(2.44312 -0.784587 0)
(2.38634 -0.867363 0)
(2.36035 -0.93484 0)
(2.36816 -0.949859 0)
(2.40151 -0.929345 0)
(2.43754 -0.901406 0)
(2.48088 -0.883584 0)
(2.51711 -0.880138 0)
(2.53889 -0.877837 0)
(2.56616 -0.867337 0)
(2.595 -0.858971 0)
(2.6193 -0.853749 0)
(2.6377 -0.849342 0)
(2.64268 -0.842608 0)
(2.63785 -0.836068 0)
(2.65293 -0.834249 0)
(2.67147 -0.835053 0)
(2.69657 -0.830964 0)
(2.72332 -0.813829 0)
(2.75246 -0.793913 0)
(2.77495 -0.777654 0)
(2.78834 -0.767219 0)
(2.79999 -0.753295 0)
(2.80729 -0.726374 0)
(2.81475 -0.684863 0)
(2.81738 -0.630481 0)
(2.8233 -0.586711 0)
(2.83707 -0.55629 0)
(2.84737 -0.506818 0)
(2.87073 -0.481126 0)
(2.883 -0.487237 0)
(2.88707 -0.502661 0)
(2.88902 -0.503757 0)
(2.89553 -0.491997 0)
(2.90871 -0.468946 0)
(2.92173 -0.445458 0)
(2.92496 -0.431666 0)
(2.93179 -0.423498 0)
(2.94332 -0.421292 0)
(2.95265 -0.42076 0)
(2.97212 -0.417584 0)
(2.99789 -0.411415 0)
(3.01591 -0.408941 0)
(3.02678 -0.410254 0)
(3.02531 -0.406034 0)
(3.02642 -0.390631 0)
(3.03697 -0.380729 0)
(3.0462 -0.361579 0)
(3.05454 -0.348508 0)
(3.06488 -0.347299 0)
(3.07421 -0.348726 0)
(3.07891 -0.349472 0)
(3.07964 -0.342153 0)
(3.08293 -0.324698 0)
(3.08673 -0.308726 0)
(3.08845 -0.303932 0)
(3.09574 -0.301308 0)
(3.09536 -0.277438 0)
(1.68876 0.990163 0)
(1.73599 0.963881 0)
(1.7775 0.938673 0)
(1.81457 0.918501 0)
(1.85944 0.891406 0)
(1.91041 0.855527 0)
(1.95674 0.821768 0)
(1.9932 0.802594 0)
(2.03118 0.78079 0)
(2.09021 0.73232 0)
(2.14623 0.671678 0)
(2.17972 0.644891 0)
(2.19862 0.647651 0)
(2.23677 0.617482 0)
(2.29831 0.547163 0)
(2.33967 0.494213 0)
(2.36127 0.49909 0)
(2.36912 0.498595 0)
(2.4182 0.452194 0)
(2.46875 0.380721 0)
(2.50626 0.3545 0)
(2.52637 0.352015 0)
(2.54755 0.313955 0)
(2.5672 0.285746 0)
(2.59874 0.253114 0)
(2.62439 0.200475 0)
(2.62783 0.180052 0)
(2.63302 0.190724 0)
(2.64602 0.180016 0)
(2.68139 0.128123 0)
(2.69573 0.0826893 0)
(2.71249 0.0507644 0)
(2.73266 0.0445816 0)
(2.71183 -0.0176494 0)
(2.67731 -0.139678 0)
(2.52582 -0.401499 0)
(2.43237 -0.621771 0)
(2.35614 -0.78886 0)
(2.3197 -0.879576 0)
(2.33765 -0.878057 0)
(2.3784 -0.865997 0)
(2.41597 -0.848297 0)
(2.44872 -0.833741 0)
(2.47579 -0.819207 0)
(2.48826 -0.809926 0)
(2.51381 -0.805982 0)
(2.54512 -0.819893 0)
(2.57305 -0.83425 0)
(2.59851 -0.840662 0)
(2.6252 -0.844291 0)
(2.65105 -0.844411 0)
(2.66642 -0.839301 0)
(2.66936 -0.821379 0)
(2.67819 -0.805733 0)
(2.70583 -0.80136 0)
(2.72243 -0.799598 0)
(2.73804 -0.79227 0)
(2.76239 -0.787849 0)
(2.7872 -0.783778 0)
(2.81111 -0.774024 0)
(2.83385 -0.766293 0)
(2.84967 -0.766536 0)
(2.86093 -0.756449 0)
(2.86156 -0.714968 0)
(2.86416 -0.662419 0)
(2.87638 -0.62004 0)
(2.89325 -0.602658 0)
(2.90588 -0.581024 0)
(2.91396 -0.556677 0)
(2.92214 -0.537038 0)
(2.93641 -0.510438 0)
(2.95111 -0.487582 0)
(2.95456 -0.471828 0)
(2.95353 -0.441641 0)
(2.95055 -0.423188 0)
(2.95449 -0.410138 0)
(2.96001 -0.40359 0)
(2.9684 -0.403656 0)
(2.99514 -0.397474 0)
(3.01822 -0.388277 0)
(3.03025 -0.384768 0)
(3.04184 -0.381499 0)
(3.04988 -0.378934 0)
(3.05277 -0.370969 0)
(3.05398 -0.358452 0)
(3.06313 -0.346094 0)
(3.0752 -0.338521 0)
(3.08371 -0.338108 0)
(3.08796 -0.338721 0)
(3.09341 -0.329954 0)
(3.09722 -0.320336 0)
(3.09771 -0.314022 0)
(3.10415 -0.29345 0)
(3.11229 -0.27195 0)
(3.1221 -0.263221 0)
(3.12223 -0.245203 0)
(1.72579 1.00946 0)
(1.74928 0.995135 0)
(1.79498 0.966574 0)
(1.83654 0.938099 0)
(1.87323 0.911762 0)
(1.91272 0.882618 0)
(1.95826 0.847102 0)
(2.00128 0.815472 0)
(2.03673 0.791763 0)
(2.07537 0.765129 0)
(2.12216 0.723344 0)
(2.16267 0.689337 0)
(2.19125 0.671201 0)
(2.2304 0.63576 0)
(2.27579 0.584839 0)
(2.30802 0.557308 0)
(2.32758 0.560124 0)
(2.35919 0.528721 0)
(2.41606 0.46234 0)
(2.44834 0.413488 0)
(2.47325 0.41555 0)
(2.49166 0.408275 0)
(2.52987 0.352413 0)
(2.55247 0.307164 0)
(2.57238 0.308369 0)
(2.59137 0.279876 0)
(2.60773 0.236026 0)
(2.61545 0.232999 0)
(2.64428 0.204205 0)
(2.67401 0.162126 0)
(2.67622 0.144188 0)
(2.68896 0.0953623 0)
(2.67717 0.0135002 0)
(2.55818 -0.213676 0)
(2.46618 -0.435972 0)
(2.30975 -0.689756 0)
(2.27348 -0.793783 0)
(2.30649 -0.806241 0)
(2.33566 -0.794609 0)
(2.37564 -0.790348 0)
(2.41992 -0.787646 0)
(2.45197 -0.770205 0)
(2.46705 -0.756004 0)
(2.47859 -0.745529 0)
(2.49533 -0.747188 0)
(2.52309 -0.758165 0)
(2.54868 -0.763233 0)
(2.57779 -0.769592 0)
(2.60412 -0.777129 0)
(2.6337 -0.786251 0)
(2.66256 -0.792302 0)
(2.6824 -0.791016 0)
(2.69194 -0.78384 0)
(2.70458 -0.766796 0)
(2.7219 -0.754964 0)
(2.73853 -0.751238 0)
(2.75325 -0.74527 0)
(2.77927 -0.738764 0)
(2.80185 -0.741362 0)
(2.82162 -0.746043 0)
(2.84436 -0.749619 0)
(2.87059 -0.750787 0)
(2.89408 -0.740853 0)
(2.90491 -0.72105 0)
(2.90226 -0.703784 0)
(2.90495 -0.679804 0)
(2.92818 -0.657464 0)
(2.9386 -0.64672 0)
(2.94621 -0.624134 0)
(2.95472 -0.596282 0)
(2.96782 -0.568097 0)
(2.98106 -0.533035 0)
(2.99343 -0.510493 0)
(3.00595 -0.470169 0)
(3.0063 -0.449333 0)
(3.00002 -0.41051 0)
(3.00353 -0.37185 0)
(3.00654 -0.373772 0)
(3.01202 -0.377623 0)
(3.02842 -0.368969 0)
(3.04258 -0.359793 0)
(3.05887 -0.344617 0)
(3.06669 -0.338018 0)
(3.06912 -0.336867 0)
(3.06791 -0.339913 0)
(3.07395 -0.333811 0)
(3.08885 -0.322504 0)
(3.10035 -0.318262 0)
(3.1068 -0.317056 0)
(3.1137 -0.308706 0)
(3.11675 -0.29883 0)
(3.11754 -0.293434 0)
(3.12039 -0.282206 0)
(3.13118 -0.257712 0)
(3.13968 -0.244537 0)
(3.14171 -0.234024 0)
(1.87062 0.976976 0)
(1.77286 1.01277 0)
(1.80477 0.99442 0)
(1.84943 0.966378 0)
(1.88632 0.938704 0)
(1.9286 0.900244 0)
(1.96416 0.870553 0)
(1.99079 0.858707 0)
(2.02661 0.833669 0)
(2.08422 0.777086 0)
(2.1304 0.726147 0)
(2.15437 0.722218 0)
(2.17227 0.716882 0)
(2.22288 0.670785 0)
(2.2731 0.6045 0)
(2.30566 0.581259 0)
(2.32282 0.586259 0)
(2.34574 0.566441 0)
(2.39321 0.511957 0)
(2.43055 0.458062 0)
(2.45725 0.450214 0)
(2.47665 0.438616 0)
(2.5113 0.387703 0)
(2.53169 0.348512 0)
(2.55531 0.342141 0)
(2.58415 0.306343 0)
(2.59417 0.279806 0)
(2.59476 0.285808 0)
(2.62779 0.25967 0)
(2.65503 0.214619 0)
(2.64693 0.13869 0)
(2.57896 -0.0359743 0)
(2.50761 -0.266905 0)
(2.31526 -0.559652 0)
(2.25291 -0.675668 0)
(2.27278 -0.702054 0)
(2.28836 -0.719731 0)
(2.32366 -0.731386 0)
(2.36664 -0.730693 0)
(2.40385 -0.714655 0)
(2.4344 -0.703896 0)
(2.46625 -0.703328 0)
(2.48831 -0.704434 0)
(2.49467 -0.702039 0)
(2.51101 -0.698199 0)
(2.53207 -0.696966 0)
(2.5594 -0.700815 0)
(2.58967 -0.710131 0)
(2.61833 -0.71992 0)
(2.64584 -0.727057 0)
(2.67221 -0.729891 0)
(2.69743 -0.728335 0)
(2.71861 -0.722587 0)
(2.73409 -0.713397 0)
(2.74744 -0.705741 0)
(2.76156 -0.705526 0)
(2.7789 -0.708427 0)
(2.80389 -0.702882 0)
(2.82517 -0.693749 0)
(2.843 -0.692511 0)
(2.86192 -0.693371 0)
(2.88767 -0.695173 0)
(2.91134 -0.692969 0)
(2.93232 -0.683969 0)
(2.947 -0.677631 0)
(2.94611 -0.672259 0)
(2.93766 -0.655305 0)
(2.95876 -0.641492 0)
(2.97513 -0.637274 0)
(2.98613 -0.623394 0)
(3.00197 -0.608385 0)
(3.01692 -0.588773 0)
(3.03094 -0.569596 0)
(3.04898 -0.539296 0)
(3.05103 -0.499101 0)
(3.04089 -0.45861 0)
(3.0429 -0.432455 0)
(3.03993 -0.414041 0)
(3.03093 -0.384335 0)
(3.04506 -0.354759 0)
(3.07107 -0.328892 0)
(3.08127 -0.315517 0)
(3.08684 -0.315303 0)
(3.0914 -0.313811 0)
(3.08831 -0.309081 0)
(3.07828 -0.30573 0)
(3.09577 -0.299519 0)
(3.1088 -0.298594 0)
(3.12341 -0.294271 0)
(3.1371 -0.289411 0)
(3.14652 -0.282589 0)
(3.15132 -0.278082 0)
(3.14985 -0.273727 0)
(3.1462 -0.255023 0)
(3.14539 -0.239896 0)
(3.15412 -0.226031 0)
(2.31235 0.732283 0)
(1.88368 0.994314 0)
(1.82042 1.01196 0)
(1.85269 0.99362 0)
(1.9026 0.958432 0)
(1.93585 0.932162 0)
(1.96653 0.907856 0)
(2.00447 0.87401 0)
(2.04262 0.839483 0)
(2.07866 0.808516 0)
(2.10917 0.784416 0)
(2.1371 0.768716 0)
(2.17975 0.730019 0)
(2.2291 0.673803 0)
(2.2601 0.639883 0)
(2.27847 0.64583 0)
(2.297 0.638093 0)
(2.34825 0.582197 0)
(2.39094 0.509481 0)
(2.41618 0.486287 0)
(2.42856 0.50346 0)
(2.44431 0.492193 0)
(2.48837 0.435544 0)
(2.51405 0.379017 0)
(2.53599 0.383072 0)
(2.56079 0.3647 0)
(2.57598 0.334726 0)
(2.58193 0.31845 0)
(2.60807 0.258048 0)
(2.58373 0.138078 0)
(2.51768 -0.0994146 0)
(2.31184 -0.415177 0)
(2.28203 -0.527146 0)
(2.24265 -0.613088 0)
(2.23211 -0.670923 0)
(2.26115 -0.684995 0)
(2.3095 -0.672019 0)
(2.3484 -0.657822 0)
(2.3855 -0.647508 0)
(2.42537 -0.639907 0)
(2.45716 -0.645077 0)
(2.48241 -0.650273 0)
(2.50582 -0.649521 0)
(2.51541 -0.641036 0)
(2.5239 -0.6407 0)
(2.54903 -0.649278 0)
(2.57916 -0.654548 0)
(2.61027 -0.657077 0)
(2.63835 -0.660732 0)
(2.66492 -0.666601 0)
(2.69184 -0.671956 0)
(2.71911 -0.673488 0)
(2.74462 -0.67042 0)
(2.76535 -0.663732 0)
(2.77885 -0.654589 0)
(2.77827 -0.64035 0)
(2.78916 -0.638212 0)
(2.82018 -0.644542 0)
(2.84382 -0.64668 0)
(2.86777 -0.650357 0)
(2.89034 -0.656234 0)
(2.91356 -0.655729 0)
(2.9355 -0.647856 0)
(2.95456 -0.640273 0)
(2.97063 -0.640993 0)
(2.97477 -0.646477 0)
(2.96307 -0.636172 0)
(2.97005 -0.614376 0)
(2.99259 -0.608997 0)
(3.00561 -0.597987 0)
(3.01851 -0.586723 0)
(3.03824 -0.579743 0)
(3.05232 -0.575429 0)
(3.07145 -0.570796 0)
(3.08441 -0.557871 0)
(3.08387 -0.533306 0)
(3.07216 -0.481005 0)
(3.06941 -0.452837 0)
(3.06367 -0.434795 0)
(3.06543 -0.41409 0)
(3.08552 -0.371628 0)
(3.11103 -0.328489 0)
(3.11587 -0.320915 0)
(3.11848 -0.306746 0)
(3.10845 -0.280692 0)
(3.09932 -0.274239 0)
(3.10475 -0.269295 0)
(3.11718 -0.26798 0)
(3.12816 -0.268504 0)
(3.14054 -0.266425 0)
(3.15539 -0.262173 0)
(3.16865 -0.256831 0)
(3.17452 -0.252552 0)
(3.1643 -0.244505 0)
(3.15308 -0.235071 0)
(3.16217 -0.222154 0)
(2.89682 0.183694 0)
(2.25214 0.78655 0)
(1.90403 1.00241 0)
(1.86723 1.01054 0)
(1.89943 0.99064 0)
(1.94581 0.956723 0)
(1.98357 0.926477 0)
(2.00884 0.906824 0)
(2.04327 0.877129 0)
(2.08769 0.82972 0)
(2.1192 0.799108 0)
(2.13785 0.793103 0)
(2.17149 0.770251 0)
(2.21975 0.719001 0)
(2.25576 0.676844 0)
(2.27989 0.668427 0)
(2.29905 0.65452 0)
(2.33644 0.614884 0)
(2.37243 0.559336 0)
(2.39792 0.53553 0)
(2.41359 0.536275 0)
(2.43701 0.511179 0)
(2.47319 0.458916 0)
(2.49358 0.42444 0)
(2.51305 0.433616 0)
(2.5486 0.409617 0)
(2.56001 0.361366 0)
(2.54274 0.285544 0)
(2.49031 0.0929035 0)
(2.32753 -0.227413 0)
(2.29302 -0.419018 0)
(2.19165 -0.540678 0)
(2.18298 -0.616948 0)
(2.21415 -0.618701 0)
(2.26415 -0.609758 0)
(2.30526 -0.596274 0)
(2.34097 -0.580512 0)
(2.37471 -0.580474 0)
(2.41376 -0.587139 0)
(2.4469 -0.58741 0)
(2.47785 -0.582433 0)
(2.50412 -0.592312 0)
(2.52313 -0.613556 0)
(2.53834 -0.623661 0)
(2.55566 -0.611841 0)
(2.57447 -0.595738 0)
(2.5988 -0.586628 0)
(2.62632 -0.585362 0)
(2.65518 -0.591509 0)
(2.68195 -0.599619 0)
(2.70697 -0.607531 0)
(2.7338 -0.612022 0)
(2.76311 -0.611938 0)
(2.78885 -0.608698 0)
(2.80558 -0.604162 0)
(2.8056 -0.597576 0)
(2.7986 -0.582668 0)
(2.82326 -0.571133 0)
(2.84717 -0.565605 0)
(2.87036 -0.567017 0)
(2.89502 -0.573337 0)
(2.91944 -0.577285 0)
(2.94197 -0.576599 0)
(2.96164 -0.572169 0)
(2.97838 -0.565567 0)
(2.98652 -0.56879 0)
(2.97632 -0.579188 0)
(2.98343 -0.579661 0)
(3.00615 -0.58114 0)
(3.02553 -0.570155 0)
(3.0431 -0.550331 0)
(3.05919 -0.544641 0)
(3.07216 -0.550142 0)
(3.0828 -0.552032 0)
(3.09249 -0.545654 0)
(3.09317 -0.528462 0)
(3.08684 -0.495352 0)
(3.09267 -0.471838 0)
(3.09614 -0.463431 0)
(3.10214 -0.447951 0)
(3.11243 -0.425292 0)
(3.13265 -0.382876 0)
(3.13858 -0.335157 0)
(3.13204 -0.319563 0)
(3.11979 -0.305128 0)
(3.11789 -0.28555 0)
(3.10946 -0.270161 0)
(3.12016 -0.242228 0)
(3.13946 -0.229643 0)
(3.14983 -0.22599 0)
(3.15849 -0.225386 0)
(3.17214 -0.22362 0)
(3.18039 -0.22335 0)
(3.17163 -0.219948 0)
(3.16694 -0.2125 0)
(3.17011 -0.202374 0)
(2.99733 0.0115621 0)
(2.83925 0.253289 0)
(2.22607 0.815819 0)
(1.93487 0.999283 0)
(1.91305 1.01032 0)
(1.94121 0.988294 0)
(1.97858 0.96136 0)
(2.02162 0.924955 0)
(2.06208 0.884381 0)
(2.08787 0.860167 0)
(2.10599 0.852442 0)
(2.13701 0.829518 0)
(2.19155 0.775549 0)
(2.22901 0.723312 0)
(2.24683 0.716059 0)
(2.26039 0.725391 0)
(2.29433 0.695611 0)
(2.34613 0.624698 0)
(2.37473 0.566985 0)
(2.39246 0.57045 0)
(2.39507 0.584434 0)
(2.42091 0.557854 0)
(2.46195 0.502049 0)
(2.49241 0.448096 0)
(2.50458 0.450534 0)
(2.51703 0.395225 0)
(2.48327 0.271732 0)
(2.32551 -0.0234526 0)
(2.25277 -0.268646 0)
(2.14359 -0.485969 0)
(2.13907 -0.555318 0)
(2.17056 -0.55311 0)
(2.21946 -0.544413 0)
(2.26444 -0.534461 0)
(2.31009 -0.526994 0)
(2.34839 -0.522617 0)
(2.37436 -0.517133 0)
(2.39453 -0.508216 0)
(2.41844 -0.514272 0)
(2.45731 -0.537378 0)
(2.49066 -0.556804 0)
(2.5223 -0.56416 0)
(2.54775 -0.559351 0)
(2.57021 -0.554819 0)
(2.59143 -0.555003 0)
(2.60877 -0.553575 0)
(2.6273 -0.542022 0)
(2.64637 -0.528398 0)
(2.66093 -0.523161 0)
(2.68675 -0.531994 0)
(2.71819 -0.541891 0)
(2.74931 -0.550561 0)
(2.78085 -0.554529 0)
(2.8101 -0.553345 0)
(2.83076 -0.555266 0)
(2.83276 -0.562966 0)
(2.82497 -0.556336 0)
(2.84109 -0.534801 0)
(2.86353 -0.521892 0)
(2.88703 -0.523549 0)
(2.91056 -0.529474 0)
(2.93406 -0.531157 0)
(2.95612 -0.527302 0)
(2.97462 -0.525079 0)
(2.99171 -0.528534 0)
(3.00648 -0.528867 0)
(3.00108 -0.524469 0)
(2.99286 -0.522948 0)
(3.01264 -0.523751 0)
(3.02953 -0.522291 0)
(3.0487 -0.517908 0)
(3.07008 -0.516382 0)
(3.08979 -0.519079 0)
(3.10261 -0.518421 0)
(3.10896 -0.507206 0)
(3.10377 -0.492151 0)
(3.0883 -0.469708 0)
(3.10211 -0.447774 0)
(3.1148 -0.44675 0)
(3.12191 -0.443972 0)
(3.13326 -0.435653 0)
(3.14767 -0.420577 0)
(3.1612 -0.397453 0)
(3.15366 -0.364888 0)
(3.14413 -0.332867 0)
(3.13673 -0.296044 0)
(3.13404 -0.290798 0)
(3.1221 -0.264652 0)
(3.13411 -0.22657 0)
(3.15508 -0.20857 0)
(3.15965 -0.207541 0)
(3.16762 -0.207637 0)
(3.17415 -0.202335 0)
(3.16906 -0.194435 0)
(3.1676 -0.189807 0)
(3.16958 -0.179953 0)
(2.99997 9.8745e-05 0)
(2.99403 0.0189157 0)
(2.79342 0.307621 0)
(2.22533 0.826541 0)
(1.96465 1.00015 0)
(1.94648 1.00975 0)
(1.97184 0.98933 0)
(2.02207 0.950712 0)
(2.05812 0.920593 0)
(2.08723 0.894201 0)
(2.12287 0.859694 0)
(2.15613 0.834459 0)
(2.17632 0.816887 0)
(2.20317 0.783253 0)
(2.2394 0.751432 0)
(2.27324 0.728894 0)
(2.30407 0.702582 0)
(2.33511 0.659746 0)
(2.35693 0.623359 0)
(2.3695 0.630374 0)
(2.38589 0.618413 0)
(2.43062 0.566469 0)
(2.45351 0.525863 0)
(2.47582 0.484111 0)
(2.44921 0.405585 0)
(2.33431 0.162952 0)
(2.23133 -0.110711 0)
(2.09092 -0.3933 0)
(2.10634 -0.436894 0)
(2.14261 -0.457955 0)
(2.17901 -0.460556 0)
(2.22622 -0.465366 0)
(2.2751 -0.472544 0)
(2.31271 -0.466123 0)
(2.33844 -0.450913 0)
(2.35703 -0.438283 0)
(2.38965 -0.45755 0)
(2.42073 -0.487106 0)
(2.4494 -0.503776 0)
(2.47893 -0.504656 0)
(2.50882 -0.49617 0)
(2.54074 -0.490234 0)
(2.57475 -0.49463 0)
(2.60605 -0.502826 0)
(2.62884 -0.510179 0)
(2.64116 -0.510024 0)
(2.64997 -0.49947 0)
(2.66784 -0.491831 0)
(2.69073 -0.488097 0)
(2.7149 -0.487379 0)
(2.73987 -0.489273 0)
(2.76735 -0.490723 0)
(2.79699 -0.489513 0)
(2.82393 -0.485838 0)
(2.84377 -0.483834 0)
(2.84724 -0.490668 0)
(2.83992 -0.49378 0)
(2.85286 -0.48188 0)
(2.87401 -0.469006 0)
(2.89279 -0.463336 0)
(2.90952 -0.462884 0)
(2.92531 -0.460661 0)
(2.94175 -0.456298 0)
(2.95919 -0.453101 0)
(2.97756 -0.45259 0)
(2.99747 -0.458175 0)
(3.0095 -0.464752 0)
(2.99815 -0.458702 0)
(2.99412 -0.450995 0)
(3.00827 -0.44994 0)
(3.02855 -0.450187 0)
(3.05439 -0.452473 0)
(3.08257 -0.45962 0)
(3.10657 -0.468619 0)
(3.12199 -0.469896 0)
(3.12247 -0.456773 0)
(3.10454 -0.435774 0)
(3.09792 -0.419335 0)
(3.11278 -0.416686 0)
(3.12339 -0.417136 0)
(3.13627 -0.416239 0)
(3.14868 -0.410649 0)
(3.16444 -0.396128 0)
(3.17043 -0.378135 0)
(3.17146 -0.358679 0)
(3.16209 -0.328143 0)
(3.15587 -0.304681 0)
(3.14616 -0.291279 0)
(3.14173 -0.26008 0)
(3.15421 -0.228462 0)
(3.16424 -0.206479 0)
(3.16519 -0.204448 0)
(3.16426 -0.19781 0)
(3.16213 -0.182728 0)
(3.16615 -0.177628 0)
(3.17064 -0.160681 0)
(3 1.59643e-07 0)
(2.99994 0.000222004 0)
(2.98992 0.0269533 0)
(2.77716 0.337005 0)
(2.21541 0.84488 0)
(1.99561 0.995466 0)
(1.98702 1.00401 0)
(2.0158 0.982405 0)
(2.05791 0.949534 0)
(2.09959 0.913513 0)
(2.12939 0.889006 0)
(2.14816 0.876992 0)
(2.17407 0.841915 0)
(2.20876 0.79156 0)
(2.23661 0.777151 0)
(2.25976 0.776131 0)
(2.29778 0.742049 0)
(2.33424 0.680272 0)
(2.35404 0.650456 0)
(2.35922 0.671104 0)
(2.38804 0.652361 0)
(2.41544 0.614038 0)
(2.40775 0.518269 0)
(2.34815 0.326411 0)
(2.22241 0.0272258 0)
(2.06645 -0.273357 0)
(2.07109 -0.341106 0)
(2.09147 -0.42199 0)
(2.11432 -0.441326 0)
(2.16585 -0.432538 0)
(2.21631 -0.407007 0)
(2.25907 -0.397444 0)
(2.3051 -0.408455 0)
(2.34696 -0.421137 0)
(2.37658 -0.419723 0)
(2.39535 -0.417866 0)
(2.41885 -0.421772 0)
(2.44696 -0.42895 0)
(2.47569 -0.437923 0)
(2.50431 -0.443703 0)
(2.53526 -0.444456 0)
(2.56989 -0.441066 0)
(2.60356 -0.435612 0)
(2.63092 -0.433188 0)
(2.6505 -0.440241 0)
(2.66031 -0.45394 0)
(2.66588 -0.457448 0)
(2.68604 -0.444999 0)
(2.71259 -0.431161 0)
(2.73636 -0.425947 0)
(2.75965 -0.429753 0)
(2.78381 -0.432957 0)
(2.80752 -0.430406 0)
(2.82496 -0.424078 0)
(2.8366 -0.417297 0)
(2.84412 -0.418048 0)
(2.84911 -0.424428 0)
(2.86426 -0.422195 0)
(2.88593 -0.417565 0)
(2.90588 -0.418967 0)
(2.92415 -0.424991 0)
(2.94165 -0.429039 0)
(2.96001 -0.42551 0)
(2.97611 -0.417854 0)
(2.9901 -0.411055 0)
(3.00309 -0.40656 0)
(3.01039 -0.408401 0)
(3.00393 -0.415023 0)
(3.0098 -0.413627 0)
(3.02183 -0.41 0)
(3.0364 -0.403924 0)
(3.0546 -0.396567 0)
(3.07294 -0.392853 0)
(3.08619 -0.391738 0)
(3.09321 -0.38988 0)
(3.0958 -0.382702 0)
(3.09144 -0.373516 0)
(3.0792 -0.376307 0)
(3.09135 -0.379422 0)
(3.11655 -0.379836 0)
(3.13422 -0.379299 0)
(3.14897 -0.374791 0)
(3.16155 -0.365168 0)
(3.17095 -0.355852 0)
(3.17954 -0.347055 0)
(3.18104 -0.334202 0)
(3.17255 -0.306824 0)
(3.16615 -0.294739 0)
(3.16005 -0.274976 0)
(3.16174 -0.256271 0)
(3.17175 -0.24745 0)
(3.16576 -0.223631 0)
(3.16262 -0.199228 0)
(3.16617 -0.18395 0)
(3.1731 -0.185509 0)
(3.16662 -0.152379 0)
(3 4.36961e-11 0)
(3 4.52971e-07 0)
(2.99988 0.000392592 0)
(2.98768 0.0330349 0)
(2.75994 0.352906 0)
(2.22493 0.845225 0)
(2.04457 0.978446 0)
(2.03126 0.994039 0)
(2.0528 0.979773 0)
(2.09575 0.948543 0)
(2.1316 0.916273 0)
(2.1475 0.90435 0)
(2.17069 0.872015 0)
(2.20608 0.825689 0)
(2.24061 0.797027 0)
(2.26787 0.785533 0)
(2.29084 0.769129 0)
(2.32146 0.722086 0)
(2.34062 0.703349 0)
(2.35106 0.710059 0)
(2.37201 0.643077 0)
(2.3447 0.498398 0)
(2.23223 0.221042 0)
(2.06164 -0.116359 0)
(2.05807 -0.222156 0)
(2.06678 -0.320017 0)
(2.08056 -0.359178 0)
(2.12901 -0.359425 0)
(2.17101 -0.353605 0)
(2.21318 -0.341962 0)
(2.25924 -0.342525 0)
(2.30824 -0.366399 0)
(2.34804 -0.37882 0)
(2.38207 -0.374875 0)
(2.4084 -0.3587 0)
(2.43003 -0.350717 0)
(2.45285 -0.364798 0)
(2.47911 -0.382965 0)
(2.50524 -0.39274 0)
(2.53099 -0.393498 0)
(2.55892 -0.38777 0)
(2.59013 -0.381208 0)
(2.62215 -0.378715 0)
(2.65005 -0.380679 0)
(2.67022 -0.388334 0)
(2.68044 -0.400058 0)
(2.68519 -0.402965 0)
(2.70146 -0.389212 0)
(2.72765 -0.374268 0)
(2.75453 -0.37073 0)
(2.78055 -0.377567 0)
(2.80338 -0.384673 0)
(2.82278 -0.384377 0)
(2.83682 -0.380568 0)
(2.84835 -0.374699 0)
(2.85917 -0.366361 0)
(2.86643 -0.363244 0)
(2.87034 -0.359964 0)
(2.88383 -0.353964 0)
(2.90482 -0.352521 0)
(2.92595 -0.357864 0)
(2.94661 -0.36768 0)
(2.96593 -0.369071 0)
(2.97929 -0.359281 0)
(2.99105 -0.353043 0)
(3.00268 -0.354986 0)
(3.01321 -0.356914 0)
(3.01386 -0.353638 0)
(3.01397 -0.345967 0)
(3.02592 -0.346396 0)
(3.03916 -0.350112 0)
(3.05632 -0.354215 0)
(3.07789 -0.354136 0)
(3.09885 -0.346793 0)
(3.11058 -0.336431 0)
(3.11007 -0.324722 0)
(3.09989 -0.316696 0)
(3.09457 -0.327941 0)
(3.09711 -0.339218 0)
(3.12033 -0.338272 0)
(3.14415 -0.338549 0)
(3.15931 -0.332836 0)
(3.17188 -0.323123 0)
(3.18168 -0.314794 0)
(3.18657 -0.309313 0)
(3.1829 -0.30675 0)
(3.17459 -0.296272 0)
(3.17057 -0.279857 0)
(3.17036 -0.270205 0)
(3.17192 -0.261072 0)
(3.17469 -0.258083 0)
(3.17493 -0.243856 0)
(3.17592 -0.220834 0)
(3.17761 -0.195374 0)
(3.18326 -0.185519 0)
(3.17779 -0.151794 0)
(3 5.30909e-15 0)
(3 1.67682e-10 0)
(3 9.1659e-07 0)
(2.99983 0.000562981 0)
(2.98628 0.034948 0)
(2.74907 0.353738 0)
(2.28116 0.81009 0)
(2.0842 0.964806 0)
(2.06348 0.99049 0)
(2.07701 0.983414 0)
(2.11213 0.954335 0)
(2.1353 0.934836 0)
(2.175 0.889503 0)
(2.21345 0.83531 0)
(2.23598 0.827528 0)
(2.25445 0.825926 0)
(2.28476 0.802839 0)
(2.32097 0.750293 0)
(2.33839 0.723521 0)
(2.31659 0.644652 0)
(2.21452 0.380716 0)
(2.10272 0.0565071 0)
(1.97782 -0.201584 0)
(1.98117 -0.30027 0)
(2.02243 -0.318956 0)
(2.08732 -0.318954 0)
(2.14461 -0.320896 0)
(2.18742 -0.306908 0)
(2.22112 -0.285216 0)
(2.25741 -0.281682 0)
(2.30185 -0.298061 0)
(2.34312 -0.314733 0)
(2.37795 -0.317602 0)
(2.40855 -0.315039 0)
(2.43924 -0.318265 0)
(2.46841 -0.32195 0)
(2.48943 -0.32053 0)
(2.5023 -0.316222 0)
(2.51687 -0.315194 0)
(2.54241 -0.324549 0)
(2.57365 -0.337175 0)
(2.60814 -0.346044 0)
(2.64243 -0.344454 0)
(2.66902 -0.332275 0)
(2.68496 -0.323668 0)
(2.69487 -0.328185 0)
(2.70238 -0.333962 0)
(2.71303 -0.327296 0)
(2.72964 -0.315062 0)
(2.75564 -0.312639 0)
(2.78421 -0.319355 0)
(2.80829 -0.326075 0)
(2.82685 -0.326257 0)
(2.84144 -0.322789 0)
(2.85484 -0.318124 0)
(2.86808 -0.310845 0)
(2.87804 -0.306345 0)
(2.88471 -0.307335 0)
(2.88593 -0.302248 0)
(2.88931 -0.297578 0)
(2.9001 -0.300524 0)
(2.92133 -0.302771 0)
(2.95003 -0.30436 0)
(2.97427 -0.300019 0)
(2.99483 -0.295662 0)
(3.01111 -0.300738 0)
(3.00245 -0.309462 0)
(2.99639 -0.298801 0)
(3.01233 -0.28674 0)
(3.02162 -0.279769 0)
(3.03179 -0.279853 0)
(3.04484 -0.285228 0)
(3.0603 -0.286742 0)
(3.08022 -0.27829 0)
(3.09638 -0.263815 0)
(3.10386 -0.254482 0)
(3.09891 -0.257443 0)
(3.08587 -0.265012 0)
(3.08439 -0.274129 0)
(3.09496 -0.284108 0)
(3.11239 -0.285938 0)
(3.13404 -0.283183 0)
(3.15379 -0.278843 0)
(3.17024 -0.270344 0)
(3.17974 -0.266795 0)
(3.1832 -0.264624 0)
(3.17792 -0.257694 0)
(3.17217 -0.247412 0)
(3.17496 -0.242449 0)
(3.1776 -0.233768 0)
(3.18072 -0.226647 0)
(3.18549 -0.222203 0)
(3.18825 -0.221458 0)
(3.19593 -0.213303 0)
(3.20286 -0.193535 0)
(3.20421 -0.164798 0)
(3 -1.90193e-16 0)
(3 1.32744e-14 0)
(3 4.0294e-10 0)
(3 1.41535e-06 0)
(2.9998 0.000648667 0)
(2.98568 0.0325369 0)
(2.75996 0.337825 0)
(2.35648 0.769762 0)
(2.09232 0.973564 0)
(2.08093 0.999398 0)
(2.0924 0.985728 0)
(2.12176 0.95789 0)
(2.17551 0.907113 0)
(2.21528 0.85541 0)
(2.22549 0.864264 0)
(2.26204 0.842257 0)
(2.28078 0.832019 0)
(2.28305 0.752824 0)
(2.23326 0.567959 0)
(2.10201 0.230575 0)
(1.98276 -0.0799184 0)
(1.98325 -0.164463 0)
(1.99737 -0.210472 0)
(2.03531 -0.217118 0)
(2.08576 -0.224699 0)
(2.14486 -0.236321 0)
(2.19203 -0.244838 0)
(2.22078 -0.231623 0)
(2.24203 -0.216729 0)
(2.28249 -0.229111 0)
(2.32528 -0.243146 0)
(2.36411 -0.255239 0)
(2.3968 -0.261047 0)
(2.42651 -0.260307 0)
(2.45552 -0.261274 0)
(2.48346 -0.267863 0)
(2.50684 -0.271984 0)
(2.52405 -0.266566 0)
(2.53832 -0.260602 0)
(2.55899 -0.266791 0)
(2.58577 -0.278935 0)
(2.61517 -0.287344 0)
(2.6455 -0.285361 0)
(2.67293 -0.272716 0)
(2.69394 -0.262451 0)
(2.70868 -0.266607 0)
(2.7185 -0.276638 0)
(2.72691 -0.274701 0)
(2.73927 -0.267192 0)
(2.75286 -0.262196 0)
(2.77136 -0.264572 0)
(2.79321 -0.264782 0)
(2.81365 -0.258517 0)
(2.83004 -0.250136 0)
(2.84496 -0.244618 0)
(2.86143 -0.24752 0)
(2.87048 -0.260812 0)
(2.8671 -0.259455 0)
(2.8804 -0.250388 0)
(2.89618 -0.252145 0)
(2.91645 -0.254188 0)
(2.93416 -0.251941 0)
(2.9452 -0.245248 0)
(2.96048 -0.241791 0)
(2.98095 -0.244521 0)
(2.99369 -0.251592 0)
(2.98292 -0.256542 0)
(2.9753 -0.24038 0)
(2.98808 -0.224297 0)
(3.00504 -0.216439 0)
(3.0257 -0.21721 0)
(3.04714 -0.227501 0)
(3.06493 -0.238871 0)
(3.08585 -0.238139 0)
(3.10612 -0.227072 0)
(3.11545 -0.21238 0)
(3.11171 -0.207929 0)
(3.09902 -0.213078 0)
(3.10011 -0.226926 0)
(3.11123 -0.236543 0)
(3.12487 -0.23885 0)
(3.1401 -0.235355 0)
(3.15168 -0.223873 0)
(3.1565 -0.21266 0)
(3.16678 -0.21627 0)
(3.17913 -0.219151 0)
(3.18691 -0.217995 0)
(3.18202 -0.211482 0)
(3.18513 -0.206415 0)
(3.19184 -0.201214 0)
(3.19962 -0.186746 0)
(3.20854 -0.176363 0)
(3.21464 -0.181474 0)
(3.21171 -0.183814 0)
(3.21581 -0.178114 0)
(3.21426 -0.153425 0)
(3 -1.39737e-15 0)
(3 -1.17841e-15 0)
(3 3.38009e-14 0)
(3 6.73708e-10 0)
(3 1.74475e-06 0)
(2.99982 0.00056491 0)
(2.98462 0.0313246 0)
(2.81159 0.306294 0)
(2.37327 0.765393 0)
(2.12229 0.981781 0)
(2.1154 0.979541 0)
(2.12676 0.969242 0)
(2.17584 0.927228 0)
(2.21631 0.888327 0)
(2.22245 0.895277 0)
(2.25485 0.863269 0)
(2.23628 0.75561 0)
(2.10683 0.419142 0)
(1.95885 0.0514558 0)
(1.9135 -0.13472 0)
(1.92171 -0.243417 0)
(1.96206 -0.232474 0)
(2.02005 -0.196527 0)
(2.06898 -0.159273 0)
(2.11895 -0.159086 0)
(2.17111 -0.176153 0)
(2.21282 -0.183038 0)
(2.24112 -0.181192 0)
(2.27062 -0.194181 0)
(2.30591 -0.207341 0)
(2.34172 -0.212893 0)
(2.37642 -0.213694 0)
(2.40795 -0.210436 0)
(2.43598 -0.208298 0)
(2.46328 -0.214331 0)
(2.48847 -0.223965 0)
(2.50961 -0.225102 0)
(2.52794 -0.212978 0)
(2.54578 -0.200343 0)
(2.56558 -0.200639 0)
(2.58693 -0.213345 0)
(2.60911 -0.226402 0)
(2.63647 -0.228592 0)
(2.66717 -0.219599 0)
(2.69316 -0.207276 0)
(2.71051 -0.201357 0)
(2.71521 -0.206779 0)
(2.71013 -0.214166 0)
(2.71849 -0.21101 0)
(2.74364 -0.2125 0)
(2.76986 -0.216788 0)
(2.79442 -0.215067 0)
(2.81639 -0.205558 0)
(2.83423 -0.194734 0)
(2.85204 -0.19321 0)
(2.87132 -0.20258 0)
(2.87711 -0.213651 0)
(2.85619 -0.212684 0)
(2.84995 -0.202634 0)
(2.8701 -0.192604 0)
(2.8947 -0.188517 0)
(2.92017 -0.189103 0)
(2.94726 -0.192164 0)
(2.97266 -0.195021 0)
(2.98729 -0.196694 0)
(2.97377 -0.198385 0)
(2.9576 -0.190933 0)
(2.96493 -0.182773 0)
(2.98175 -0.178921 0)
(3.00659 -0.1754 0)
(3.03474 -0.174992 0)
(3.05835 -0.178921 0)
(3.07278 -0.186689 0)
(3.07978 -0.192622 0)
(3.08524 -0.182962 0)
(3.08359 -0.16731 0)
(3.07637 -0.162723 0)
(3.0854 -0.172996 0)
(3.10197 -0.182201 0)
(3.11764 -0.184852 0)
(3.13159 -0.183568 0)
(3.14392 -0.178623 0)
(3.15541 -0.17012 0)
(3.16595 -0.164109 0)
(3.17469 -0.165003 0)
(3.17532 -0.172744 0)
(3.16444 -0.1787 0)
(3.15324 -0.177313 0)
(3.16201 -0.175285 0)
(3.1702 -0.171842 0)
(3.1793 -0.162013 0)
(3.18962 -0.159226 0)
(3.2004 -0.158402 0)
(3.20675 -0.155583 0)
(3.21156 -0.147288 0)
(3.20876 -0.130304 0)
(3 5.41689e-16 0)
(3 1.79621e-16 0)
(3 -1.37537e-16 0)
(3 5.77992e-14 0)
(3 8.16172e-10 0)
(3 1.60647e-06 0)
(2.9998 0.000515061 0)
(2.98841 0.0289495 0)
(2.83931 0.271469 0)
(2.38367 0.761659 0)
(2.21368 0.916133 0)
(2.16106 0.957644 0)
(2.17123 0.947503 0)
(2.18738 0.943341 0)
(2.18605 0.878913 0)
(2.16074 0.655635 0)
(2.04682 0.288416 0)
(1.93182 0.0426995 0)
(1.87539 -0.0930359 0)
(1.89608 -0.104201 0)
(1.94173 -0.126702 0)
(2.00255 -0.137719 0)
(2.05366 -0.115672 0)
(2.09829 -0.110528 0)
(2.13786 -0.126765 0)
(2.16997 -0.130274 0)
(2.19894 -0.121546 0)
(2.23035 -0.120917 0)
(2.26277 -0.129602 0)
(2.29231 -0.140969 0)
(2.31955 -0.150156 0)
(2.34852 -0.151797 0)
(2.38063 -0.147377 0)
(2.41304 -0.144038 0)
(2.44266 -0.145908 0)
(2.46622 -0.150887 0)
(2.48205 -0.151098 0)
(2.49296 -0.142478 0)
(2.50588 -0.13349 0)
(2.52708 -0.136384 0)
(2.55312 -0.148785 0)
(2.57696 -0.159979 0)
(2.59996 -0.161154 0)
(2.6244 -0.151284 0)
(2.64725 -0.139178 0)
(2.66699 -0.135972 0)
(2.68031 -0.143682 0)
(2.68537 -0.150759 0)
(2.69066 -0.149021 0)
(2.70547 -0.147824 0)
(2.72703 -0.147973 0)
(2.75058 -0.144782 0)
(2.77459 -0.137921 0)
(2.79914 -0.133011 0)
(2.82348 -0.136092 0)
(2.84 -0.146085 0)
(2.84033 -0.155863 0)
(2.8281 -0.152783 0)
(2.83585 -0.137155 0)
(2.85414 -0.128608 0)
(2.87516 -0.128438 0)
(2.89856 -0.131661 0)
(2.92239 -0.135198 0)
(2.94399 -0.136149 0)
(2.958 -0.135457 0)
(2.95762 -0.136553 0)
(2.94377 -0.135961 0)
(2.94665 -0.134975 0)
(2.96583 -0.129509 0)
(2.98509 -0.124768 0)
(3.00365 -0.122187 0)
(3.02378 -0.12543 0)
(3.04336 -0.132571 0)
(3.05795 -0.133736 0)
(3.06499 -0.12488 0)
(3.0624 -0.114851 0)
(3.05263 -0.114099 0)
(3.05266 -0.120586 0)
(3.06321 -0.123925 0)
(3.07662 -0.122605 0)
(3.09267 -0.118441 0)
(3.11015 -0.112095 0)
(3.12765 -0.105409 0)
(3.14636 -0.102455 0)
(3.16378 -0.105781 0)
(3.17045 -0.113693 0)
(3.15579 -0.12155 0)
(3.13868 -0.124216 0)
(3.15007 -0.122084 0)
(3.16092 -0.1191 0)
(3.1715 -0.113831 0)
(3.18566 -0.110033 0)
(3.19922 -0.109366 0)
(3.2055 -0.107846 0)
(3.20986 -0.100253 0)
(3.21192 -0.0924962 0)
(3 1.94976e-16 0)
(3 4.11591e-16 0)
(3 1.50534e-16 0)
(3 9.04184e-17 0)
(3 6.94716e-14 0)
(3 7.87395e-10 0)
(3 1.61764e-06 0)
(2.99985 0.000416378 0)
(2.9914 0.0229772 0)
(2.84346 0.24051 0)
(2.56622 0.628514 0)
(2.23671 0.924705 0)
(2.18303 0.963748 0)
(2.07197 0.770992 0)
(1.91726 0.396473 0)
(1.77941 0.0075667 0)
(1.70225 -0.184099 0)
(1.74031 -0.179918 0)
(1.80212 -0.144414 0)
(1.88582 -0.0962931 0)
(1.95244 -0.0608179 0)
(2.00216 -0.0471504 0)
(2.05817 -0.0525215 0)
(2.1119 -0.066425 0)
(2.14902 -0.0806021 0)
(2.17718 -0.076381 0)
(2.20494 -0.0646512 0)
(2.23573 -0.0623252 0)
(2.26674 -0.0682746 0)
(2.29561 -0.0775302 0)
(2.32359 -0.0861239 0)
(2.35379 -0.0892309 0)
(2.38754 -0.0869698 0)
(2.42256 -0.0846652 0)
(2.45551 -0.0862344 0)
(2.48171 -0.0903136 0)
(2.49769 -0.0905551 0)
(2.50484 -0.0833987 0)
(2.51287 -0.0765199 0)
(2.53283 -0.0801205 0)
(2.55999 -0.0901681 0)
(2.58526 -0.0977907 0)
(2.60888 -0.0976648 0)
(2.63254 -0.0894719 0)
(2.6555 -0.0807773 0)
(2.67527 -0.0804986 0)
(2.68591 -0.0868787 0)
(2.68841 -0.0895626 0)
(2.6952 -0.0881362 0)
(2.71206 -0.0875694 0)
(2.73434 -0.0874491 0)
(2.75777 -0.0852561 0)
(2.78155 -0.0813974 0)
(2.80624 -0.0800877 0)
(2.82917 -0.0839244 0)
(2.8426 -0.0912942 0)
(2.84019 -0.0974158 0)
(2.83095 -0.0902183 0)
(2.83729 -0.0760526 0)
(2.85644 -0.0723562 0)
(2.88176 -0.0762473 0)
(2.90641 -0.0813488 0)
(2.92792 -0.0840266 0)
(2.94571 -0.0835368 0)
(2.95786 -0.081569 0)
(2.96148 -0.0813627 0)
(2.95496 -0.0855475 0)
(2.95223 -0.0841586 0)
(2.96717 -0.0771362 0)
(2.98459 -0.0726294 0)
(3.00482 -0.0715707 0)
(3.02738 -0.076648 0)
(3.04623 -0.0829195 0)
(3.05896 -0.0819373 0)
(3.0658 -0.0752347 0)
(3.06458 -0.0691891 0)
(3.05318 -0.0685817 0)
(3.05393 -0.0719103 0)
(3.06584 -0.0736448 0)
(3.07929 -0.0729121 0)
(3.09587 -0.0704108 0)
(3.1147 -0.0667125 0)
(3.13484 -0.0638229 0)
(3.15531 -0.0633906 0)
(3.17259 -0.0652237 0)
(3.17932 -0.0688901 0)
(3.16299 -0.0764135 0)
(3.14345 -0.0835166 0)
(3.15652 -0.0795319 0)
(3.16689 -0.076254 0)
(3.18119 -0.0721113 0)
(3.19901 -0.071661 0)
(3.20994 -0.0711712 0)
(3.21805 -0.0688108 0)
(3.22149 -0.0648633 0)
(3.22698 -0.0586116 0)
(3 -9.68699e-17 0)
(3 3.22237e-17 0)
(3 2.73487e-16 0)
(3 1.41996e-16 0)
(3 -8.3812e-16 0)
(3 5.85643e-14 0)
(3 6.8616e-10 0)
(3 8.99487e-07 0)
(2.99988 0.000241673 0)
(2.99157 0.0137316 0)
(2.88729 0.127406 0)
(2.47271 0.448233 0)
(2.1267 0.569519 0)
(1.8729 0.605809 0)
(1.69981 0.390311 0)
(1.63989 0.204731 0)
(1.67375 0.0582894 0)
(1.77396 -0.0307035 0)
(1.8759 -0.0495157 0)
(1.92788 -0.0570494 0)
(1.96684 -0.0401333 0)
(1.99637 -0.0260083 0)
(2.04262 -0.029803 0)
(2.09194 -0.036138 0)
(2.12923 -0.0394204 0)
(2.15788 -0.0331485 0)
(2.18861 -0.0279592 0)
(2.22102 -0.0287856 0)
(2.24949 -0.0321104 0)
(2.27431 -0.0350356 0)
(2.30023 -0.0370635 0)
(2.3309 -0.0375487 0)
(2.36607 -0.036729 0)
(2.40316 -0.0365274 0)
(2.43779 -0.0385775 0)
(2.46376 -0.042005 0)
(2.4775 -0.0429174 0)
(2.48289 -0.039571 0)
(2.49191 -0.0366263 0)
(2.5126 -0.0391403 0)
(2.53835 -0.0452529 0)
(2.56182 -0.0494602 0)
(2.58429 -0.0475907 0)
(2.6086 -0.0417644 0)
(2.63488 -0.037711 0)
(2.65705 -0.039879 0)
(2.66559 -0.0456781 0)
(2.66465 -0.0471679 0)
(2.67103 -0.0450631 0)
(2.68884 -0.0442434 0)
(2.71181 -0.0446822 0)
(2.73554 -0.0441556 0)
(2.75942 -0.0426236 0)
(2.78359 -0.0426202 0)
(2.80465 -0.0452799 0)
(2.81573 -0.0491645 0)
(2.81144 -0.0509222 0)
(2.80384 -0.0456527 0)
(2.81396 -0.039656 0)
(2.8365 -0.0402081 0)
(2.86219 -0.0451362 0)
(2.88362 -0.0484763 0)
(2.90058 -0.0471042 0)
(2.91552 -0.0443219 0)
(2.92941 -0.0442449 0)
(2.93773 -0.0478007 0)
(2.93052 -0.0500668 0)
(2.92525 -0.045596 0)
(2.93993 -0.0412597 0)
(2.95932 -0.0398123 0)
(2.98364 -0.0410689 0)
(3.00703 -0.0457844 0)
(3.02292 -0.049836 0)
(3.03274 -0.0478333 0)
(3.03952 -0.0421965 0)
(3.04072 -0.0384163 0)
(3.03083 -0.0398977 0)
(3.0323 -0.0422098 0)
(3.04623 -0.0432107 0)
(3.0604 -0.0428409 0)
(3.07726 -0.0412921 0)
(3.09667 -0.039428 0)
(3.11773 -0.0382968 0)
(3.13806 -0.0385288 0)
(3.15396 -0.040021 0)
(3.15889 -0.0423573 0)
(3.13813 -0.0454654 0)
(3.11774 -0.0473791 0)
(3.12978 -0.0454651 0)
(3.14106 -0.0436968 0)
(3.15999 -0.0420305 0)
(3.17956 -0.0420735 0)
(3.19109 -0.0427746 0)
(3.1996 -0.042523 0)
(3.20316 -0.0398647 0)
(3.21063 -0.0363434 0)
)
;

boundaryField
{
    inlet
    {
        type            fixedValue;
        value           uniform (3 0 0);
    }
    outlet
    {
        type            inletOutlet;
        inletValue      uniform (3 0 0);
        value           nonuniform List<vector> 
32
(
(2.8492 0.0301818 0)
(2.88352 0.119479 0)
(2.94883 0.0376547 0)
(2.96678 -0.140495 0)
(2.95302 -0.381901 0)
(2.94609 -0.44868 0)
(2.94308 -0.447777 0)
(2.94488 -0.435254 0)
(2.94931 -0.406328 0)
(2.96781 -0.385602 0)
(2.98954 -0.358315 0)
(3.00381 -0.341233 0)
(3.01503 -0.335973 0)
(3.03267 -0.328978 0)
(3.05945 -0.32803 0)
(3.07957 -0.304503 0)
(3.09536 -0.277438 0)
(3.12223 -0.245203 0)
(3.14171 -0.234024 0)
(3.15412 -0.226031 0)
(3.16217 -0.222154 0)
(3.17011 -0.202374 0)
(3.16958 -0.179953 0)
(3.17064 -0.160681 0)
(3.16662 -0.152379 0)
(3.17779 -0.151794 0)
(3.20421 -0.164798 0)
(3.21426 -0.153425 0)
(3.20876 -0.130304 0)
(3.21192 -0.0924962 0)
(3.22698 -0.0586116 0)
(3.21063 -0.0363434 0)
)
;
    }
    bottom
    {
        type            symmetryPlane;
    }
    top
    {
        type            symmetryPlane;
    }
    obstacle
    {
        type            slip;
    }
    defaultFaces
    {
        type            empty;
    }
}


// ************************************************************************* //
