/*--------------------------------*- C++ -*----------------------------------*\
  =========                 |
  \\      /  F ield         | OpenFOAM: The Open Source CFD Toolbox
   \\    /   O peration     | Website:  https://openfoam.org
    \\  /    A nd           | Version:  7
     \\/     M anipulation  |
\*---------------------------------------------------------------------------*/
FoamFile
{
    version     2.0;
    format      ascii;
    class       volVectorField;
    location    "3.4";
    object      U;
}
// * * * * * * * * * * * * * * * * * * * * * * * * * * * * * * * * * * * * * //

dimensions      [0 1 -1 0 0 0 0];

internalField   nonuniform List<vector> 
4032
(
(3 2.21912e-16 0)
(3 1.4518e-16 0)
(3 -3.84304e-16 0)
(3 -4.34765e-16 0)
(3 1.50677e-16 0)
(3 -8.0212e-17 0)
(3 -4.52438e-17 0)
(3 2.20756e-18 0)
(3 1.05893e-17 0)
(3 9.0942e-17 0)
(3 4.11045e-17 0)
(2.95558 0.0025556 0)
(1.02525 0.0180178 0)
(0.707406 0.0189044 0)
(0.654836 0.0228107 0)
(0.595852 0.0243599 0)
(0.536679 0.0257758 0)
(0.475269 0.0274459 0)
(0.411339 0.0293324 0)
(0.344606 0.0311585 0)
(0.275539 0.0327649 0)
(0.203253 0.0353598 0)
(0.126443 0.0374878 0)
(0.0471683 0.0426875 0)
(3 2.00262e-16 0)
(3 8.49128e-17 0)
(3 -4.2227e-16 0)
(3 -3.64798e-16 0)
(3 4.83805e-17 0)
(3 -2.73446e-16 0)
(3 -2.46283e-16 0)
(3 2.31575e-16 0)
(3 9.97486e-17 0)
(3 -5.88674e-16 0)
(3 -4.60545e-16 0)
(2.96343 0.0245032 0)
(1.03506 0.0797385 0)
(0.701788 0.0670204 0)
(0.648978 0.0711481 0)
(0.591267 0.076262 0)
(0.532168 0.081029 0)
(0.470423 0.0864816 0)
(0.405957 0.0924542 0)
(0.338582 0.0983237 0)
(0.268812 0.103209 0)
(0.196433 0.110772 0)
(0.120131 0.116507 0)
(0.0439291 0.129183 0)
(3 -1.04994e-16 0)
(3 -2.27545e-16 0)
(3 -2.43938e-16 0)
(3 5.36827e-17 0)
(3 3.04817e-17 0)
(3 -6.77484e-17 0)
(3 1.57955e-17 0)
(3 1.82212e-16 0)
(3 -2.1592e-16 0)
(3 -5.61357e-16 0)
(3 -1.98752e-16 0)
(3.00409 0.00538637 0)
(1.09517 0.132325 0)
(0.728326 0.108387 0)
(0.673396 0.117439 0)
(0.613706 0.126669 0)
(0.552809 0.135092 0)
(0.490094 0.144454 0)
(0.425074 0.154538 0)
(0.356985 0.164696 0)
(0.285289 0.173185 0)
(0.209914 0.186154 0)
(0.128231 0.195452 0)
(0.0474873 0.213811 0)
(3 4.96598e-18 0)
(3 2.20768e-17 0)
(3 1.32872e-16 0)
(3 6.60011e-19 0)
(3 -5.33719e-17 0)
(3 1.42928e-16 0)
(3 1.81443e-16 0)
(3 3.80543e-17 0)
(3 -9.39939e-17 0)
(3 1.79567e-16 0)
(3 8.56711e-17 0)
(3.00043 3.24218e-05 0)
(1.18142 0.176196 0)
(0.737872 0.15256 0)
(0.681294 0.16729 0)
(0.623597 0.179754 0)
(0.564346 0.190731 0)
(0.503566 0.203506 0)
(0.439674 0.217998 0)
(0.371197 0.234042 0)
(0.296911 0.248092 0)
(0.218739 0.268279 0)
(0.133077 0.282777 0)
(0.0482209 0.306289 0)
(3 -1.37931e-17 0)
(3 4.60952e-16 0)
(3 2.90931e-16 0)
(3 1.90673e-16 0)
(3 1.57918e-17 0)
(3 -5.0928e-17 0)
(3 -2.66715e-17 0)
(3 -4.30055e-16 0)
(3 2.59023e-16 0)
(3 5.52532e-16 0)
(3 9.44263e-17 0)
(3 -1.03253e-07 0)
(1.32027 0.226361 0)
(0.75013 0.199114 0)
(0.685161 0.214316 0)
(0.631414 0.229612 0)
(0.57574 0.243327 0)
(0.518998 0.260267 0)
(0.458841 0.280324 0)
(0.394189 0.303806 0)
(0.321936 0.324309 0)
(0.244346 0.352504 0)
(0.152548 0.375394 0)
(0.0581483 0.406998 0)
(3 -1.19565e-17 0)
(3 1.72176e-16 0)
(3 2.64258e-16 0)
(3 -6.99044e-17 0)
(3 -2.0666e-16 0)
(3 -3.48965e-16 0)
(3 -5.66306e-16 0)
(3 -7.88206e-16 0)
(3 -2.05168e-16 0)
(3 2.25445e-16 0)
(3 3.31925e-16 0)
(3 -6.00524e-08 0)
(1.5326 0.276595 0)
(0.773009 0.254997 0)
(0.687751 0.261706 0)
(0.635536 0.27672 0)
(0.583863 0.292128 0)
(0.533692 0.31292 0)
(0.480409 0.338608 0)
(0.421676 0.371398 0)
(0.349093 0.403848 0)
(0.266774 0.447264 0)
(0.166468 0.488187 0)
(0.0570784 0.528999 0)
(3 7.6033e-17 0)
(3 -5.85298e-17 0)
(3 -3.55404e-17 0)
(3 -2.06442e-16 0)
(3 -2.33319e-16 0)
(3 -3.61534e-16 0)
(3 -6.03418e-16 0)
(3 -7.91527e-16 0)
(3 -8.01296e-16 0)
(3 -1.32738e-15 0)
(3 -8.79607e-16 0)
(3 -1.15039e-08 0)
(1.83919 0.328396 0)
(0.810369 0.326788 0)
(0.693365 0.317356 0)
(0.638887 0.326101 0)
(0.588487 0.339831 0)
(0.543151 0.362466 0)
(0.496617 0.393493 0)
(0.449457 0.437145 0)
(0.389353 0.485506 0)
(0.321558 0.542949 0)
(0.231084 0.602524 0)
(0.100323 0.671567 0)
(3 2.75471e-17 0)
(3 -3.3195e-16 0)
(3 -6.07014e-16 0)
(3 -1.93394e-16 0)
(3 -1.72809e-16 0)
(3 -2.72659e-16 0)
(3 -2.17986e-16 0)
(3 -2.79825e-16 0)
(3 -6.32824e-16 0)
(3 -7.27213e-16 0)
(3 6.76827e-16 0)
(3 -1.13288e-09 0)
(2.28836 0.347294 0)
(0.887896 0.414216 0)
(0.734642 0.377246 0)
(0.679978 0.381607 0)
(0.625623 0.390302 0)
(0.578097 0.410973 0)
(0.533546 0.444164 0)
(0.493381 0.493151 0)
(0.447884 0.553562 0)
(0.386911 0.639189 0)
(0.2706 0.763427 0)
(0.150213 0.932563 0)
(3 -9.72221e-17 0)
(3 -1.83637e-16 0)
(3 -6.05925e-16 0)
(3 -8.24517e-16 0)
(3 -6.27766e-16 0)
(3 -6.79934e-16 0)
(3 -5.79951e-16 0)
(3 -3.34461e-16 0)
(3 -1.23289e-16 0)
(3 5.97583e-16 0)
(3 2.42952e-15 0)
(3 -4.13171e-11 0)
(2.86988 0.201437 0)
(1.05786 0.472797 0)
(0.829301 0.409915 0)
(0.771391 0.423785 0)
(0.704422 0.439786 0)
(0.6456 0.459169 0)
(0.597161 0.491268 0)
(0.556695 0.542048 0)
(0.52151 0.618753 0)
(0.487934 0.745844 0)
(0.458061 0.924379 0)
(0.573727 1.20704 0)
(3 -1.6001e-16 0)
(3 -6.80532e-17 0)
(3 8.10715e-17 0)
(3 -2.66105e-16 0)
(3 -2.42512e-16 0)
(3 -4.74095e-16 0)
(3 -3.69493e-16 0)
(3 -2.03166e-16 0)
(3 4.59991e-16 0)
(3 9.69805e-16 0)
(3 1.37289e-15 0)
(3 -7.58208e-13 0)
(3.05113 0.0149241 0)
(1.27659 0.453674 0)
(0.879179 0.465799 0)
(0.839385 0.494839 0)
(0.779382 0.50621 0)
(0.721106 0.519582 0)
(0.672972 0.546656 0)
(0.632329 0.594077 0)
(0.614423 0.676169 0)
(0.614421 0.810987 0)
(0.678811 0.962362 0)
(0.963936 1.13882 0)
(3 -1.06822e-17 0)
(3 -1.90533e-17 0)
(3 5.2935e-16 0)
(3 8.53153e-16 0)
(3 3.30157e-16 0)
(3 1.71843e-16 0)
(3 -1.92154e-16 0)
(3 -2.54284e-16 0)
(3 1.29032e-16 0)
(3 6.06525e-16 0)
(3 6.43008e-16 0)
(3 -6.45116e-15 0)
(3.00228 -4.80777e-06 0)
(1.55036 0.464012 0)
(0.874328 0.517549 0)
(0.836873 0.543628 0)
(0.807108 0.567093 0)
(0.775383 0.581369 0)
(0.744605 0.604888 0)
(0.716433 0.642328 0)
(0.716332 0.712998 0)
(0.742938 0.828333 0)
(0.866497 0.956421 0)
(1.17584 1.0679 0)
(3 1.54622e-16 0)
(3 2.71551e-16 0)
(3 5.62831e-16 0)
(3 6.98661e-16 0)
(3 7.00259e-17 0)
(3 1.68794e-16 0)
(3 -5.29059e-16 0)
(3 -1.95311e-16 0)
(3 -3.12355e-16 0)
(3 -8.08797e-16 0)
(3 -7.54255e-16 0)
(3 -1.21538e-15 0)
(3.00001 -3.33804e-07 0)
(2.16661 0.48205 0)
(0.949559 0.582895 0)
(0.863866 0.557453 0)
(0.857538 0.585893 0)
(0.838645 0.615005 0)
(0.821429 0.646616 0)
(0.807736 0.681539 0)
(0.817107 0.741738 0)
(0.864475 0.829036 0)
(1.00658 0.931326 0)
(1.26749 1.00105 0)
(3 9.16791e-17 0)
(3 8.29551e-17 0)
(3 -2.59008e-17 0)
(3 -2.5233e-16 0)
(3 -1.84484e-16 0)
(3 -2.90873e-16 0)
(3 5.45741e-16 0)
(3 4.68018e-16 0)
(3 -4.16828e-16 0)
(3 -2.31874e-15 0)
(3 -2.7129e-15 0)
(3 -2.09674e-15 0)
(3 -3.78226e-07 0)
(2.96998 0.193177 0)
(1.17766 0.60923 0)
(0.937624 0.565511 0)
(0.929195 0.613059 0)
(0.910566 0.644184 0)
(0.898782 0.67868 0)
(0.897685 0.713794 0)
(0.912341 0.763429 0)
(0.971972 0.828646 0)
(1.10795 0.901192 0)
(1.31825 0.944984 0)
(3 -5.62852e-17 0)
(3 -4.60016e-17 0)
(3 -2.02444e-16 0)
(3 -2.01893e-16 0)
(3 -2.60745e-16 0)
(3 -5.70347e-16 0)
(3 -2.14153e-16 0)
(3 -2.31912e-16 0)
(3 -5.52137e-16 0)
(3 -1.74977e-15 0)
(3 -2.39639e-15 0)
(3 -2.30869e-15 0)
(3 -7.83089e-08 0)
(3.04654 0.00676901 0)
(1.45625 0.59542 0)
(0.971945 0.644242 0)
(0.942247 0.65725 0)
(0.933031 0.681276 0)
(0.943866 0.712863 0)
(0.963285 0.748393 0)
(0.995659 0.786005 0)
(1.06278 0.831869 0)
(1.18266 0.877917 0)
(1.34978 0.900251 0)
(3 -9.5629e-17 0)
(3 2.86823e-16 0)
(3 2.52643e-16 0)
(3 2.961e-16 0)
(3 1.38353e-16 0)
(3 -3.77553e-16 0)
(3 -1.37032e-15 0)
(3 -9.83851e-16 0)
(3 -7.70372e-16 0)
(3 -6.84638e-16 0)
(3 -1.84017e-15 0)
(3 -1.58914e-15 0)
(3 -6.56665e-09 0)
(3.00109 -6.07209e-06 0)
(2.11272 0.583887 0)
(1.04765 0.716693 0)
(0.985867 0.679991 0)
(0.977367 0.691622 0)
(0.993085 0.717385 0)
(1.01966 0.754055 0)
(1.0648 0.791958 0)
(1.13612 0.830462 0)
(1.23915 0.861682 0)
(1.37509 0.873594 0)
(3 -9.22228e-17 0)
(3 -2.74992e-16 0)
(3 -2.18548e-16 0)
(3 -1.82576e-16 0)
(3 7.1719e-18 0)
(3 3.55446e-17 0)
(3 -6.93874e-17 0)
(3 -4.18466e-16 0)
(3 2.02939e-18 0)
(3 1.88829e-15 0)
(3 1.61321e-15 0)
(3 7.83842e-16 0)
(3 -5.22361e-11 0)
(3.00004 -1.27226e-05 0)
(3.03523 0.161405 0)
(1.32541 0.690663 0)
(1.06811 0.700552 0)
(1.06298 0.706145 0)
(1.06474 0.734038 0)
(1.08126 0.766396 0)
(1.12354 0.799139 0)
(1.19177 0.830724 0)
(1.28103 0.851895 0)
(1.3953 0.858312 0)
(3 2.20865e-17 0)
(3 -2.02394e-16 0)
(3 -6.15332e-16 0)
(3 -6.47066e-16 0)
(3 -4.39539e-16 0)
(3 1.94962e-16 0)
(3 4.00331e-16 0)
(3 2.57987e-16 0)
(3 1.04159e-15 0)
(3 1.26432e-15 0)
(3 2.32748e-15 0)
(3 2.06615e-15 0)
(3 -6.06192e-14 0)
(3 -3.25305e-06 0)
(3.02966 0.002249 0)
(1.65475 0.660319 0)
(1.09207 0.756741 0)
(1.08871 0.757873 0)
(1.10243 0.773092 0)
(1.12807 0.789704 0)
(1.16961 0.809205 0)
(1.23267 0.828706 0)
(1.31215 0.842888 0)
(1.41089 0.84759 0)
(3 2.34024e-16 0)
(3 2.1263e-16 0)
(3 1.46258e-16 0)
(3 3.49502e-16 0)
(3 5.63042e-16 0)
(3 7.84973e-16 0)
(3 1.0795e-15 0)
(3 1.05593e-15 0)
(3 3.3551e-16 0)
(3 5.52244e-17 0)
(3 7.33469e-16 0)
(3 9.80677e-16 0)
(3 1.14348e-15 0)
(3 -2.61563e-07 0)
(3.00041 9.62151e-06 0)
(2.56147 0.450025 0)
(1.22978 0.785883 0)
(1.12238 0.776486 0)
(1.14623 0.781943 0)
(1.17064 0.797924 0)
(1.20908 0.8137 0)
(1.26583 0.827518 0)
(1.33842 0.837417 0)
(1.42396 0.840069 0)
(3 -2.97033e-17 0)
(3 1.97304e-16 0)
(3 5.33964e-16 0)
(3 8.63038e-16 0)
(3 7.8735e-16 0)
(3 5.24963e-16 0)
(3 1.67561e-16 0)
(3 1.39963e-16 0)
(3 -1.99248e-16 0)
(3 -4.32722e-16 0)
(3 -6.22326e-16 0)
(3 -4.24661e-16 0)
(3 2.34801e-16 0)
(3 -1.63018e-09 0)
(3.00003 -1.13472e-05 0)
(3.06625 0.0436847 0)
(1.60721 0.761278 0)
(1.17593 0.796242 0)
(1.20051 0.798388 0)
(1.21473 0.809884 0)
(1.24877 0.819326 0)
(1.29675 0.828778 0)
(1.36098 0.834529 0)
(1.43572 0.834543 0)
(3 -1.01148e-16 0)
(3 -2.04716e-17 0)
(3 -1.95783e-16 0)
(3 -4.26901e-16 0)
(3 -6.33986e-16 0)
(3 -7.10615e-16 0)
(3 -8.79881e-16 0)
(3 -1.14224e-15 0)
(3 -7.58066e-16 0)
(3 -6.25818e-16 0)
(3 -1.00616e-15 0)
(3 -7.92623e-16 0)
(3 3.2787e-16 0)
(3 -3.14049e-12 0)
(3 -2.45588e-06 0)
(3.00463 0.000818214 0)
(2.43468 0.577748 0)
(1.28731 0.860424 0)
(1.23063 0.839985 0)
(1.25231 0.834352 0)
(1.28171 0.83559 0)
(1.32541 0.837233 0)
(1.38153 0.837092 0)
(1.447 0.834175 0)
(3 1.2487e-17 0)
(3 -5.60241e-17 0)
(3 -9.01572e-17 0)
(3 -3.7723e-16 0)
(3 -8.58754e-16 0)
(3 -1.52085e-15 0)
(3 -7.67793e-16 0)
(3 -5.76069e-16 0)
(3 -2.09258e-16 0)
(3 -2.03909e-16 0)
(3 -8.11361e-16 0)
(3 -9.53073e-16 0)
(3 -9.26362e-17 0)
(3 -1.27234e-15 0)
(3 -2.09205e-07 0)
(3.00001 2.99123e-06 0)
(3.0566 0.0779901 0)
(1.69898 0.820981 0)
(1.27924 0.845519 0)
(1.30263 0.841134 0)
(1.32352 0.840285 0)
(1.36122 0.83786 0)
(1.40843 0.836034 0)
(1.46434 0.832748 0)
(3 -3.7982e-17 0)
(3 3.02203e-17 0)
(3 1.62977e-16 0)
(3 1.22395e-16 0)
(3 -5.09562e-16 0)
(3 -5.41899e-16 0)
(3 -3.8433e-16 0)
(3 1.79293e-17 0)
(3 -3.07216e-16 0)
(3 -7.12908e-16 0)
(3 -6.83454e-16 0)
(3 -6.00313e-16 0)
(3 -2.0073e-15 0)
(3 -2.39624e-15 0)
(3 -2.26722e-09 0)
(3 -1.37988e-07 0)
(3.00625 0.00250587 0)
(2.58959 0.553392 0)
(1.40382 0.904095 0)
(1.3354 0.875357 0)
(1.36397 0.864753 0)
(1.39451 0.859109 0)
(1.43307 0.854553 0)
(1.48149 0.846973 0)
(3 4.51922e-17 0)
(3 -1.65393e-17 0)
(3 4.20415e-17 0)
(3 1.94057e-16 0)
(3 1.6998e-16 0)
(3 -7.95507e-17 0)
(3 -6.00839e-16 0)
(3 -5.86541e-16 0)
(3 -7.57136e-16 0)
(3 -1.18197e-15 0)
(3 -5.6246e-16 0)
(3 -1.73276e-16 0)
(3 -1.34401e-15 0)
(3 -1.76703e-15 0)
(3 -4.41704e-12 0)
(3 -3.3896e-08 0)
(3.00002 1.99326e-05 0)
(3.05323 0.05532 0)
(1.85294 0.808388 0)
(1.37963 0.891256 0)
(1.41217 0.881584 0)
(1.43806 0.87392 0)
(1.47045 0.864595 0)
(1.51136 0.852469 0)
(3 -7.63462e-17 0)
(3 -2.08935e-16 0)
(3 -2.24094e-17 0)
(3 -1.03491e-16 0)
(3 1.95355e-16 0)
(3 9.55996e-17 0)
(3 -9.13398e-17 0)
(3 -2.57602e-16 0)
(3 -3.65511e-16 0)
(3 -4.20251e-16 0)
(3 -3.07114e-16 0)
(3 -4.77046e-17 0)
(3 6.18146e-17 0)
(3 6.9591e-16 0)
(3 -3.25857e-17 0)
(3 -3.14477e-09 0)
(3 6.232e-09 0)
(3.00301 0.00209082 0)
(2.73091 0.419208 0)
(1.57824 0.92451 0)
(1.42686 0.906507 0)
(1.46506 0.900654 0)
(1.49618 0.890402 0)
(1.53289 0.87544 0)
(3 -1.61548e-16 0)
(3 -4.14513e-16 0)
(3 -5.18366e-16 0)
(3 -2.7355e-16 0)
(3 1.77179e-16 0)
(3 6.88878e-16 0)
(3 1.02333e-15 0)
(3 9.79386e-16 0)
(3 3.38668e-16 0)
(3 5.97622e-17 0)
(3 -2.0424e-16 0)
(3 -4.50224e-16 0)
(3 -2.92351e-16 0)
(3 2.68978e-16 0)
(3 6.60808e-16 0)
(3 -1.20983e-10 0)
(3 -1.19403e-10 0)
(3.00001 1.18956e-05 0)
(3.02509 0.0303294 0)
(2.14446 0.760844 0)
(1.49202 0.922674 0)
(1.49438 0.91496 0)
(1.527 0.89998 0)
(1.55898 0.886899 0)
(3 -1.07425e-17 0)
(3 7.62175e-18 0)
(3 -1.15768e-16 0)
(3 2.43413e-16 0)
(3 7.00197e-16 0)
(3 5.48572e-16 0)
(3 5.79258e-16 0)
(3 9.88512e-16 0)
(3 8.4077e-16 0)
(3 8.50596e-18 0)
(3 4.82365e-17 0)
(3 -1.84382e-16 0)
(3 -2.68741e-16 0)
(3 -1.08271e-15 0)
(3 -8.00785e-16 0)
(3 -1.0076e-12 0)
(3 -3.71043e-11 0)
(3 5.24321e-09 0)
(3.00062 0.00116087 0)
(2.92208 0.224337 0)
(1.81031 0.878429 0)
(1.52064 0.931179 0)
(1.55485 0.91899 0)
(1.58639 0.906081 0)
(3 -6.18143e-17 0)
(3 6.12392e-16 0)
(3 6.5298e-16 0)
(3 2.14959e-16 0)
(3 -7.25147e-17 0)
(3 -1.90975e-16 0)
(3 -1.09095e-16 0)
(3 2.2198e-16 0)
(3 4.20837e-16 0)
(3 3.48939e-16 0)
(3 1.86079e-16 0)
(3 9.73366e-16 0)
(3 1.37992e-15 0)
(3 1.00539e-16 0)
(3 9.05645e-16 0)
(3 -1.57272e-16 0)
(3 -4.7071e-12 0)
(3 -4.00609e-12 0)
(3 3.88143e-06 0)
(3.00671 0.013379 0)
(2.54448 0.550987 0)
(1.665 0.952356 0)
(1.56148 0.938714 0)
(1.59913 0.927202 0)
(3 1.11485e-16 0)
(3 1.36647e-16 0)
(3 1.50966e-16 0)
(3 -2.91074e-17 0)
(3 -6.15659e-16 0)
(3 -4.37134e-16 0)
(3 -4.6842e-16 0)
(3 -7.15175e-16 0)
(3 -6.21036e-16 0)
(3 4.28967e-16 0)
(3 4.29537e-16 0)
(3 5.08015e-16 0)
(3 1.45858e-15 0)
(3 1.91368e-15 0)
(3 2.62182e-15 0)
(3 1.99139e-15 0)
(3 -1.29084e-13 0)
(3 -1.36151e-12 0)
(3 1.72813e-09 0)
(3.00001 0.000270266 0)
(3.00006 0.0699645 0)
(2.16837 0.772634 0)
(1.62536 0.94827 0)
(1.61852 0.944536 0)
(3 1.67773e-16 0)
(3 -1.50427e-16 0)
(3 -1.01765e-16 0)
(3 -4.69201e-16 0)
(3 -2.50863e-16 0)
(3 -2.38722e-16 0)
(3 -4.13194e-16 0)
(3 -9.36964e-16 0)
(3 -1.37872e-15 0)
(3 -7.57656e-16 0)
(3 -1.41359e-16 0)
(3 5.11489e-17 0)
(3 4.20057e-16 0)
(3 5.43416e-16 0)
(3 3.60722e-16 0)
(3 1.20638e-16 0)
(3 -7.76594e-16 0)
(3 -2.00926e-13 0)
(3 1.73496e-13 0)
(3 4.26991e-07 0)
(3.00056 0.00337068 0)
(2.87418 0.252728 0)
(1.93965 0.868883 0)
(1.6593 0.954743 0)
(3 -2.72794e-17 0)
(3 -5.74644e-17 0)
(3 -1.32112e-16 0)
(3 -5.97616e-17 0)
(3 7.29461e-17 0)
(3 2.50223e-16 0)
(3 4.24554e-16 0)
(3 2.23275e-16 0)
(3 2.96325e-16 0)
(3 -2.31157e-16 0)
(3 -3.81809e-16 0)
(3 -2.38128e-16 0)
(3 -4.69599e-16 0)
(3 -2.82313e-16 0)
(3 -8.23071e-16 0)
(3 -8.5682e-16 0)
(3 -3.11313e-16 0)
(3 -1.37349e-14 0)
(3 -1.36178e-14 0)
(3 2.30037e-10 0)
(3 2.00532e-05 0)
(3.00085 0.017866 0)
(2.61497 0.480592 0)
(1.84324 0.925997 0)
(3 -2.88192e-17 0)
(3 -5.91753e-17 0)
(3 -3.18509e-16 0)
(3 1.4676e-16 0)
(3 9.50597e-17 0)
(3 3.65944e-16 0)
(3 9.77632e-16 0)
(3 7.61295e-16 0)
(3 6.60016e-16 0)
(3 5.31406e-16 0)
(3 4.30561e-16 0)
(3 3.86814e-16 0)
(3 8.11676e-17 0)
(3 6.8992e-17 0)
(3 6.75029e-17 0)
(3 -2.60982e-16 0)
(3 -1.46749e-16 0)
(3 -7.22159e-16 0)
(3 -5.20768e-15 0)
(3 2.94148e-14 0)
(3 1.71746e-08 0)
(2.99995 0.000369992 0)
(2.9869 0.0558432 0)
(2.37601 0.657895 0)
(3 -1.18857e-16 0)
(3 -6.50673e-17 0)
(3 -3.36701e-16 0)
(3 -4.09119e-16 0)
(3 -3.57872e-16 0)
(3 -1.08596e-16 0)
(3 -2.1915e-16 0)
(3 2.53711e-16 0)
(3 5.08948e-16 0)
(3 1.03405e-15 0)
(3 1.10422e-15 0)
(3 7.57428e-16 0)
(3 4.90194e-16 0)
(3 -1.4135e-16 0)
(3 1.54096e-16 0)
(3 3.42374e-16 0)
(3 5.11049e-16 0)
(3 3.82876e-16 0)
(3 -1.78743e-16 0)
(3 -4.09805e-16 0)
(3 7.17595e-12 0)
(3 6.98131e-07 0)
(2.99977 0.00234974 0)
(2.92983 0.1435 0)
(3 -1.7382e-17 0)
(3 3.11699e-17 0)
(3 1.16948e-16 0)
(3 9.60114e-17 0)
(3 3.27835e-16 0)
(3 -1.04678e-16 0)
(3 -5.54947e-16 0)
(3 -2.81894e-16 0)
(3 5.27314e-16 0)
(3 1.612e-15 0)
(3 1.55846e-15 0)
(3 8.13616e-16 0)
(3 6.64344e-16 0)
(3 5.24357e-16 0)
(3 9.85831e-16 0)
(3 1.29587e-15 0)
(3 6.15408e-16 0)
(3 6.23946e-16 0)
(3 4.17913e-16 0)
(3 -3.31227e-16 0)
(3 2.77924e-16 0)
(3 5.60923e-10 0)
(3 1.04685e-05 0)
(2.99861 0.00843824 0)
(3 9.10948e-17 0)
(3 2.53674e-16 0)
(3 6.89443e-16 0)
(3 8.52652e-16 0)
(3 7.3554e-16 0)
(3 4.77626e-16 0)
(3 3.47901e-16 0)
(3 1.59387e-16 0)
(3 3.91369e-16 0)
(3 4.74111e-16 0)
(3 6.2616e-16 0)
(3 1.42248e-15 0)
(3 1.742e-15 0)
(3 2.24112e-15 0)
(3 2.22151e-15 0)
(3 1.48418e-15 0)
(3 3.80226e-17 0)
(3 -6.20495e-16 0)
(3 -7.79566e-16 0)
(3 -9.03409e-16 0)
(3 -1.49384e-15 0)
(3 7.00039e-14 0)
(3 1.30063e-08 0)
(2.99998 7.61259e-05 0)
(3 5.26317e-18 0)
(3 4.49487e-17 0)
(3 4.89569e-16 0)
(3 2.80914e-16 0)
(3 2.11218e-16 0)
(3 5.48459e-16 0)
(3 1.04402e-15 0)
(3 1.03048e-15 0)
(3 7.35117e-16 0)
(3 3.13183e-16 0)
(3 2.87967e-16 0)
(3 4.79853e-16 0)
(3 7.86807e-16 0)
(3 1.12242e-15 0)
(3 1.07108e-15 0)
(3 3.79354e-16 0)
(3 -1.7413e-16 0)
(3 -5.23903e-16 0)
(3 -1.79672e-16 0)
(3 -3.61312e-17 0)
(3 -4.73624e-16 0)
(3 -1.18008e-16 0)
(3 4.39714e-12 0)
(3 1.032e-07 0)
(3 2.89379e-18 0)
(3 -1.51574e-16 0)
(3 -2.83244e-16 0)
(3 -2.3945e-16 0)
(3 -1.8058e-16 0)
(3 -2.83892e-16 0)
(3 1.61364e-16 0)
(3 9.97329e-16 0)
(3 1.30066e-15 0)
(3 7.57088e-16 0)
(3 8.11023e-17 0)
(3 -4.24627e-16 0)
(3 -7.11522e-16 0)
(3 -7.32977e-16 0)
(3 -1.16888e-15 0)
(3 -1.89847e-15 0)
(3 -1.42067e-15 0)
(3 2.87755e-16 0)
(3 1.36047e-15 0)
(3 1.28998e-15 0)
(3 1.4405e-15 0)
(3 7.30295e-16 0)
(3 6.63215e-16 0)
(3 8.90716e-11 0)
(3 8.6975e-19 0)
(3 -4.43322e-16 0)
(3 -8.50117e-16 0)
(3 -4.80369e-16 0)
(3 -4.5647e-16 0)
(3 -3.61191e-16 0)
(3 -6.52347e-16 0)
(3 -3.47503e-16 0)
(3 -2.20057e-16 0)
(3 -8.62165e-17 0)
(3 1.61991e-16 0)
(3 -2.77148e-16 0)
(3 -6.7276e-16 0)
(3 -1.55803e-15 0)
(3 -2.26734e-15 0)
(3 -2.71051e-15 0)
(3 -1.80379e-15 0)
(3 4.13307e-16 0)
(3 1.36194e-15 0)
(3 1.23179e-15 0)
(3 1.23767e-15 0)
(3 9.31041e-16 0)
(3 1.10251e-15 0)
(3 1.12729e-14 0)
(3 1.38007e-17 0)
(3 -2.44e-17 0)
(3 1.09173e-16 0)
(3 1.39794e-16 0)
(3 1.85102e-16 0)
(3 4.21758e-16 0)
(3 2.70857e-16 0)
(3 -4.19721e-16 0)
(3 -1.07938e-15 0)
(3 -5.47801e-16 0)
(3 -2.02254e-16 0)
(3 -2.85047e-16 0)
(3 -9.16594e-16 0)
(3 -1.4609e-15 0)
(3 -9.22999e-16 0)
(3 -5.00103e-16 0)
(3 -5.45803e-17 0)
(3 -3.99016e-16 0)
(3 -3.16908e-16 0)
(3 3.25204e-17 0)
(3 7.67215e-16 0)
(3 1.47218e-15 0)
(3 2.18422e-15 0)
(3 2.32306e-15 0)
(3 3.57541e-16 0)
(3 7.48629e-16 0)
(3 6.35577e-16 0)
(3 6.69906e-17 0)
(3 -1.08203e-16 0)
(3 -3.77803e-16 0)
(3 2.64049e-16 0)
(3 3.87135e-17 0)
(3 -4.44812e-16 0)
(3 -4.81144e-16 0)
(3 -7.47525e-16 0)
(3 -1.03789e-15 0)
(3 -1.56051e-15 0)
(3 -1.23143e-15 0)
(3 -6.48569e-16 0)
(3 1.11229e-15 0)
(3 1.02536e-15 0)
(3 -1.27151e-16 0)
(3 -6.64897e-16 0)
(3 2.39009e-16 0)
(3 2.76045e-16 0)
(3 5.68707e-16 0)
(3 2.15179e-15 0)
(3 2.37759e-15 0)
(3 2.0895e-16 0)
(3 2.84416e-16 0)
(3 7.50382e-17 0)
(3 -2.19195e-16 0)
(3 -3.33398e-16 0)
(3 -3.5167e-16 0)
(3 -6.50162e-17 0)
(3 -8.14575e-17 0)
(3 -2.06878e-16 0)
(3 -2.8296e-16 0)
(3 -4.79271e-16 0)
(3 -4.84279e-16 0)
(3 -8.12124e-16 0)
(3 -1.08004e-15 0)
(3 -9.62838e-16 0)
(3 -3.74547e-17 0)
(3 1.26846e-17 0)
(3 -9.10056e-17 0)
(3 -1.96407e-17 0)
(3 3.28443e-16 0)
(3 -1.83006e-16 0)
(3 2.78952e-16 0)
(3 4.14173e-16 0)
(3 1.88609e-15 0)
(1.50589 1.25566 0)
(1.86398 1.39961 0)
(2.23924 1.24757 0)
(2.65199 0.825069 0)
(2.62548 0.335529 0)
(2.60628 -0.012376 0)
(2.55045 -0.257571 0)
(2.46488 -0.451164 0)
(2.42537 -0.399031 0)
(2.44503 -0.242419 0)
(2.43334 -0.20487 0)
(2.43296 -0.226171 0)
(2.44009 -0.205132 0)
(2.42471 -0.143795 0)
(2.39544 -0.104164 0)
(2.36646 -0.0767246 0)
(2.36611 -0.0686538 0)
(2.3806 -0.0395617 0)
(2.38566 -0.0246082 0)
(2.39298 -0.0132523 0)
(2.39475 0.000577792 0)
(2.39204 0.00114153 0)
(2.39181 -0.00927891 0)
(2.39937 -0.01522 0)
(2.40424 -0.0143936 0)
(2.40245 -0.0112276 0)
(2.39131 -0.00566686 0)
(2.38207 -0.00419518 0)
(2.379 -0.00386758 0)
(2.39578 -0.003834 0)
(1.32978 0.0373694 0)
(0.757364 0.0404068 0)
(0.70792 0.00436391 0)
(0.71906 -0.0174877 0)
(0.749748 -0.0362745 0)
(0.799497 -0.0490083 0)
(0.858455 -0.0512181 0)
(0.917154 -0.0486672 0)
(0.971965 -0.045054 0)
(1.02213 -0.0415239 0)
(1.06822 -0.0384023 0)
(1.11044 -0.0349677 0)
(1.1471 -0.0301132 0)
(1.18056 -0.0246878 0)
(1.21491 -0.0208473 0)
(1.25354 -0.0192945 0)
(1.29865 -0.0193328 0)
(1.34505 -0.0202774 0)
(1.38216 -0.0214266 0)
(1.40874 -0.0206093 0)
(1.43037 -0.0144798 0)
(1.45006 -0.00522723 0)
(1.47208 0.000117802 0)
(1.50188 0.0024592 0)
(1.54025 0.00061742 0)
(1.57113 -0.00569647 0)
(1.59447 -0.00982864 0)
(1.61807 -0.0096936 0)
(1.63933 -0.00666123 0)
(1.65975 -0.00193681 0)
(1.68095 0.000952165 0)
(1.70469 0.00290105 0)
(1.73391 0.00249738 0)
(1.75936 -0.00159783 0)
(1.7795 -0.00396646 0)
(1.79995 -0.00390512 0)
(1.8159 -0.00147154 0)
(1.82717 0.00269627 0)
(1.84033 0.00641507 0)
(1.85808 0.00755944 0)
(1.87744 0.007674 0)
(1.90024 0.00715116 0)
(1.92502 0.00397364 0)
(1.94406 0.000749522 0)
(1.96213 0.00015841 0)
(1.97401 0.00195823 0)
(1.97799 0.00537386 0)
(1.98607 0.00812005 0)
(2.00162 0.0085572 0)
(2.01991 0.00854817 0)
(2.04024 0.0080762 0)
(2.06141 0.00587103 0)
(2.07974 0.00382693 0)
(2.09732 0.00258558 0)
(2.1073 0.00348848 0)
(2.10772 0.00699199 0)
(2.11323 0.00987591 0)
(2.1266 0.0104744 0)
(2.14112 0.0107057 0)
(2.15869 0.0103482 0)
(2.17768 0.00761406 0)
(2.1939 0.00604135 0)
(2.21087 0.00506814 0)
(2.22083 0.00475005 0)
(2.21899 0.00779103 0)
(2.23334 0.00993914 0)
(1.76508 1.09528 0)
(2.26128 0.884835 0)
(2.54996 0.462903 0)
(2.67878 0.0130555 0)
(2.70299 -0.226891 0)
(2.75823 -0.413478 0)
(2.73651 -0.632442 0)
(2.74939 -0.699319 0)
(2.69736 -0.644838 0)
(2.60697 -0.496034 0)
(2.56938 -0.31866 0)
(2.56622 -0.250919 0)
(2.54045 -0.224582 0)
(2.49224 -0.163649 0)
(2.45343 -0.0897204 0)
(2.43642 -0.0701133 0)
(2.4255 -0.0487466 0)
(2.42318 -0.0164595 0)
(2.42662 0.0104455 0)
(2.4247 0.00732272 0)
(2.42631 0.0157859 0)
(2.42054 0.016318 0)
(2.40994 0.00301065 0)
(2.41643 -0.0193759 0)
(2.4305 -0.0311095 0)
(2.43026 -0.0295926 0)
(2.42317 -0.0213308 0)
(2.41149 -0.0107451 0)
(2.40956 -0.00054511 0)
(2.41607 -0.00257719 0)
(1.53333 0.148709 0)
(0.838093 0.0557761 0)
(0.807786 -0.0290951 0)
(0.858224 -0.0694397 0)
(0.906887 -0.0725843 0)
(0.952207 -0.078115 0)
(0.998084 -0.0685526 0)
(1.03926 -0.0530726 0)
(1.07558 -0.0398108 0)
(1.10911 -0.0378577 0)
(1.14559 -0.0448737 0)
(1.18499 -0.0516709 0)
(1.22451 -0.0514919 0)
(1.25947 -0.041237 0)
(1.28902 -0.0241004 0)
(1.31737 -0.00842906 0)
(1.3446 -0.00273764 0)
(1.37465 -0.0105678 0)
(1.4114 -0.0284934 0)
(1.44426 -0.0393395 0)
(1.46879 -0.0380991 0)
(1.49033 -0.0263398 0)
(1.51296 -0.00574239 0)
(1.53766 0.0116343 0)
(1.55982 0.0160669 0)
(1.58181 0.00982124 0)
(1.60818 -0.00282734 0)
(1.63655 -0.0137802 0)
(1.66065 -0.0160003 0)
(1.68293 -0.0108657 0)
(1.70382 0.0019492 0)
(1.72417 0.0133087 0)
(1.74316 0.015951 0)
(1.76266 0.0110488 0)
(1.78567 0.00105661 0)
(1.80546 -0.00901145 0)
(1.82435 -0.0141593 0)
(1.84354 -0.0107453 0)
(1.85981 0.00218465 0)
(1.87241 0.0171199 0)
(1.8858 0.0257381 0)
(1.90274 0.02646 0)
(1.92203 0.0207661 0)
(1.94277 0.0114002 0)
(1.96061 0.000142745 0)
(1.97661 -0.00675985 0)
(1.99129 -0.00362685 0)
(2.00283 0.00843811 0)
(2.01237 0.0213938 0)
(2.02366 0.0274375 0)
(2.03936 0.0265739 0)
(2.0572 0.0220655 0)
(2.07563 0.0154128 0)
(2.09255 0.00671884 0)
(2.10682 -0.000539014 0)
(2.11759 0.0013601 0)
(2.12613 0.012942 0)
(2.13374 0.0249191 0)
(2.1442 0.0304818 0)
(2.15819 0.0309981 0)
(2.17484 0.0272706 0)
(2.19215 0.0192561 0)
(2.20814 0.0100972 0)
(2.22202 0.00199337 0)
(2.23052 0.00567486 0)
(2.24341 0.0192245 0)
(1.66604 1.04713 0)
(2.11865 0.789564 0)
(2.30656 0.654198 0)
(2.40533 0.494109 0)
(2.61178 0.152752 0)
(2.69798 -0.0614894 0)
(2.73928 -0.220686 0)
(2.73994 -0.282233 0)
(2.7315 -0.354268 0)
(2.73604 -0.383083 0)
(2.73774 -0.433235 0)
(2.73804 -0.456228 0)
(2.71184 -0.454652 0)
(2.67093 -0.393765 0)
(2.64698 -0.305699 0)
(2.64043 -0.242402 0)
(2.59073 -0.174884 0)
(2.53052 -0.11505 0)
(2.50885 -0.0629898 0)
(2.50367 -0.052618 0)
(2.50166 -0.0165339 0)
(2.48966 0.0119805 0)
(2.4812 0.0122065 0)
(2.47678 0.00311676 0)
(2.47695 -0.00536142 0)
(2.47784 -0.00624854 0)
(2.47749 -0.0116442 0)
(2.47144 -0.018386 0)
(2.46944 -0.0213504 0)
(2.46036 -0.0546558 0)
(2.026 0.0274296 0)
(1.12163 0.0507688 0)
(1.06292 -0.0310988 0)
(1.13951 -0.0971029 0)
(1.18428 -0.107382 0)
(1.20552 -0.104063 0)
(1.23368 -0.10104 0)
(1.2619 -0.0955044 0)
(1.28308 -0.0855731 0)
(1.29624 -0.0748769 0)
(1.3119 -0.0644654 0)
(1.33227 -0.0617458 0)
(1.36066 -0.0655299 0)
(1.39541 -0.0710503 0)
(1.42458 -0.0696066 0)
(1.44459 -0.0628159 0)
(1.46118 -0.0481742 0)
(1.47523 -0.0300765 0)
(1.49344 -0.0227019 0)
(1.51389 -0.0262237 0)
(1.53994 -0.0334038 0)
(1.56782 -0.0338049 0)
(1.59193 -0.0266902 0)
(1.61199 -0.0181243 0)
(1.62749 -0.00758119 0)
(1.63985 0.00121464 0)
(1.65799 0.00196033 0)
(1.67828 -0.00458204 0)
(1.70306 -0.0136693 0)
(1.72885 -0.0157101 0)
(1.7512 -0.0107011 0)
(1.77172 -0.000623958 0)
(1.78603 0.014342 0)
(1.79346 0.0259922 0)
(1.80557 0.0241909 0)
(1.82264 0.0162815 0)
(1.84617 0.00533645 0)
(1.87007 -0.000420218 0)
(1.8883 0.000128999 0)
(1.90613 0.00832116 0)
(1.91852 0.0236054 0)
(1.92274 0.0359498 0)
(1.9323 0.0360478 0)
(1.94847 0.0289798 0)
(1.96551 0.0205547 0)
(1.98618 0.0125558 0)
(2.00732 0.00775258 0)
(2.02401 0.0089693 0)
(2.03917 0.0178789 0)
(2.04818 0.0316042 0)
(2.05223 0.0405127 0)
(2.06166 0.0386476 0)
(2.07625 0.0317877 0)
(2.09127 0.0242702 0)
(2.10765 0.0192801 0)
(2.12593 0.0165399 0)
(2.1421 0.0184133 0)
(2.15585 0.0294599 0)
(2.16359 0.0434468 0)
(2.16771 0.0488083 0)
(2.17744 0.0434502 0)
(2.1906 0.0348078 0)
(2.20476 0.0265554 0)
(2.22023 0.0201025 0)
(2.23599 0.0193841 0)
(2.26011 0.0250064 0)
(1.61886 0.960442 0)
(1.88637 0.871245 0)
(2.10131 0.735029 0)
(2.32588 0.469578 0)
(2.46732 0.3052 0)
(2.52241 0.194311 0)
(2.61612 -0.00567094 0)
(2.6548 -0.0931026 0)
(2.70331 -0.217789 0)
(2.73209 -0.398572 0)
(2.73978 -0.43776 0)
(2.77135 -0.466929 0)
(2.77509 -0.485924 0)
(2.75738 -0.482983 0)
(2.73715 -0.456145 0)
(2.72336 -0.410253 0)
(2.69459 -0.343011 0)
(2.64875 -0.286096 0)
(2.61386 -0.226796 0)
(2.60953 -0.189692 0)
(2.59218 -0.122888 0)
(2.576 -0.0647757 0)
(2.56086 -0.0320475 0)
(2.54157 -0.0361733 0)
(2.52089 -0.0284297 0)
(2.51318 -0.0125229 0)
(2.51946 0.0137429 0)
(2.52508 0.0157971 0)
(2.51488 -0.00841775 0)
(2.45393 -0.109333 0)
(2.2234 -0.444981 0)
(1.54635 -0.180641 0)
(1.30369 -0.0599191 0)
(1.35162 -0.0438459 0)
(1.39413 -0.0719731 0)
(1.416 -0.104384 0)
(1.43311 -0.110045 0)
(1.45219 -0.102815 0)
(1.46457 -0.0907927 0)
(1.47075 -0.0770072 0)
(1.47587 -0.0585873 0)
(1.48719 -0.0480746 0)
(1.50436 -0.0445463 0)
(1.52882 -0.0444304 0)
(1.55582 -0.0499191 0)
(1.57251 -0.0533201 0)
(1.58631 -0.0525111 0)
(1.59625 -0.0430016 0)
(1.60027 -0.0241447 0)
(1.61178 -0.0087335 0)
(1.63074 -0.00258629 0)
(1.65529 -0.00164846 0)
(1.68035 -0.00716448 0)
(1.69982 -0.0121932 0)
(1.71756 -0.0140679 0)
(1.72987 -0.0092584 0)
(1.73466 0.00160846 0)
(1.74561 0.00857232 0)
(1.76371 0.00926568 0)
(1.78585 0.00542707 0)
(1.80786 -0.000721227 0)
(1.82644 -0.00422121 0)
(1.84381 -0.00462446 0)
(1.85523 0.00297107 0)
(1.85953 0.0175751 0)
(1.87151 0.0269536 0)
(1.88813 0.0286103 0)
(1.90742 0.0239751 0)
(1.9261 0.0171536 0)
(1.94172 0.0133794 0)
(1.95486 0.0115955 0)
(1.96107 0.0161899 0)
(1.96409 0.0259073 0)
(1.97462 0.0318293 0)
(1.99215 0.0336615 0)
(2.01026 0.0346295 0)
(2.03201 0.0316752 0)
(2.05054 0.0288786 0)
(2.06679 0.0279849 0)
(2.07944 0.0295094 0)
(2.08177 0.0356368 0)
(2.08017 0.0413788 0)
(2.08815 0.0415222 0)
(2.10439 0.0405065 0)
(2.12094 0.0412459 0)
(2.14019 0.0415448 0)
(2.161 0.0416611 0)
(2.17752 0.0424566 0)
(2.19191 0.046536 0)
(2.1954 0.0552226 0)
(2.19105 0.0584556 0)
(2.19822 0.0515875 0)
(2.21281 0.0456258 0)
(2.22895 0.0429623 0)
(2.24637 0.0425489 0)
(2.27377 0.0435299 0)
(1.57201 0.917596 0)
(1.77479 0.869402 0)
(1.99009 0.756075 0)
(2.19855 0.546211 0)
(2.29828 0.456198 0)
(2.36999 0.366142 0)
(2.50566 0.157646 0)
(2.56651 0.0110027 0)
(2.60062 0.0115029 0)
(2.63446 -0.0825296 0)
(2.658 -0.223139 0)
(2.67499 -0.24163 0)
(2.6907 -0.293563 0)
(2.71198 -0.366719 0)
(2.73081 -0.410974 0)
(2.73576 -0.407282 0)
(2.73523 -0.396051 0)
(2.71636 -0.392211 0)
(2.68962 -0.369551 0)
(2.67677 -0.330054 0)
(2.65413 -0.236189 0)
(2.65142 -0.184079 0)
(2.62563 -0.114402 0)
(2.60951 -0.110697 0)
(2.56674 -0.0826116 0)
(2.55244 -0.0618136 0)
(2.55885 -0.019852 0)
(2.56559 -0.00882513 0)
(2.46753 -0.12382 0)
(2.27735 -0.34446 0)
(2.04764 -0.659843 0)
(1.84505 -0.535159 0)
(1.53509 -0.245517 0)
(1.47033 -0.132273 0)
(1.47614 -0.0678807 0)
(1.507 -0.0616124 0)
(1.52832 -0.0819472 0)
(1.5555 -0.0970975 0)
(1.56794 -0.0951341 0)
(1.57426 -0.0855951 0)
(1.58012 -0.066301 0)
(1.58419 -0.0463683 0)
(1.59686 -0.0420721 0)
(1.61373 -0.0445529 0)
(1.63454 -0.0488415 0)
(1.65475 -0.049829 0)
(1.66883 -0.0480324 0)
(1.68069 -0.0432785 0)
(1.6893 -0.0323146 0)
(1.69552 -0.0167402 0)
(1.70903 -0.0067513 0)
(1.7285 -0.00497812 0)
(1.74884 -0.00675956 0)
(1.76826 -0.010966 0)
(1.78512 -0.0135228 0)
(1.79978 -0.0136785 0)
(1.8087 -0.00754745 0)
(1.81344 0.00420958 0)
(1.82495 0.0117182 0)
(1.84263 0.0130966 0)
(1.86035 0.0122505 0)
(1.87799 0.011031 0)
(1.89546 0.0107728 0)
(1.91115 0.0133899 0)
(1.92172 0.0233262 0)
(1.92602 0.0373138 0)
(1.93497 0.0432268 0)
(1.95095 0.0424369 0)
(1.96625 0.038017 0)
(1.98001 0.0307919 0)
(1.99177 0.0233147 0)
(2.00148 0.0195117 0)
(2.01 0.0238681 0)
(2.01875 0.0356419 0)
(2.03162 0.0464526 0)
(2.04827 0.051136 0)
(2.065 0.0520166 0)
(2.08174 0.0492017 0)
(2.09715 0.0434647 0)
(2.10768 0.0355673 0)
(2.11119 0.030431 0)
(2.11245 0.034491 0)
(2.11849 0.0456291 0)
(2.13176 0.0552334 0)
(2.14842 0.060036 0)
(2.16625 0.0630547 0)
(2.18427 0.0628967 0)
(2.2011 0.0600111 0)
(2.21549 0.0553972 0)
(2.22154 0.0512635 0)
(2.21856 0.0525625 0)
(2.22172 0.0575607 0)
(2.23433 0.0607823 0)
(2.24895 0.061952 0)
(2.26367 0.0609026 0)
(2.29001 0.0606796 0)
(1.53706 0.887331 0)
(1.71904 0.840837 0)
(1.90067 0.754531 0)
(2.0619 0.636918 0)
(2.18601 0.532532 0)
(2.27924 0.44116 0)
(2.38102 0.31167 0)
(2.45702 0.198527 0)
(2.51616 0.11919 0)
(2.57995 0.00493168 0)
(2.60974 -0.113424 0)
(2.62095 -0.156097 0)
(2.63772 -0.187629 0)
(2.6825 -0.282698 0)
(2.70155 -0.373361 0)
(2.71116 -0.403945 0)
(2.73624 -0.416462 0)
(2.74114 -0.415089 0)
(2.72303 -0.408002 0)
(2.71602 -0.40504 0)
(2.70203 -0.380432 0)
(2.69265 -0.335533 0)
(2.67536 -0.267233 0)
(2.662 -0.234307 0)
(2.61327 -0.154122 0)
(2.5932 -0.120285 0)
(2.58235 -0.072571 0)
(2.51741 -0.138171 0)
(2.26413 -0.386075 0)
(2.10168 -0.538099 0)
(1.98534 -0.630956 0)
(1.97936 -0.637777 0)
(1.88966 -0.520744 0)
(1.69448 -0.290659 0)
(1.57833 -0.137887 0)
(1.55263 -0.0856185 0)
(1.55326 -0.0747929 0)
(1.5838 -0.0754368 0)
(1.60928 -0.0838973 0)
(1.62495 -0.0806803 0)
(1.63382 -0.0715735 0)
(1.63698 -0.0573102 0)
(1.64066 -0.0418248 0)
(1.65219 -0.0347065 0)
(1.66831 -0.0313443 0)
(1.69108 -0.029314 0)
(1.71277 -0.0270055 0)
(1.72773 -0.0252712 0)
(1.74079 -0.0222405 0)
(1.75119 -0.01338 0)
(1.75883 -0.00188449 0)
(1.77151 0.00364802 0)
(1.79003 0.00385454 0)
(1.80892 0.00280797 0)
(1.82712 0.000973841 0)
(1.84258 -9.39343e-05 0)
(1.85681 0.000593078 0)
(1.86628 0.00647152 0)
(1.871 0.0156718 0)
(1.88142 0.0207271 0)
(1.89787 0.0220638 0)
(1.9151 0.0237786 0)
(1.93302 0.0270095 0)
(1.94981 0.0299754 0)
(1.96523 0.033957 0)
(1.9738 0.0413872 0)
(1.97563 0.0486122 0)
(1.98398 0.0479335 0)
(1.99768 0.0433434 0)
(2.01107 0.0382222 0)
(2.02389 0.0342279 0)
(2.03795 0.0336491 0)
(2.05262 0.0373287 0)
(2.06609 0.047214 0)
(2.07611 0.0610344 0)
(2.08353 0.0702893 0)
(2.09524 0.0695342 0)
(2.10911 0.0631749 0)
(2.12109 0.054162 0)
(2.13001 0.0455852 0)
(2.13842 0.0419922 0)
(2.14923 0.0462314 0)
(2.16016 0.0577009 0)
(2.16848 0.0729771 0)
(2.17762 0.0835357 0)
(2.19128 0.0862273 0)
(2.20643 0.0848768 0)
(2.22119 0.0803724 0)
(2.23314 0.0727016 0)
(2.24134 0.0651116 0)
(2.24795 0.0641451 0)
(2.25494 0.0699328 0)
(2.26189 0.0776644 0)
(2.27126 0.0819468 0)
(2.28374 0.0798693 0)
(2.30501 0.0789642 0)
(1.52173 0.865604 0)
(1.67346 0.831797 0)
(1.8411 0.7497 0)
(1.97391 0.673946 0)
(2.06478 0.620391 0)
(2.18842 0.518902 0)
(2.30795 0.386571 0)
(2.38222 0.30048 0)
(2.43583 0.225124 0)
(2.48493 0.146874 0)
(2.52629 0.0749129 0)
(2.57322 -0.0314001 0)
(2.60078 -0.107166 0)
(2.61955 -0.126422 0)
(2.63408 -0.177121 0)
(2.66345 -0.253436 0)
(2.68209 -0.291394 0)
(2.7091 -0.285481 0)
(2.70449 -0.299954 0)
(2.69455 -0.364862 0)
(2.6929 -0.37639 0)
(2.69903 -0.375396 0)
(2.70752 -0.369482 0)
(2.70477 -0.358445 0)
(2.68088 -0.315846 0)
(2.63367 -0.263257 0)
(2.59551 -0.252701 0)
(2.30162 -0.513867 0)
(2.1471 -0.616804 0)
(2.0324 -0.715251 0)
(1.99248 -0.698444 0)
(1.99074 -0.672372 0)
(1.98984 -0.626004 0)
(1.93261 -0.525928 0)
(1.77948 -0.321583 0)
(1.63453 -0.162253 0)
(1.57952 -0.0735522 0)
(1.58631 -0.06725 0)
(1.61514 -0.0705504 0)
(1.64768 -0.0714226 0)
(1.6613 -0.069979 0)
(1.6686 -0.0625132 0)
(1.67217 -0.0462722 0)
(1.67757 -0.0276043 0)
(1.69087 -0.0194308 0)
(1.70815 -0.0167222 0)
(1.72906 -0.0156528 0)
(1.74871 -0.017334 0)
(1.76574 -0.0181744 0)
(1.78105 -0.0166841 0)
(1.79394 -0.00863645 0)
(1.80258 0.0056924 0)
(1.81365 0.0158187 0)
(1.83041 0.0176341 0)
(1.84758 0.0147833 0)
(1.86543 0.00898899 0)
(1.88113 0.0063899 0)
(1.89467 0.00740672 0)
(1.90349 0.0163152 0)
(1.90735 0.0318911 0)
(1.91811 0.0432092 0)
(1.93421 0.0475829 0)
(1.95056 0.0478805 0)
(1.96871 0.0456674 0)
(1.98625 0.0435384 0)
(1.99895 0.0443761 0)
(2.00457 0.0500235 0)
(2.00649 0.0563107 0)
(2.01679 0.0560931 0)
(2.03198 0.054244 0)
(2.04734 0.0539801 0)
(2.06509 0.0561754 0)
(2.08292 0.0605334 0)
(2.09904 0.063953 0)
(2.11243 0.0695148 0)
(2.11556 0.0757194 0)
(2.11648 0.0755136 0)
(2.12503 0.0694485 0)
(2.13669 0.0624072 0)
(2.14984 0.0582815 0)
(2.16446 0.0586794 0)
(2.17957 0.0634477 0)
(2.19363 0.0712653 0)
(2.20406 0.0829576 0)
(2.20786 0.0961542 0)
(2.21236 0.101317 0)
(2.2226 0.0983069 0)
(2.23446 0.0920559 0)
(2.24657 0.0849752 0)
(2.25944 0.0804907 0)
(2.27266 0.0800252 0)
(2.28496 0.0825778 0)
(2.29353 0.0885726 0)
(2.29715 0.0973015 0)
(2.3022 0.0977117 0)
(2.31637 0.0949064 0)
(1.51573 0.85068 0)
(1.65095 0.815359 0)
(1.79018 0.755589 0)
(1.88856 0.720007 0)
(1.99417 0.659178 0)
(2.13842 0.536302 0)
(2.23788 0.440429 0)
(2.26909 0.419398 0)
(2.33281 0.346045 0)
(2.4288 0.206499 0)
(2.48519 0.136184 0)
(2.5032 0.103355 0)
(2.53345 0.0223999 0)
(2.56211 -0.0249559 0)
(2.58798 -0.0571366 0)
(2.62889 -0.132353 0)
(2.65303 -0.212117 0)
(2.66443 -0.250184 0)
(2.69156 -0.264473 0)
(2.70491 -0.337291 0)
(2.688 -0.371801 0)
(2.68948 -0.389296 0)
(2.71462 -0.38232 0)
(2.71748 -0.378206 0)
(2.71153 -0.376809 0)
(2.64003 -0.439716 0)
(2.41227 -0.70141 0)
(2.16897 -0.848503 0)
(2.07417 -0.879805 0)
(2.01728 -0.831911 0)
(1.99485 -0.77158 0)
(1.99519 -0.695872 0)
(2.01228 -0.672825 0)
(2.01747 -0.642016 0)
(1.9722 -0.54537 0)
(1.85388 -0.368048 0)
(1.69319 -0.174135 0)
(1.62153 -0.0738659 0)
(1.62631 -0.0619747 0)
(1.65824 -0.056057 0)
(1.67935 -0.0624455 0)
(1.69354 -0.0622048 0)
(1.70257 -0.0559365 0)
(1.71279 -0.0379623 0)
(1.71964 -0.0174081 0)
(1.7254 -0.00416387 0)
(1.74029 -0.0026743 0)
(1.75765 -0.00416029 0)
(1.78022 -0.00736705 0)
(1.80293 -0.00663561 0)
(1.81985 -0.00321609 0)
(1.83376 0.00774964 0)
(1.83814 0.023957 0)
(1.84036 0.0305382 0)
(1.85566 0.0288332 0)
(1.87358 0.0259317 0)
(1.89443 0.0220482 0)
(1.91064 0.0225899 0)
(1.9252 0.0268753 0)
(1.93565 0.0386263 0)
(1.9393 0.0542494 0)
(1.94214 0.0614594 0)
(1.95581 0.0613021 0)
(1.97302 0.0594159 0)
(1.9912 0.0557989 0)
(2.00839 0.0519603 0)
(2.02202 0.0508293 0)
(2.0289 0.0575811 0)
(2.03386 0.0689223 0)
(2.04727 0.0754304 0)
(2.06284 0.0781598 0)
(2.08129 0.08024 0)
(2.09822 0.0798669 0)
(2.11557 0.0778782 0)
(2.12862 0.0755862 0)
(2.13192 0.0761963 0)
(2.12859 0.0805791 0)
(2.13314 0.0824746 0)
(2.14721 0.0830929 0)
(2.16205 0.0844632 0)
(2.17984 0.0874977 0)
(2.19722 0.0922126 0)
(2.21249 0.0962466 0)
(2.22517 0.101532 0)
(2.22863 0.108201 0)
(2.22293 0.112005 0)
(2.22677 0.109367 0)
(2.24029 0.105369 0)
(2.25602 0.103396 0)
(2.27146 0.103474 0)
(2.28705 0.103955 0)
(2.3024 0.104915 0)
(2.31557 0.107576 0)
(2.32122 0.113768 0)
(2.31622 0.114365 0)
(2.32033 0.108678 0)
(1.51499 0.839694 0)
(1.63406 0.808688 0)
(1.74363 0.773731 0)
(1.83718 0.742008 0)
(1.96061 0.665986 0)
(2.07218 0.570177 0)
(2.13079 0.537291 0)
(2.18476 0.492567 0)
(2.28999 0.383238 0)
(2.36231 0.28289 0)
(2.39233 0.262159 0)
(2.41469 0.218719 0)
(2.47884 0.12002 0)
(2.52101 0.0346398 0)
(2.55449 0.00545119 0)
(2.56462 0.00333587 0)
(2.5811 -0.050417 0)
(2.61716 -0.135053 0)
(2.64131 -0.180932 0)
(2.66307 -0.192542 0)
(2.66925 -0.24153 0)
(2.66961 -0.279023 0)
(2.67647 -0.2893 0)
(2.67777 -0.317456 0)
(2.63128 -0.407198 0)
(2.41511 -0.706161 0)
(2.21172 -0.921494 0)
(2.08698 -0.968188 0)
(2.05888 -0.964254 0)
(2.04224 -0.943175 0)
(2.04382 -0.907107 0)
(2.04811 -0.861732 0)
(2.05854 -0.809136 0)
(2.0756 -0.788563 0)
(2.08431 -0.752711 0)
(2.05388 -0.658049 0)
(1.94658 -0.466908 0)
(1.80395 -0.246736 0)
(1.69614 -0.0946729 0)
(1.68537 -0.0437432 0)
(1.68836 -0.0470649 0)
(1.71054 -0.0490191 0)
(1.73264 -0.047873 0)
(1.74586 -0.0408425 0)
(1.75605 -0.0275783 0)
(1.75769 -0.00871189 0)
(1.76044 0.00429181 0)
(1.77573 0.00715101 0)
(1.79284 0.0067483 0)
(1.8198 0.00225271 0)
(1.84349 0.00353606 0)
(1.86023 0.00749694 0)
(1.87014 0.0168786 0)
(1.86598 0.0329534 0)
(1.86948 0.0410684 0)
(1.88469 0.042025 0)
(1.90187 0.0406569 0)
(1.92505 0.0374134 0)
(1.94239 0.0390051 0)
(1.95784 0.04283 0)
(1.96646 0.0512201 0)
(1.96366 0.0655182 0)
(1.96626 0.0737157 0)
(1.9805 0.0743183 0)
(1.99678 0.0729291 0)
(2.01438 0.0699049 0)
(2.03121 0.0680161 0)
(2.04632 0.069389 0)
(2.05777 0.0784847 0)
(2.06562 0.0909464 0)
(2.07497 0.0973594 0)
(2.08881 0.0970101 0)
(2.10432 0.0943082 0)
(2.11897 0.0900247 0)
(2.13174 0.0839162 0)
(2.14105 0.0786643 0)
(2.14589 0.0816301 0)
(2.15065 0.0932096 0)
(2.16102 0.104624 0)
(2.17585 0.111118 0)
(2.19178 0.114791 0)
(2.20666 0.115455 0)
(2.22122 0.11539 0)
(2.23408 0.112947 0)
(2.23825 0.109568 0)
(2.23381 0.109822 0)
(2.23732 0.114731 0)
(2.25099 0.119799 0)
(2.26671 0.123467 0)
(2.28275 0.126369 0)
(2.29957 0.129041 0)
(2.3141 0.130576 0)
(2.32794 0.130604 0)
(2.336 0.129158 0)
(2.32613 0.124724 0)
(2.32609 0.124225 0)
(1.5165 0.831296 0)
(1.61846 0.808068 0)
(1.71475 0.783046 0)
(1.81233 0.744604 0)
(1.9234 0.676993 0)
(2.00626 0.619759 0)
(2.06205 0.595187 0)
(2.14833 0.528163 0)
(2.24546 0.421574 0)
(2.30267 0.358726 0)
(2.32779 0.342265 0)
(2.37648 0.277069 0)
(2.43042 0.197147 0)
(2.46798 0.145526 0)
(2.50926 0.0906486 0)
(2.53538 0.03942 0)
(2.55561 0.0169125 0)
(2.57258 -0.0292067 0)
(2.59944 -0.0947207 0)
(2.61977 -0.123681 0)
(2.65248 -0.166864 0)
(2.66047 -0.192416 0)
(2.64829 -0.268159 0)
(2.60925 -0.34709 0)
(2.40216 -0.607019 0)
(2.18601 -0.845789 0)
(2.05732 -0.934015 0)
(2.06124 -0.951723 0)
(2.08813 -0.959215 0)
(2.10535 -0.953895 0)
(2.10501 -0.947852 0)
(2.09911 -0.932062 0)
(2.09642 -0.921825 0)
(2.10342 -0.906542 0)
(2.11529 -0.887128 0)
(2.12803 -0.861654 0)
(2.11761 -0.795846 0)
(2.03234 -0.607994 0)
(1.88773 -0.338445 0)
(1.77976 -0.14569 0)
(1.72912 -0.0371843 0)
(1.72606 -0.0343021 0)
(1.746 -0.0401388 0)
(1.77043 -0.0353563 0)
(1.78506 -0.03071 0)
(1.79128 -0.0195413 0)
(1.78654 0.000858573 0)
(1.7932 0.0150531 0)
(1.80969 0.019465 0)
(1.83189 0.0211867 0)
(1.85992 0.0143671 0)
(1.87827 0.0114888 0)
(1.89384 0.0150316 0)
(1.89786 0.0267065 0)
(1.89195 0.0459833 0)
(1.89962 0.0544865 0)
(1.9156 0.0570302 0)
(1.93544 0.0581907 0)
(1.95817 0.0541137 0)
(1.97455 0.0521488 0)
(1.98894 0.0545925 0)
(1.99371 0.0640811 0)
(1.98949 0.0809758 0)
(1.99449 0.0893242 0)
(2.01025 0.0903223 0)
(2.02676 0.090051 0)
(2.04467 0.0882988 0)
(2.06208 0.088208 0)
(2.07811 0.0896282 0)
(2.09107 0.0935393 0)
(2.0971 0.100782 0)
(2.10213 0.105489 0)
(2.11262 0.105119 0)
(2.12486 0.10217 0)
(2.13701 0.0990406 0)
(2.15051 0.0980812 0)
(2.16493 0.0998442 0)
(2.17738 0.107057 0)
(2.18563 0.118629 0)
(2.19293 0.12793 0)
(2.20318 0.131681 0)
(2.21445 0.131717 0)
(2.22593 0.128575 0)
(2.23471 0.123833 0)
(2.24026 0.119412 0)
(2.24558 0.121072 0)
(2.25323 0.130111 0)
(2.264 0.140214 0)
(2.27721 0.147497 0)
(2.29213 0.152276 0)
(2.30739 0.153882 0)
(2.32078 0.152344 0)
(2.33044 0.146786 0)
(2.33468 0.137973 0)
(2.33169 0.13337 0)
(2.33584 0.143201 0)
(1.51747 0.826111 0)
(1.60645 0.808921 0)
(1.69746 0.784626 0)
(1.78558 0.751573 0)
(1.8772 0.702229 0)
(1.95631 0.660737 0)
(2.02625 0.622395 0)
(2.11295 0.553985 0)
(2.18715 0.473377 0)
(2.23051 0.443955 0)
(2.26546 0.414023 0)
(2.34088 0.328242 0)
(2.39301 0.24273 0)
(2.42029 0.22998 0)
(2.44203 0.199282 0)
(2.49172 0.121763 0)
(2.52027 0.0728896 0)
(2.54326 0.0520772 0)
(2.56531 0.00250027 0)
(2.59282 -0.0627776 0)
(2.60596 -0.072698 0)
(2.6217 -0.135764 0)
(2.57717 -0.225605 0)
(2.38335 -0.488894 0)
(2.17441 -0.716231 0)
(2.03916 -0.854208 0)
(2.04851 -0.865218 0)
(2.06688 -0.874527 0)
(2.08956 -0.888839 0)
(2.11133 -0.905736 0)
(2.12605 -0.91623 0)
(2.126 -0.918564 0)
(2.11999 -0.913361 0)
(2.12245 -0.915612 0)
(2.13217 -0.915351 0)
(2.15745 -0.906627 0)
(2.17341 -0.901587 0)
(2.17457 -0.871936 0)
(2.12749 -0.752552 0)
(2.00701 -0.503486 0)
(1.85734 -0.224055 0)
(1.77363 -0.0703407 0)
(1.76968 -0.0264106 0)
(1.7885 -0.0263946 0)
(1.80126 -0.0257658 0)
(1.81638 -0.0226968 0)
(1.81905 -0.0105338 0)
(1.81717 0.0130992 0)
(1.82834 0.0288067 0)
(1.84641 0.0342488 0)
(1.8671 0.0338584 0)
(1.88765 0.0269306 0)
(1.90324 0.0226183 0)
(1.91743 0.0254503 0)
(1.92191 0.039379 0)
(1.92093 0.05978 0)
(1.93109 0.0695956 0)
(1.94751 0.0720128 0)
(1.96569 0.072364 0)
(1.98556 0.0700643 0)
(2.00139 0.0680255 0)
(2.0154 0.0693508 0)
(2.02101 0.0787304 0)
(2.0206 0.0956869 0)
(2.02682 0.106537 0)
(2.0423 0.109636 0)
(2.0588 0.111052 0)
(2.07697 0.108378 0)
(2.09337 0.103461 0)
(2.10859 0.102093 0)
(2.11872 0.104392 0)
(2.12125 0.110703 0)
(2.12523 0.115229 0)
(2.13598 0.116601 0)
(2.15121 0.118084 0)
(2.16675 0.121801 0)
(2.18188 0.128601 0)
(2.19617 0.132828 0)
(2.20723 0.136233 0)
(2.20969 0.140679 0)
(2.2128 0.142318 0)
(2.22208 0.140669 0)
(2.23193 0.138468 0)
(2.24076 0.137661 0)
(2.24971 0.139713 0)
(2.26141 0.145579 0)
(2.27241 0.153312 0)
(2.28232 0.161146 0)
(2.29265 0.165505 0)
(2.30426 0.166527 0)
(2.31647 0.166315 0)
(2.32536 0.164339 0)
(2.33086 0.158868 0)
(2.33478 0.153282 0)
(2.34032 0.153595 0)
(2.35306 0.159372 0)
(1.51951 0.825304 0)
(1.6018 0.80796 0)
(1.67876 0.791467 0)
(1.76022 0.762379 0)
(1.85093 0.714986 0)
(1.92146 0.685938 0)
(1.98431 0.654441 0)
(2.07078 0.587274 0)
(2.14356 0.515853 0)
(2.18541 0.495858 0)
(2.22673 0.460379 0)
(2.29892 0.382124 0)
(2.35243 0.305855 0)
(2.38271 0.28639 0)
(2.40082 0.262817 0)
(2.45062 0.19612 0)
(2.48909 0.123388 0)
(2.51682 0.101197 0)
(2.54069 0.0816266 0)
(2.54168 0.0506158 0)
(2.54677 -0.0216501 0)
(2.51962 -0.137051 0)
(2.35283 -0.424033 0)
(2.15459 -0.646203 0)
(2.02758 -0.762217 0)
(2.03718 -0.764407 0)
(2.04612 -0.782246 0)
(2.06116 -0.810549 0)
(2.08097 -0.834478 0)
(2.10063 -0.862708 0)
(2.11973 -0.881363 0)
(2.13474 -0.891033 0)
(2.13354 -0.892797 0)
(2.136 -0.885237 0)
(2.15352 -0.885497 0)
(2.16723 -0.890006 0)
(2.18679 -0.895663 0)
(2.20521 -0.89155 0)
(2.21505 -0.88597 0)
(2.20736 -0.83172 0)
(2.13254 -0.667315 0)
(1.98909 -0.395765 0)
(1.85953 -0.146927 0)
(1.81833 -0.0346477 0)
(1.82407 -0.0226129 0)
(1.83327 -0.0142457 0)
(1.8473 -0.00664796 0)
(1.852 0.000834409 0)
(1.85551 0.0237507 0)
(1.86445 0.0434091 0)
(1.87904 0.0481919 0)
(1.89324 0.0462782 0)
(1.91032 0.0399227 0)
(1.9279 0.0358132 0)
(1.94257 0.0388856 0)
(1.95256 0.0535349 0)
(1.95484 0.0739552 0)
(1.96068 0.0851924 0)
(1.97568 0.0879932 0)
(1.99156 0.0881729 0)
(2.0082 0.086527 0)
(2.02545 0.0846769 0)
(2.04008 0.0852784 0)
(2.04956 0.0938828 0)
(2.0543 0.110575 0)
(2.05926 0.124081 0)
(2.07032 0.127647 0)
(2.08573 0.126986 0)
(2.10192 0.124055 0)
(2.11805 0.118941 0)
(2.13244 0.114709 0)
(2.14089 0.113986 0)
(2.1445 0.121704 0)
(2.15105 0.133006 0)
(2.16167 0.142489 0)
(2.17455 0.148486 0)
(2.18842 0.151013 0)
(2.20161 0.152548 0)
(2.21307 0.155492 0)
(2.22048 0.15637 0)
(2.22356 0.154265 0)
(2.22872 0.151496 0)
(2.23939 0.150528 0)
(2.25285 0.152454 0)
(2.26633 0.159656 0)
(2.2775 0.169819 0)
(2.28792 0.178802 0)
(2.29662 0.185397 0)
(2.30323 0.186871 0)
(2.31021 0.183385 0)
(2.31865 0.178149 0)
(2.32764 0.175086 0)
(2.33521 0.172187 0)
(2.34246 0.174286 0)
(2.35085 0.182125 0)
(2.36635 0.18645 0)
(1.53038 0.822942 0)
(1.60076 0.811396 0)
(1.66899 0.796664 0)
(1.74825 0.765453 0)
(1.82444 0.731444 0)
(1.88391 0.712698 0)
(1.95753 0.670784 0)
(2.04082 0.601384 0)
(2.09368 0.565453 0)
(2.12721 0.552242 0)
(2.19533 0.496452 0)
(2.26743 0.410122 0)
(2.30835 0.369423 0)
(2.32872 0.359609 0)
(2.36543 0.315654 0)
(2.41579 0.246345 0)
(2.44546 0.205719 0)
(2.48562 0.164378 0)
(2.50066 0.14908 0)
(2.50007 0.0703037 0)
(2.45484 -0.0411109 0)
(2.26866 -0.346793 0)
(2.13335 -0.565982 0)
(2.01525 -0.675235 0)
(2.02486 -0.68041 0)
(2.03715 -0.689241 0)
(2.03934 -0.722471 0)
(2.04961 -0.749119 0)
(2.07 -0.771895 0)
(2.08949 -0.792542 0)
(2.11147 -0.806436 0)
(2.13153 -0.816738 0)
(2.14161 -0.820012 0)
(2.13824 -0.823505 0)
(2.1501 -0.834826 0)
(2.17029 -0.844544 0)
(2.19187 -0.852784 0)
(2.21244 -0.859698 0)
(2.23518 -0.868634 0)
(2.24881 -0.868067 0)
(2.25083 -0.843259 0)
(2.22581 -0.759924 0)
(2.1378 -0.58255 0)
(1.97621 -0.290909 0)
(1.89467 -0.0987322 0)
(1.87483 -0.0260742 0)
(1.87483 -0.000664841 0)
(1.8796 0.0132006 0)
(1.89415 0.019905 0)
(1.89638 0.0370628 0)
(1.89587 0.0577225 0)
(1.9068 0.0611707 0)
(1.92168 0.059274 0)
(1.94079 0.0560455 0)
(1.96026 0.056438 0)
(1.97477 0.0594764 0)
(1.98616 0.071015 0)
(1.98914 0.0894497 0)
(1.99029 0.101452 0)
(2.00194 0.103797 0)
(2.01773 0.104166 0)
(2.03348 0.104062 0)
(2.05059 0.103693 0)
(2.06565 0.104324 0)
(2.07802 0.110756 0)
(2.08554 0.125086 0)
(2.08935 0.138852 0)
(2.09864 0.142958 0)
(2.11233 0.142059 0)
(2.12572 0.139675 0)
(2.13894 0.137415 0)
(2.15279 0.137287 0)
(2.16512 0.139928 0)
(2.17405 0.147196 0)
(2.18002 0.155793 0)
(2.18776 0.16202 0)
(2.19801 0.165147 0)
(2.20875 0.167347 0)
(2.21803 0.169792 0)
(2.22317 0.170239 0)
(2.22816 0.168582 0)
(2.2402 0.167507 0)
(2.25456 0.168766 0)
(2.26824 0.174211 0)
(2.28154 0.182338 0)
(2.29407 0.189946 0)
(2.30269 0.197884 0)
(2.30474 0.202084 0)
(2.30483 0.200347 0)
(2.31059 0.19528 0)
(2.32114 0.190081 0)
(2.33417 0.186307 0)
(2.34697 0.185784 0)
(2.35958 0.192093 0)
(2.36836 0.203381 0)
(2.3825 0.209885 0)
(1.53922 0.835083 0)
(1.59894 0.823311 0)
(1.66127 0.806416 0)
(1.73332 0.77742 0)
(1.79943 0.751544 0)
(1.85887 0.728506 0)
(1.93104 0.685753 0)
(2.00008 0.633046 0)
(2.04765 0.611481 0)
(2.09482 0.582134 0)
(2.16863 0.517987 0)
(2.22395 0.452279 0)
(2.25325 0.438048 0)
(2.27655 0.418411 0)
(2.34233 0.34801 0)
(2.38447 0.28601 0)
(2.42095 0.260158 0)
(2.43321 0.252878 0)
(2.43485 0.173728 0)
(2.38635 0.0346982 0)
(2.19683 -0.253067 0)
(2.07592 -0.47351 0)
(1.98826 -0.601558 0)
(2.00037 -0.618026 0)
(2.02464 -0.625175 0)
(2.03739 -0.645111 0)
(2.03054 -0.670093 0)
(2.03872 -0.689669 0)
(2.05967 -0.70749 0)
(2.08337 -0.734384 0)
(2.10555 -0.752143 0)
(2.1277 -0.767043 0)
(2.14615 -0.780052 0)
(2.1537 -0.786957 0)
(2.15774 -0.791353 0)
(2.17441 -0.799573 0)
(2.19606 -0.805931 0)
(2.21807 -0.80982 0)
(2.23957 -0.81957 0)
(2.25692 -0.83136 0)
(2.2806 -0.833197 0)
(2.28806 -0.827142 0)
(2.27268 -0.779384 0)
(2.23628 -0.689721 0)
(2.14485 -0.492527 0)
(1.99987 -0.204006 0)
(1.94803 -0.0537416 0)
(1.93407 -0.00111634 0)
(1.92937 0.0246243 0)
(1.92872 0.0392648 0)
(1.92939 0.0558636 0)
(1.92885 0.0748148 0)
(1.94197 0.0786505 0)
(1.95728 0.0781912 0)
(1.97834 0.0788295 0)
(1.99636 0.0821119 0)
(2.01156 0.0839578 0)
(2.0224 0.0903799 0)
(2.02192 0.105675 0)
(2.01915 0.119046 0)
(2.02975 0.12252 0)
(2.04487 0.123847 0)
(2.06008 0.125019 0)
(2.07682 0.126007 0)
(2.09302 0.126825 0)
(2.10714 0.130035 0)
(2.11506 0.141199 0)
(2.11677 0.155246 0)
(2.12299 0.160089 0)
(2.13751 0.159456 0)
(2.15302 0.160044 0)
(2.16772 0.161887 0)
(2.18169 0.164933 0)
(2.19396 0.167542 0)
(2.20035 0.169513 0)
(2.20399 0.173548 0)
(2.2115 0.177359 0)
(2.22073 0.179942 0)
(2.22857 0.182633 0)
(2.23197 0.186081 0)
(2.24053 0.19022 0)
(2.25371 0.194466 0)
(2.26608 0.199809 0)
(2.27985 0.201893 0)
(2.29489 0.202586 0)
(2.31068 0.203835 0)
(2.32035 0.207253 0)
(2.31787 0.211263 0)
(2.31127 0.212279 0)
(2.31487 0.210479 0)
(2.32628 0.209338 0)
(2.34079 0.210186 0)
(2.35574 0.211984 0)
(2.37212 0.21631 0)
(2.38528 0.219303 0)
(2.404 0.223114 0)
(1.55902 0.839911 0)
(1.60779 0.828276 0)
(1.66535 0.808226 0)
(1.73077 0.781426 0)
(1.78718 0.763591 0)
(1.84124 0.741432 0)
(1.9121 0.697452 0)
(1.97512 0.65629 0)
(2.01799 0.642079 0)
(2.06973 0.607677 0)
(2.13813 0.544702 0)
(2.18792 0.494088 0)
(2.21297 0.486394 0)
(2.25384 0.451325 0)
(2.30672 0.392926 0)
(2.35345 0.338915 0)
(2.38369 0.328731 0)
(2.3611 0.240917 0)
(2.3207 0.0936433 0)
(2.12206 -0.187926 0)
(1.9761 -0.410227 0)
(1.95335 -0.504052 0)
(1.9655 -0.528429 0)
(1.99448 -0.545984 0)
(2.02144 -0.569889 0)
(2.03481 -0.595095 0)
(2.02554 -0.613955 0)
(2.02846 -0.63108 0)
(2.0521 -0.647403 0)
(2.07671 -0.672091 0)
(2.09937 -0.691818 0)
(2.12234 -0.707618 0)
(2.14381 -0.719126 0)
(2.16028 -0.722798 0)
(2.16363 -0.72201 0)
(2.17055 -0.728912 0)
(2.19262 -0.742471 0)
(2.21641 -0.754637 0)
(2.24051 -0.763635 0)
(2.2632 -0.771057 0)
(2.28653 -0.78431 0)
(2.3028 -0.796494 0)
(2.32051 -0.782169 0)
(2.31429 -0.762983 0)
(2.31057 -0.730384 0)
(2.26561 -0.619353 0)
(2.16552 -0.39132 0)
(2.05604 -0.149494 0)
(2.02257 -0.0326611 0)
(1.98155 0.0244375 0)
(1.97034 0.0534768 0)
(1.97082 0.0774746 0)
(1.97345 0.0930757 0)
(1.98591 0.097431 0)
(2.00387 0.100671 0)
(2.02346 0.10209 0)
(2.03812 0.103756 0)
(2.05157 0.1063 0)
(2.05677 0.111249 0)
(2.05258 0.124349 0)
(2.05128 0.138566 0)
(2.06255 0.144292 0)
(2.07811 0.146812 0)
(2.09353 0.149249 0)
(2.10866 0.150678 0)
(2.12365 0.15218 0)
(2.13642 0.155287 0)
(2.14155 0.16227 0)
(2.14264 0.171486 0)
(2.15092 0.177922 0)
(2.16334 0.181717 0)
(2.17611 0.183984 0)
(2.18857 0.184892 0)
(2.19999 0.185954 0)
(2.21024 0.188431 0)
(2.22017 0.190402 0)
(2.22874 0.190863 0)
(2.23696 0.191148 0)
(2.24457 0.193392 0)
(2.2516 0.201479 0)
(2.25708 0.214816 0)
(2.26046 0.223548 0)
(2.27049 0.225906 0)
(2.28567 0.226819 0)
(2.30055 0.224991 0)
(2.31526 0.220043 0)
(2.32886 0.216059 0)
(2.33419 0.215166 0)
(2.32565 0.221242 0)
(2.3288 0.226369 0)
(2.34217 0.229667 0)
(2.35418 0.234011 0)
(2.36855 0.237258 0)
(2.38307 0.238105 0)
(2.39773 0.237999 0)
(2.418 0.2386 0)
(1.57154 0.862268 0)
(1.61635 0.845294 0)
(1.67135 0.82007 0)
(1.72439 0.79897 0)
(1.77075 0.785239 0)
(1.82864 0.756616 0)
(1.89597 0.712498 0)
(1.94609 0.687983 0)
(1.98546 0.672623 0)
(2.04713 0.628822 0)
(2.11069 0.565943 0)
(2.14497 0.544619 0)
(2.17282 0.533014 0)
(2.2303 0.485929 0)
(2.28695 0.419385 0)
(2.31691 0.394058 0)
(2.29863 0.31049 0)
(2.21536 0.109247 0)
(2.068 -0.162024 0)
(1.9328 -0.330144 0)
(1.91671 -0.395522 0)
(1.92442 -0.428171 0)
(1.95146 -0.461042 0)
(1.98168 -0.493844 0)
(2.00627 -0.526987 0)
(2.02358 -0.553735 0)
(2.02727 -0.571347 0)
(2.02634 -0.584219 0)
(2.04687 -0.600865 0)
(2.07204 -0.619091 0)
(2.09581 -0.638002 0)
(2.11972 -0.654293 0)
(2.14269 -0.669274 0)
(2.16299 -0.681365 0)
(2.177 -0.687759 0)
(2.18423 -0.687444 0)
(2.19713 -0.691498 0)
(2.21832 -0.698089 0)
(2.24238 -0.708391 0)
(2.26593 -0.719845 0)
(2.28906 -0.726422 0)
(2.31107 -0.734282 0)
(2.33246 -0.74533 0)
(2.33816 -0.747152 0)
(2.34998 -0.727456 0)
(2.35456 -0.71706 0)
(2.35574 -0.675427 0)
(2.30788 -0.55169 0)
(2.20261 -0.311418 0)
(2.10541 -0.100431 0)
(2.0699 -0.00306802 0)
(2.02672 0.0528804 0)
(2.01671 0.100632 0)
(2.02173 0.115106 0)
(2.03777 0.12044 0)
(2.05123 0.125177 0)
(2.06473 0.126756 0)
(2.07802 0.127779 0)
(2.08632 0.129446 0)
(2.08868 0.133969 0)
(2.08686 0.144415 0)
(2.09125 0.155135 0)
(2.10441 0.162088 0)
(2.11829 0.167899 0)
(2.13178 0.173551 0)
(2.14486 0.177655 0)
(2.15699 0.180361 0)
(2.16451 0.184461 0)
(2.16678 0.190891 0)
(2.1721 0.195424 0)
(2.1823 0.197017 0)
(2.19377 0.198107 0)
(2.20432 0.199763 0)
(2.21406 0.203343 0)
(2.22178 0.208909 0)
(2.22651 0.213267 0)
(2.23491 0.215229 0)
(2.24883 0.215806 0)
(2.26287 0.217433 0)
(2.27527 0.220886 0)
(2.28366 0.226665 0)
(2.28277 0.235752 0)
(2.28401 0.243025 0)
(2.29548 0.244269 0)
(2.30939 0.242479 0)
(2.32203 0.238411 0)
(2.33193 0.233471 0)
(2.33954 0.230908 0)
(2.34427 0.236055 0)
(2.34519 0.251087 0)
(2.34702 0.261379 0)
(2.35779 0.262925 0)
(2.37263 0.262028 0)
(2.38716 0.260271 0)
(2.39987 0.254549 0)
(2.41705 0.252846 0)
(1.59336 0.873229 0)
(1.63749 0.851809 0)
(1.68554 0.828775 0)
(1.72604 0.81586 0)
(1.76864 0.798277 0)
(1.82977 0.762543 0)
(1.88814 0.725988 0)
(1.92604 0.714883 0)
(1.96476 0.693115 0)
(2.03364 0.640087 0)
(2.08236 0.596649 0)
(2.11682 0.583958 0)
(2.15499 0.561067 0)
(2.21351 0.50867 0)
(2.24392 0.464056 0)
(2.22555 0.363524 0)
(2.10073 0.141308 0)
(1.98084 -0.123837 0)
(1.89615 -0.293319 0)
(1.8784 -0.365077 0)
(1.88405 -0.362019 0)
(1.89716 -0.380355 0)
(1.92518 -0.407617 0)
(1.9606 -0.44908 0)
(1.98937 -0.48843 0)
(2.01223 -0.511978 0)
(2.02739 -0.529454 0)
(2.03132 -0.542104 0)
(2.04496 -0.556061 0)
(2.07037 -0.571876 0)
(2.09544 -0.587336 0)
(2.11985 -0.601712 0)
(2.1435 -0.614155 0)
(2.16556 -0.625188 0)
(2.18354 -0.634293 0)
(2.1942 -0.638613 0)
(2.20426 -0.644459 0)
(2.22349 -0.649899 0)
(2.2467 -0.654847 0)
(2.27045 -0.661562 0)
(2.29361 -0.671632 0)
(2.31632 -0.682114 0)
(2.3399 -0.684488 0)
(2.3577 -0.690067 0)
(2.36967 -0.694804 0)
(2.37165 -0.689176 0)
(2.39909 -0.682594 0)
(2.40526 -0.674133 0)
(2.40103 -0.621257 0)
(2.34085 -0.470618 0)
(2.25991 -0.261559 0)
(2.13382 -0.0453608 0)
(2.11414 0.0540313 0)
(2.07891 0.1043 0)
(2.07479 0.127149 0)
(2.07806 0.139218 0)
(2.09398 0.147131 0)
(2.10347 0.152122 0)
(2.11425 0.154083 0)
(2.12266 0.155096 0)
(2.12443 0.16024 0)
(2.12439 0.170279 0)
(2.13443 0.17767 0)
(2.14796 0.182413 0)
(2.16237 0.187801 0)
(2.17573 0.193878 0)
(2.1863 0.200154 0)
(2.19225 0.206027 0)
(2.19347 0.210256 0)
(2.19725 0.211112 0)
(2.20626 0.208363 0)
(2.21716 0.206721 0)
(2.22832 0.20717 0)
(2.23879 0.209928 0)
(2.24685 0.216036 0)
(2.24928 0.226437 0)
(2.25274 0.237214 0)
(2.26667 0.243461 0)
(2.2806 0.24795 0)
(2.2934 0.248506 0)
(2.30402 0.244655 0)
(2.3062 0.245143 0)
(2.30556 0.25234 0)
(2.31142 0.258171 0)
(2.3207 0.259381 0)
(2.32916 0.258534 0)
(2.33742 0.2584 0)
(2.34799 0.260201 0)
(2.36016 0.262482 0)
(2.37022 0.265769 0)
(2.3734 0.272814 0)
(2.37464 0.279104 0)
(2.38396 0.280853 0)
(2.39615 0.280702 0)
(2.40641 0.273789 0)
(2.41668 0.26986 0)
(1.62037 0.889375 0)
(1.65999 0.868076 0)
(1.69634 0.852773 0)
(1.73105 0.839312 0)
(1.77838 0.810217 0)
(1.83389 0.772399 0)
(1.87414 0.754758 0)
(1.90316 0.745537 0)
(1.95793 0.708832 0)
(2.02109 0.652765 0)
(2.05954 0.630074 0)
(2.08972 0.625162 0)
(2.13688 0.591646 0)
(2.1703 0.528685 0)
(2.15033 0.400212 0)
(2.01963 0.172784 0)
(1.85446 -0.0705814 0)
(1.83971 -0.202452 0)
(1.85829 -0.267359 0)
(1.87838 -0.289461 0)
(1.887 -0.315437 0)
(1.8908 -0.3525 0)
(1.91531 -0.37981 0)
(1.94873 -0.41143 0)
(1.97726 -0.440841 0)
(2.00368 -0.462763 0)
(2.02579 -0.48414 0)
(2.03865 -0.503678 0)
(2.05039 -0.51636 0)
(2.07205 -0.529124 0)
(2.09751 -0.542008 0)
(2.12328 -0.555918 0)
(2.14803 -0.569707 0)
(2.17124 -0.581141 0)
(2.1918 -0.589314 0)
(2.20673 -0.592394 0)
(2.2166 -0.597893 0)
(2.23313 -0.606185 0)
(2.2566 -0.615193 0)
(2.2822 -0.622607 0)
(2.30688 -0.629001 0)
(2.32974 -0.637219 0)
(2.35214 -0.64234 0)
(2.37179 -0.644983 0)
(2.38514 -0.641129 0)
(2.39408 -0.644244 0)
(2.40749 -0.648926 0)
(2.43098 -0.639553 0)
(2.44746 -0.640211 0)
(2.45184 -0.623998 0)
(2.44419 -0.56176 0)
(2.36711 -0.386955 0)
(2.29289 -0.176748 0)
(2.19696 0.00539526 0)
(2.15233 0.0945182 0)
(2.11612 0.136785 0)
(2.12735 0.157512 0)
(2.13496 0.167014 0)
(2.14548 0.174729 0)
(2.15353 0.18145 0)
(2.15838 0.18627 0)
(2.15602 0.192053 0)
(2.16525 0.196845 0)
(2.17887 0.200671 0)
(2.19244 0.205125 0)
(2.20558 0.209724 0)
(2.21662 0.215574 0)
(2.22146 0.22426 0)
(2.21466 0.232965 0)
(2.20786 0.234063 0)
(2.21873 0.232692 0)
(2.23376 0.231999 0)
(2.24805 0.23123 0)
(2.26075 0.230625 0)
(2.27151 0.23099 0)
(2.27852 0.237331 0)
(2.28295 0.253873 0)
(2.28575 0.26984 0)
(2.29022 0.274709 0)
(2.29775 0.272875 0)
(2.30765 0.267299 0)
(2.31909 0.260621 0)
(2.32767 0.256954 0)
(2.33426 0.262899 0)
(2.33863 0.273467 0)
(2.34172 0.28151 0)
(2.3528 0.285017 0)
(2.36522 0.288673 0)
(2.37626 0.291985 0)
(2.389 0.290317 0)
(2.39689 0.288392 0)
(2.39472 0.292117 0)
(2.395 0.296348 0)
(2.40222 0.297552 0)
(2.4102 0.294299 0)
(2.42306 0.293408 0)
(1.63597 0.910695 0)
(1.67208 0.891461 0)
(1.70661 0.874759 0)
(1.74147 0.855501 0)
(1.78822 0.82424 0)
(1.83389 0.793393 0)
(1.86354 0.783477 0)
(1.89802 0.761732 0)
(1.96221 0.713434 0)
(2.00581 0.676591 0)
(2.03745 0.67261 0)
(2.0704 0.657619 0)
(2.08697 0.576777 0)
(2.05491 0.408036 0)
(1.94568 0.143536 0)
(1.78358 -0.0523439 0)
(1.7585 -0.143597 0)
(1.80679 -0.196431 0)
(1.83622 -0.226235 0)
(1.86838 -0.259335 0)
(1.8882 -0.291831 0)
(1.89289 -0.316045 0)
(1.91033 -0.338074 0)
(1.94151 -0.364737 0)
(1.97298 -0.399417 0)
(2.00031 -0.42578 0)
(2.02539 -0.445972 0)
(2.04536 -0.463636 0)
(2.06026 -0.476525 0)
(2.07892 -0.488754 0)
(2.10366 -0.501879 0)
(2.13004 -0.514305 0)
(2.15611 -0.526314 0)
(2.18116 -0.537585 0)
(2.20435 -0.547319 0)
(2.22315 -0.551981 0)
(2.23383 -0.554675 0)
(2.24449 -0.556718 0)
(2.26398 -0.561626 0)
(2.28887 -0.567352 0)
(2.31454 -0.574906 0)
(2.33877 -0.58414 0)
(2.36241 -0.589932 0)
(2.38338 -0.59538 0)
(2.39926 -0.597897 0)
(2.40939 -0.592413 0)
(2.42034 -0.591194 0)
(2.44081 -0.599061 0)
(2.46075 -0.600916 0)
(2.48553 -0.590146 0)
(2.4976 -0.592388 0)
(2.4915 -0.571293 0)
(2.47701 -0.494197 0)
(2.40814 -0.322497 0)
(2.3049 -0.0995551 0)
(2.23647 0.0239527 0)
(2.1981 0.118403 0)
(2.18185 0.171196 0)
(2.17911 0.188407 0)
(2.18602 0.195608 0)
(2.19303 0.20439 0)
(2.18558 0.213989 0)
(2.1896 0.222607 0)
(2.20432 0.225275 0)
(2.21763 0.226968 0)
(2.23004 0.22837 0)
(2.24361 0.229106 0)
(2.25133 0.230234 0)
(2.2464 0.235634 0)
(2.2348 0.246458 0)
(2.24107 0.25404 0)
(2.25437 0.257619 0)
(2.26733 0.26017 0)
(2.27953 0.262136 0)
(2.2909 0.264115 0)
(2.30171 0.267092 0)
(2.31152 0.272442 0)
(2.31555 0.28174 0)
(2.31103 0.290933 0)
(2.30913 0.293902 0)
(2.31489 0.292463 0)
(2.32481 0.288412 0)
(2.33878 0.284951 0)
(2.3514 0.281323 0)
(2.36264 0.281701 0)
(2.37109 0.292631 0)
(2.37465 0.310052 0)
(2.37667 0.319555 0)
(2.38258 0.319163 0)
(2.39203 0.315904 0)
(2.40138 0.311395 0)
(2.40929 0.307259 0)
(2.41244 0.306506 0)
(2.41404 0.312796 0)
(2.41783 0.320462 0)
(2.42789 0.325816 0)
(1.65368 0.924428 0)
(1.68886 0.904865 0)
(1.71803 0.891234 0)
(1.75448 0.869261 0)
(1.80294 0.833254 0)
(1.83779 0.814914 0)
(1.8574 0.807837 0)
(1.91048 0.772502 0)
(1.96084 0.732672 0)
(1.99465 0.709615 0)
(2.02498 0.704231 0)
(2.01586 0.618119 0)
(1.9378 0.410907 0)
(1.8316 0.140064 0)
(1.77189 -0.0255908 0)
(1.74889 -0.0609983 0)
(1.76661 -0.107901 0)
(1.78599 -0.146099 0)
(1.82007 -0.182074 0)
(1.85612 -0.225401 0)
(1.88224 -0.261069 0)
(1.90172 -0.289936 0)
(1.91833 -0.313716 0)
(1.94308 -0.335391 0)
(1.97205 -0.358507 0)
(2.00085 -0.382991 0)
(2.02888 -0.405273 0)
(2.05458 -0.424358 0)
(2.07496 -0.439733 0)
(2.09272 -0.451383 0)
(2.11474 -0.463143 0)
(2.14132 -0.476507 0)
(2.16856 -0.489153 0)
(2.19503 -0.500337 0)
(2.21975 -0.509155 0)
(2.2409 -0.512981 0)
(2.25427 -0.515743 0)
(2.26269 -0.517764 0)
(2.27776 -0.522963 0)
(2.30125 -0.527011 0)
(2.32659 -0.531691 0)
(2.35095 -0.540022 0)
(2.37468 -0.545768 0)
(2.39575 -0.550488 0)
(2.41326 -0.551154 0)
(2.42475 -0.550962 0)
(2.43558 -0.551056 0)
(2.45248 -0.548479 0)
(2.47269 -0.553551 0)
(2.49646 -0.559956 0)
(2.51493 -0.562586 0)
(2.53199 -0.555126 0)
(2.53924 -0.556389 0)
(2.52184 -0.506922 0)
(2.5011 -0.423696 0)
(2.43692 -0.2743 0)
(2.31725 -0.0320801 0)
(2.27363 0.0966392 0)
(2.25252 0.155188 0)
(2.23806 0.190734 0)
(2.22417 0.21587 0)
(2.21776 0.233933 0)
(2.21467 0.247596 0)
(2.21635 0.252811 0)
(2.22836 0.252341 0)
(2.24254 0.253047 0)
(2.25788 0.253221 0)
(2.2712 0.252593 0)
(2.27558 0.252428 0)
(2.26996 0.258304 0)
(2.26814 0.269353 0)
(2.27828 0.277007 0)
(2.29221 0.282211 0)
(2.3046 0.287273 0)
(2.31583 0.292341 0)
(2.32787 0.294319 0)
(2.33831 0.293132 0)
(2.34293 0.293144 0)
(2.33884 0.298935 0)
(2.3313 0.306413 0)
(2.33522 0.308524 0)
(2.34991 0.310221 0)
(2.3632 0.312937 0)
(2.37413 0.314603 0)
(2.38435 0.316932 0)
(2.39451 0.320666 0)
(2.40179 0.326442 0)
(2.40071 0.33411 0)
(2.39507 0.339072 0)
(2.39623 0.338075 0)
(2.4023 0.333659 0)
(2.41113 0.331113 0)
(2.4223 0.330255 0)
(2.43263 0.330728 0)
(2.44171 0.338327 0)
(2.44995 0.347464 0)
(1.67375 0.943962 0)
(1.70616 0.926145 0)
(1.73364 0.910204 0)
(1.77692 0.877542 0)
(1.81249 0.852911 0)
(1.82912 0.850782 0)
(1.86669 0.827518 0)
(1.92459 0.7851 0)
(1.95419 0.759395 0)
(1.97497 0.731423 0)
(1.95311 0.622528 0)
(1.85365 0.405148 0)
(1.71626 0.154125 0)
(1.69605 0.00179843 0)
(1.72016 -0.0645076 0)
(1.74731 -0.0812047 0)
(1.77022 -0.0888932 0)
(1.78645 -0.119749 0)
(1.81549 -0.15566 0)
(1.85308 -0.202472 0)
(1.88287 -0.240241 0)
(1.90925 -0.26175 0)
(1.93055 -0.279823 0)
(1.95175 -0.301522 0)
(1.98141 -0.326335 0)
(2.01121 -0.350419 0)
(2.03938 -0.370848 0)
(2.06622 -0.386466 0)
(2.09002 -0.398843 0)
(2.11004 -0.408414 0)
(2.12983 -0.417659 0)
(2.15409 -0.428789 0)
(2.18126 -0.440595 0)
(2.2084 -0.453132 0)
(2.23375 -0.465694 0)
(2.25638 -0.474617 0)
(2.27384 -0.480362 0)
(2.28532 -0.480557 0)
(2.29576 -0.481006 0)
(2.31324 -0.481286 0)
(2.3355 -0.483388 0)
(2.35848 -0.490437 0)
(2.3815 -0.495535 0)
(2.40212 -0.501903 0)
(2.42087 -0.50324 0)
(2.43465 -0.501153 0)
(2.44461 -0.497207 0)
(2.457 -0.492675 0)
(2.47507 -0.493885 0)
(2.49727 -0.494695 0)
(2.51932 -0.502843 0)
(2.54178 -0.512995 0)
(2.55343 -0.519987 0)
(2.56137 -0.508832 0)
(2.55697 -0.490786 0)
(2.55038 -0.449572 0)
(2.52012 -0.3628 0)
(2.4556 -0.193451 0)
(2.37348 0.00852866 0)
(2.31097 0.140793 0)
(2.27854 0.197995 0)
(2.2716 0.231669 0)
(2.25177 0.252551 0)
(2.2401 0.267034 0)
(2.24698 0.271883 0)
(2.26068 0.275283 0)
(2.2738 0.276247 0)
(2.28633 0.275669 0)
(2.29692 0.275033 0)
(2.29936 0.27729 0)
(2.29676 0.286359 0)
(2.2947 0.298412 0)
(2.30101 0.308174 0)
(2.31344 0.313816 0)
(2.3277 0.317727 0)
(2.3424 0.320947 0)
(2.35504 0.320809 0)
(2.36332 0.31484 0)
(2.36151 0.310864 0)
(2.35752 0.317034 0)
(2.35814 0.331452 0)
(2.36054 0.343488 0)
(2.36992 0.349372 0)
(2.38587 0.351708 0)
(2.4008 0.351599 0)
(2.41437 0.349399 0)
(2.42552 0.347588 0)
(2.42688 0.348784 0)
(2.41511 0.354548 0)
(2.40574 0.357478 0)
(2.41175 0.356688 0)
(2.42407 0.357854 0)
(2.43751 0.360192 0)
(2.45135 0.362078 0)
(2.4636 0.367549 0)
(2.4716 0.370352 0)
(1.68904 0.961657 0)
(1.71308 0.949675 0)
(1.75473 0.924497 0)
(1.78744 0.897414 0)
(1.81146 0.888205 0)
(1.83395 0.875571 0)
(1.89223 0.829876 0)
(1.91937 0.81266 0)
(1.9164 0.745918 0)
(1.86743 0.591613 0)
(1.77984 0.353964 0)
(1.6774 0.173192 0)
(1.64526 0.0745857 0)
(1.6858 0.0197441 0)
(1.72031 -0.0156439 0)
(1.76146 -0.0467087 0)
(1.78503 -0.07839 0)
(1.79598 -0.108518 0)
(1.81727 -0.135629 0)
(1.85107 -0.164881 0)
(1.88671 -0.201997 0)
(1.91847 -0.234994 0)
(1.94593 -0.259992 0)
(1.97007 -0.275933 0)
(1.99454 -0.289662 0)
(2.02196 -0.306608 0)
(2.05077 -0.326438 0)
(2.07844 -0.34481 0)
(2.10408 -0.36039 0)
(2.12717 -0.372234 0)
(2.14868 -0.380734 0)
(2.17153 -0.389368 0)
(2.19676 -0.398285 0)
(2.22217 -0.40873 0)
(2.2458 -0.420424 0)
(2.26754 -0.429557 0)
(2.2871 -0.437067 0)
(2.30346 -0.440765 0)
(2.3164 -0.444031 0)
(2.331 -0.443717 0)
(2.34898 -0.442969 0)
(2.36903 -0.448905 0)
(2.39037 -0.453425 0)
(2.41001 -0.460703 0)
(2.42878 -0.463165 0)
(2.44445 -0.465042 0)
(2.45771 -0.463637 0)
(2.47038 -0.45699 0)
(2.48375 -0.453761 0)
(2.50155 -0.445997 0)
(2.51993 -0.449028 0)
(2.53896 -0.450756 0)
(2.55543 -0.461561 0)
(2.571 -0.468704 0)
(2.57485 -0.467201 0)
(2.569 -0.451927 0)
(2.58051 -0.431679 0)
(2.57858 -0.397933 0)
(2.55169 -0.312108 0)
(2.45625 -0.104059 0)
(2.41734 0.043481 0)
(2.33411 0.191785 0)
(2.28688 0.268262 0)
(2.26727 0.283622 0)
(2.26243 0.298731 0)
(2.26903 0.30636 0)
(2.28008 0.307502 0)
(2.29405 0.30832 0)
(2.30635 0.31162 0)
(2.31584 0.313296 0)
(2.31998 0.310629 0)
(2.31808 0.310729 0)
(2.32094 0.319734 0)
(2.32923 0.328418 0)
(2.33892 0.335635 0)
(2.3471 0.339792 0)
(2.35213 0.341975 0)
(2.35822 0.34361 0)
(2.36888 0.340197 0)
(2.37872 0.340978 0)
(2.38397 0.347849 0)
(2.38602 0.357143 0)
(2.39121 0.368395 0)
(2.40063 0.375954 0)
(2.411 0.378564 0)
(2.42215 0.376561 0)
(2.43307 0.372551 0)
(2.44063 0.369894 0)
(2.43743 0.366182 0)
(2.42509 0.371966 0)
(2.42669 0.380826 0)
(2.43811 0.384249 0)
(2.45159 0.388083 0)
(2.4664 0.391917 0)
(2.47326 0.396501 0)
(2.48214 0.387021 0)
(1.79487 0.964452 0)
(1.71957 0.959376 0)
(1.7537 0.944551 0)
(1.79422 0.91713 0)
(1.81809 0.910259 0)
(1.85782 0.877812 0)
(1.88455 0.846695 0)
(1.8661 0.752346 0)
(1.76837 0.545083 0)
(1.66721 0.294227 0)
(1.64428 0.141675 0)
(1.63819 0.0799438 0)
(1.65159 0.0594672 0)
(1.68745 0.0477471 0)
(1.73169 0.0139871 0)
(1.77387 -0.0315787 0)
(1.79866 -0.0671684 0)
(1.8127 -0.098299 0)
(1.83114 -0.127343 0)
(1.86352 -0.152521 0)
(1.89766 -0.17723 0)
(1.9291 -0.199906 0)
(1.95832 -0.219784 0)
(1.98505 -0.238651 0)
(2.01061 -0.259261 0)
(2.03671 -0.277946 0)
(2.06341 -0.29399 0)
(2.08938 -0.307063 0)
(2.11433 -0.318938 0)
(2.13817 -0.33023 0)
(2.16131 -0.339311 0)
(2.1842 -0.347194 0)
(2.20762 -0.353489 0)
(2.23079 -0.36113 0)
(2.25214 -0.372055 0)
(2.27199 -0.381498 0)
(2.29218 -0.388324 0)
(2.31249 -0.391274 0)
(2.32948 -0.396501 0)
(2.34384 -0.399354 0)
(2.3585 -0.399585 0)
(2.37485 -0.40457 0)
(2.3935 -0.406821 0)
(2.41122 -0.412651 0)
(2.42885 -0.413544 0)
(2.44437 -0.415188 0)
(2.45845 -0.415712 0)
(2.47233 -0.412615 0)
(2.48558 -0.411284 0)
(2.50165 -0.402954 0)
(2.51592 -0.402033 0)
(2.52891 -0.39933 0)
(2.53843 -0.406613 0)
(2.54892 -0.401061 0)
(2.5623 -0.408839 0)
(2.5778 -0.41036 0)
(2.58985 -0.399082 0)
(2.59331 -0.394822 0)
(2.61256 -0.381489 0)
(2.6067 -0.344591 0)
(2.57658 -0.243027 0)
(2.46642 -0.024331 0)
(2.41382 0.116237 0)
(2.36649 0.21291 0)
(2.30222 0.293427 0)
(2.28133 0.33146 0)
(2.29154 0.340535 0)
(2.30028 0.345134 0)
(2.31015 0.347434 0)
(2.31517 0.346868 0)
(2.31664 0.344466 0)
(2.32419 0.344452 0)
(2.33262 0.345256 0)
(2.3439 0.347848 0)
(2.35332 0.351701 0)
(2.35743 0.357475 0)
(2.35624 0.363615 0)
(2.35593 0.366391 0)
(2.36661 0.36853 0)
(2.38049 0.37295 0)
(2.39316 0.377292 0)
(2.40403 0.382854 0)
(2.41135 0.390545 0)
(2.41919 0.395493 0)
(2.42884 0.39621 0)
(2.43823 0.395532 0)
(2.44468 0.393974 0)
(2.44549 0.390054 0)
(2.44283 0.389561 0)
(2.44452 0.396594 0)
(2.4489 0.405873 0)
(2.45401 0.411317 0)
(2.46367 0.410778 0)
(2.47413 0.410485 0)
(2.47276 0.40016 0)
(2.45473 0.32715 0)
(2.21343 0.776514 0)
(1.7762 0.963341 0)
(1.7665 0.96167 0)
(1.79923 0.942356 0)
(1.82619 0.931923 0)
(1.83569 0.867004 0)
(1.79247 0.71098 0)
(1.68618 0.480371 0)
(1.59938 0.294732 0)
(1.60966 0.196453 0)
(1.63964 0.141077 0)
(1.66599 0.109376 0)
(1.67708 0.0875376 0)
(1.69761 0.0646958 0)
(1.733 0.0370761 0)
(1.77163 -0.00380802 0)
(1.80053 -0.041429 0)
(1.82224 -0.0787126 0)
(1.84329 -0.109424 0)
(1.87251 -0.131703 0)
(1.90633 -0.153172 0)
(1.9392 -0.175266 0)
(1.96914 -0.194655 0)
(1.99522 -0.209454 0)
(2.01848 -0.223159 0)
(2.04238 -0.238577 0)
(2.06878 -0.255593 0)
(2.09573 -0.271268 0)
(2.12225 -0.284558 0)
(2.14757 -0.295736 0)
(2.17135 -0.304273 0)
(2.19325 -0.312392 0)
(2.21428 -0.318184 0)
(2.2357 -0.322783 0)
(2.25723 -0.32998 0)
(2.27751 -0.337486 0)
(2.29585 -0.344301 0)
(2.31334 -0.346877 0)
(2.33189 -0.351426 0)
(2.34794 -0.354984 0)
(2.36078 -0.355735 0)
(2.37339 -0.360709 0)
(2.38906 -0.362032 0)
(2.40602 -0.367382 0)
(2.42427 -0.368355 0)
(2.44116 -0.370385 0)
(2.45654 -0.371961 0)
(2.47157 -0.370983 0)
(2.48626 -0.372977 0)
(2.50381 -0.368324 0)
(2.52113 -0.368944 0)
(2.53779 -0.364779 0)
(2.54787 -0.368047 0)
(2.55821 -0.359862 0)
(2.56889 -0.357729 0)
(2.57963 -0.354445 0)
(2.59369 -0.355146 0)
(2.60915 -0.362585 0)
(2.63072 -0.349292 0)
(2.63299 -0.350852 0)
(2.64125 -0.330404 0)
(2.61673 -0.288452 0)
(2.57029 -0.170359 0)
(2.48953 0.0183964 0)
(2.37846 0.212975 0)
(2.36062 0.263858 0)
(2.34595 0.325529 0)
(2.33592 0.366196 0)
(2.32581 0.373191 0)
(2.32407 0.375252 0)
(2.32782 0.377115 0)
(2.33087 0.371425 0)
(2.33622 0.369341 0)
(2.34473 0.37381 0)
(2.35261 0.379763 0)
(2.36042 0.386257 0)
(2.36986 0.390468 0)
(2.37825 0.393376 0)
(2.38358 0.39758 0)
(2.3878 0.398119 0)
(2.39593 0.40036 0)
(2.40491 0.404892 0)
(2.41478 0.410687 0)
(2.42465 0.416013 0)
(2.43359 0.419999 0)
(2.44107 0.422524 0)
(2.44652 0.420285 0)
(2.45268 0.417219 0)
(2.45981 0.415429 0)
(2.46891 0.42405 0)
(2.47348 0.428099 0)
(2.47365 0.430277 0)
(2.47147 0.416808 0)
(2.46069 0.390529 0)
(2.42412 0.315027 0)
(2.35623 0.129437 0)
(2.81997 0.28235 0)
(2.09898 0.84394 0)
(1.80209 0.968884 0)
(1.80727 0.965805 0)
(1.78214 0.885155 0)
(1.6761 0.653163 0)
(1.58572 0.399117 0)
(1.54285 0.260888 0)
(1.55778 0.195572 0)
(1.60401 0.179799 0)
(1.64203 0.16148 0)
(1.67634 0.135102 0)
(1.69196 0.105218 0)
(1.70362 0.0721762 0)
(1.73425 0.0430525 0)
(1.76675 0.0116367 0)
(1.79507 -0.0194508 0)
(1.81897 -0.0546909 0)
(1.84258 -0.0863412 0)
(1.87269 -0.109787 0)
(1.90621 -0.12906 0)
(1.93878 -0.145751 0)
(1.96926 -0.160559 0)
(1.99614 -0.175546 0)
(2.01979 -0.192322 0)
(2.04314 -0.208263 0)
(2.0689 -0.222319 0)
(2.09597 -0.234506 0)
(2.12302 -0.244831 0)
(2.14931 -0.252923 0)
(2.17343 -0.258847 0)
(2.19363 -0.265787 0)
(2.2094 -0.271633 0)
(2.22276 -0.275569 0)
(2.23901 -0.280375 0)
(2.26069 -0.283549 0)
(2.28522 -0.287574 0)
(2.30737 -0.294554 0)
(2.32574 -0.304316 0)
(2.34056 -0.306737 0)
(2.35245 -0.307973 0)
(2.36367 -0.313589 0)
(2.37695 -0.31517 0)
(2.39132 -0.320093 0)
(2.40653 -0.320348 0)
(2.42086 -0.322373 0)
(2.43487 -0.324709 0)
(2.44967 -0.324506 0)
(2.46481 -0.327221 0)
(2.48229 -0.323364 0)
(2.49903 -0.322657 0)
(2.51666 -0.315786 0)
(2.53228 -0.316465 0)
(2.5474 -0.311303 0)
(2.55865 -0.30939 0)
(2.56913 -0.311374 0)
(2.5827 -0.31356 0)
(2.59691 -0.316943 0)
(2.61379 -0.306576 0)
(2.62898 -0.308257 0)
(2.64484 -0.301979 0)
(2.64548 -0.308938 0)
(2.65122 -0.286912 0)
(2.63075 -0.225253 0)
(2.56844 -0.0935727 0)
(2.50109 0.0784793 0)
(2.39933 0.309903 0)
(2.38888 0.342136 0)
(2.36683 0.368214 0)
(2.36008 0.380474 0)
(2.35253 0.387448 0)
(2.3502 0.389259 0)
(2.35284 0.393031 0)
(2.35332 0.398537 0)
(2.35758 0.399302 0)
(2.367 0.400941 0)
(2.3793 0.405853 0)
(2.38758 0.413748 0)
(2.39275 0.420627 0)
(2.40172 0.423317 0)
(2.41231 0.42616 0)
(2.42226 0.428323 0)
(2.43175 0.431685 0)
(2.44072 0.43797 0)
(2.44556 0.446408 0)
(2.44415 0.449335 0)
(2.44235 0.444079 0)
(2.44811 0.443773 0)
(2.45643 0.445825 0)
(2.46555 0.450549 0)
(2.46905 0.443856 0)
(2.46119 0.413009 0)
(2.42988 0.341256 0)
(2.36019 0.210197 0)
(2.3013 0.0806628 0)
(2.26287 -0.0536874 0)
(2.991 0.0263658 0)
(2.80118 0.413771 0)
(1.94385 0.989569 0)
(1.8102 0.919594 0)
(1.51675 0.573193 0)
(1.44692 0.35529 0)
(1.49245 0.2791 0)
(1.52814 0.248252 0)
(1.55754 0.227917 0)
(1.60275 0.204051 0)
(1.63749 0.177633 0)
(1.6657 0.147347 0)
(1.68299 0.11567 0)
(1.69616 0.0803423 0)
(1.72552 0.0497609 0)
(1.75582 0.0217064 0)
(1.78375 -0.00691795 0)
(1.80846 -0.0402976 0)
(1.83372 -0.0686444 0)
(1.86354 -0.0870492 0)
(1.89746 -0.10382 0)
(1.93151 -0.121336 0)
(1.96333 -0.136492 0)
(1.99121 -0.148913 0)
(2.01407 -0.159988 0)
(2.03447 -0.170529 0)
(2.05748 -0.181249 0)
(2.08449 -0.191518 0)
(2.11383 -0.202543 0)
(2.14371 -0.213308 0)
(2.17178 -0.220825 0)
(2.1947 -0.2267 0)
(2.21054 -0.232441 0)
(2.22516 -0.237364 0)
(2.23872 -0.243191 0)
(2.25401 -0.23976 0)
(2.27013 -0.237281 0)
(2.28649 -0.240513 0)
(2.30893 -0.250783 0)
(2.33166 -0.256039 0)
(2.35267 -0.258585 0)
(2.36735 -0.265535 0)
(2.38056 -0.269871 0)
(2.39555 -0.277008 0)
(2.41244 -0.278569 0)
(2.4289 -0.280651 0)
(2.44429 -0.282303 0)
(2.45918 -0.281767 0)
(2.47376 -0.284328 0)
(2.49026 -0.280308 0)
(2.50648 -0.278677 0)
(2.52413 -0.273026 0)
(2.54262 -0.276157 0)
(2.56182 -0.274556 0)
(2.57836 -0.269032 0)
(2.58769 -0.268892 0)
(2.59843 -0.269819 0)
(2.61163 -0.272072 0)
(2.62539 -0.262514 0)
(2.63781 -0.263817 0)
(2.65131 -0.261244 0)
(2.66954 -0.26558 0)
(2.67248 -0.26538 0)
(2.67174 -0.252648 0)
(2.66618 -0.227193 0)
(2.64324 -0.162895 0)
(2.56186 0.00838246 0)
(2.52133 0.158449 0)
(2.4261 0.348309 0)
(2.3878 0.437 0)
(2.3689 0.423391 0)
(2.37075 0.415615 0)
(2.37096 0.420935 0)
(2.37231 0.425067 0)
(2.37905 0.423781 0)
(2.38651 0.424898 0)
(2.39152 0.42722 0)
(2.3948 0.429314 0)
(2.39968 0.432611 0)
(2.41113 0.440297 0)
(2.42185 0.446298 0)
(2.4314 0.450531 0)
(2.44163 0.453873 0)
(2.4496 0.455346 0)
(2.44621 0.461413 0)
(2.44074 0.467161 0)
(2.44702 0.466586 0)
(2.45143 0.465385 0)
(2.45584 0.457873 0)
(2.44697 0.425355 0)
(2.41906 0.344776 0)
(2.3585 0.202166 0)
(2.30776 0.0950685 0)
(2.28112 0.0352105 0)
(2.24727 -0.0354156 0)
(2.2525 -0.0681673 0)
(2.9998 0.000627538 0)
(3.01732 0.037204 0)
(2.47377 0.612401 0)
(1.57171 0.452748 0)
(1.28872 0.305463 0)
(1.36601 0.250305 0)
(1.45377 0.229616 0)
(1.51355 0.225205 0)
(1.55639 0.225901 0)
(1.58797 0.216872 0)
(1.61695 0.195773 0)
(1.64514 0.166528 0)
(1.66293 0.138787 0)
(1.67844 0.106373 0)
(1.70829 0.0747467 0)
(1.73983 0.0471001 0)
(1.76896 0.0211125 0)
(1.79539 -0.0103089 0)
(1.82263 -0.0382304 0)
(1.85322 -0.0558897 0)
(1.88666 -0.0705026 0)
(1.92022 -0.0862048 0)
(1.95202 -0.100364 0)
(1.98107 -0.112242 0)
(2.00643 -0.124366 0)
(2.02927 -0.136462 0)
(2.05337 -0.147006 0)
(2.08048 -0.154965 0)
(2.10951 -0.161869 0)
(2.13783 -0.169341 0)
(2.16509 -0.17691 0)
(2.19119 -0.184773 0)
(2.21108 -0.189 0)
(2.21494 -0.189117 0)
(2.22968 -0.193817 0)
(2.25361 -0.198114 0)
(2.27859 -0.201054 0)
(2.30247 -0.197593 0)
(2.32101 -0.196058 0)
(2.33221 -0.203952 0)
(2.34377 -0.211913 0)
(2.35801 -0.222369 0)
(2.37407 -0.228291 0)
(2.39081 -0.235454 0)
(2.40865 -0.236801 0)
(2.42675 -0.237941 0)
(2.44453 -0.238069 0)
(2.46081 -0.236494 0)
(2.47517 -0.238601 0)
(2.48999 -0.235271 0)
(2.50428 -0.234806 0)
(2.51875 -0.23184 0)
(2.53242 -0.236949 0)
(2.54664 -0.237512 0)
(2.56148 -0.229934 0)
(2.5746 -0.226923 0)
(2.58674 -0.226185 0)
(2.59881 -0.229112 0)
(2.61338 -0.224081 0)
(2.62682 -0.225741 0)
(2.63586 -0.221501 0)
(2.64287 -0.224258 0)
(2.65089 -0.226152 0)
(2.66122 -0.224544 0)
(2.67407 -0.212509 0)
(2.68724 -0.197091 0)
(2.68013 -0.171499 0)
(2.65088 -0.0833118 0)
(2.56744 0.0985572 0)
(2.50268 0.262864 0)
(2.46472 0.359922 0)
(2.39687 0.450512 0)
(2.37455 0.476539 0)
(2.3777 0.466234 0)
(2.38771 0.459492 0)
(2.39521 0.461524 0)
(2.39988 0.461892 0)
(2.40832 0.465418 0)
(2.41755 0.473119 0)
(2.42384 0.476482 0)
(2.43025 0.476825 0)
(2.43915 0.474961 0)
(2.44784 0.471552 0)
(2.45056 0.473103 0)
(2.44788 0.481741 0)
(2.4462 0.483508 0)
(2.44635 0.475951 0)
(2.43454 0.44106 0)
(2.40521 0.358619 0)
(2.34561 0.212609 0)
(2.29579 0.0836022 0)
(2.27349 0.00501596 0)
(2.24277 -0.0526927 0)
(2.23257 -0.0838824 0)
(2.23679 -0.0939961 0)
(2.25379 -0.0845534 0)
(3 7.09749e-07 0)
(3.00041 0.00291919 0)
(2.36779 -0.0843256 0)
(1.09464 0.00476967 0)
(1.04804 0.14887 0)
(1.23547 0.217813 0)
(1.34583 0.247938 0)
(1.42205 0.251796 0)
(1.47963 0.239607 0)
(1.52299 0.223729 0)
(1.56284 0.2013 0)
(1.60036 0.167104 0)
(1.62426 0.14261 0)
(1.64654 0.115304 0)
(1.6798 0.0857009 0)
(1.71411 0.0576471 0)
(1.74553 0.0314596 0)
(1.77441 0.0027952 0)
(1.80331 -0.0197286 0)
(1.83548 -0.0307726 0)
(1.86951 -0.0388785 0)
(1.90298 -0.0501544 0)
(1.93486 -0.0622493 0)
(1.96509 -0.0722594 0)
(1.99211 -0.0820663 0)
(2.01606 -0.0917832 0)
(2.04048 -0.0997452 0)
(2.06729 -0.105003 0)
(2.09512 -0.109088 0)
(2.12193 -0.114173 0)
(2.14547 -0.121344 0)
(2.16546 -0.132578 0)
(2.18553 -0.144256 0)
(2.21115 -0.150296 0)
(2.23888 -0.146051 0)
(2.25651 -0.145744 0)
(2.26953 -0.150125 0)
(2.28577 -0.15233 0)
(2.30579 -0.15773 0)
(2.32932 -0.16267 0)
(2.35318 -0.167305 0)
(2.3761 -0.175709 0)
(2.3966 -0.180523 0)
(2.41482 -0.185953 0)
(2.4323 -0.186866 0)
(2.44971 -0.189444 0)
(2.46739 -0.191935 0)
(2.48579 -0.191075 0)
(2.50329 -0.191088 0)
(2.51832 -0.186356 0)
(2.52971 -0.185273 0)
(2.53944 -0.181191 0)
(2.54866 -0.18256 0)
(2.55856 -0.18293 0)
(2.57049 -0.180593 0)
(2.5841 -0.183726 0)
(2.59941 -0.182681 0)
(2.61348 -0.182978 0)
(2.62407 -0.182734 0)
(2.63078 -0.186282 0)
(2.63634 -0.17754 0)
(2.64143 -0.17066 0)
(2.65471 -0.174593 0)
(2.66865 -0.177065 0)
(2.68554 -0.1723 0)
(2.70467 -0.156144 0)
(2.70761 -0.166854 0)
(2.71441 -0.152773 0)
(2.69756 -0.114121 0)
(2.65363 -0.0060763 0)
(2.5916 0.147347 0)
(2.4729 0.340178 0)
(2.44563 0.384604 0)
(2.43292 0.44026 0)
(2.41433 0.491884 0)
(2.40325 0.50028 0)
(2.40471 0.498906 0)
(2.41433 0.498806 0)
(2.42068 0.501359 0)
(2.42371 0.507092 0)
(2.43013 0.506649 0)
(2.44262 0.502064 0)
(2.44745 0.496832 0)
(2.44942 0.491842 0)
(2.44532 0.476221 0)
(2.4324 0.439622 0)
(2.40389 0.362983 0)
(2.33297 0.220547 0)
(2.29809 0.12193 0)
(2.2799 0.0423615 0)
(2.24808 -0.0364132 0)
(2.24471 -0.0509396 0)
(2.24615 -0.0507151 0)
(2.25695 -0.0572847 0)
(2.26411 -0.0676609 0)
(2.27774 -0.0564494 0)
(3 8.64749e-10 0)
(3.00001 3.2723e-05 0)
(1.89502 -0.185565 0)
(0.757786 -0.0383084 0)
(0.762153 0.104888 0)
(0.932201 0.182261 0)
(1.06842 0.197558 0)
(1.18445 0.19122 0)
(1.28088 0.177633 0)
(1.35894 0.170397 0)
(1.42538 0.167075 0)
(1.48233 0.158964 0)
(1.52203 0.140692 0)
(1.55711 0.118067 0)
(1.59847 0.0926427 0)
(1.63998 0.0651796 0)
(1.67584 0.0437139 0)
(1.70655 0.0221697 0)
(1.73567 -0.00468542 0)
(1.7687 -0.0256954 0)
(1.80304 -0.0365692 0)
(1.83656 -0.0462967 0)
(1.86885 -0.0569936 0)
(1.90034 -0.0652719 0)
(1.92952 -0.071895 0)
(1.95578 -0.0793026 0)
(1.98186 -0.0865399 0)
(2.00985 -0.0914578 0)
(2.03914 -0.0949869 0)
(2.06781 -0.0981855 0)
(2.09444 -0.100568 0)
(2.11971 -0.102546 0)
(2.14647 -0.10402 0)
(2.17582 -0.105888 0)
(2.2016 -0.107374 0)
(2.22429 -0.110396 0)
(2.24503 -0.11476 0)
(2.26676 -0.119279 0)
(2.29034 -0.127071 0)
(2.31394 -0.132703 0)
(2.3371 -0.135075 0)
(2.35915 -0.138723 0)
(2.37949 -0.140075 0)
(2.39829 -0.143983 0)
(2.41583 -0.145084 0)
(2.43213 -0.147505 0)
(2.44749 -0.149953 0)
(2.46232 -0.150207 0)
(2.47633 -0.150836 0)
(2.4909 -0.14524 0)
(2.50532 -0.142124 0)
(2.51954 -0.137974 0)
(2.53188 -0.139102 0)
(2.54119 -0.141104 0)
(2.55087 -0.138554 0)
(2.56236 -0.142783 0)
(2.57432 -0.144154 0)
(2.58618 -0.143562 0)
(2.6028 -0.138439 0)
(2.62364 -0.14031 0)
(2.64175 -0.139427 0)
(2.65502 -0.131574 0)
(2.65906 -0.127858 0)
(2.65783 -0.131373 0)
(2.66402 -0.13312 0)
(2.67729 -0.126549 0)
(2.69169 -0.136675 0)
(2.71317 -0.128858 0)
(2.72474 -0.129885 0)
(2.71665 -0.106118 0)
(2.69812 -0.0493775 0)
(2.63178 0.071607 0)
(2.56637 0.217584 0)
(2.45701 0.44549 0)
(2.44076 0.477319 0)
(2.43833 0.488496 0)
(2.43541 0.50492 0)
(2.43118 0.521862 0)
(2.42765 0.532517 0)
(2.42505 0.532824 0)
(2.43283 0.526157 0)
(2.43562 0.517106 0)
(2.43833 0.498377 0)
(2.42454 0.441831 0)
(2.40363 0.347146 0)
(2.35407 0.193278 0)
(2.32541 0.115309 0)
(2.25647 0.0241882 0)
(2.23751 -0.015508 0)
(2.23626 -0.0476384 0)
(2.24185 -0.0676309 0)
(2.24698 -0.0639041 0)
(2.25787 -0.0528501 0)
(2.27442 -0.0434539 0)
(2.28595 -0.0345615 0)
(2.30101 -0.0304499 0)
(3 6.43561e-14 0)
(3 1.75545e-07 0)
(1.70369 -0.0722134 0)
(0.718306 -0.0433532 0)
(0.687666 0.00635974 0)
(0.753109 0.0403476 0)
(0.836379 0.0695409 0)
(0.932858 0.0936464 0)
(1.028 0.113064 0)
(1.11859 0.131541 0)
(1.20429 0.144931 0)
(1.28082 0.148093 0)
(1.34328 0.136292 0)
(1.39824 0.119063 0)
(1.45488 0.0996 0)
(1.50804 0.0779141 0)
(1.55051 0.0586096 0)
(1.58641 0.0366747 0)
(1.62255 0.0177168 0)
(1.66467 0.00480016 0)
(1.70542 0.00140381 0)
(1.74488 -1.08972e-05 0)
(1.7822 -0.0062106 0)
(1.81635 -0.0163475 0)
(1.84834 -0.0272989 0)
(1.87972 -0.0377181 0)
(1.91165 -0.0469378 0)
(1.9443 -0.053749 0)
(1.97721 -0.0578994 0)
(2.0095 -0.0599995 0)
(2.04057 -0.0611262 0)
(2.07076 -0.062633 0)
(2.10078 -0.0643528 0)
(2.13072 -0.066567 0)
(2.15996 -0.0702901 0)
(2.18813 -0.0754865 0)
(2.2156 -0.0804556 0)
(2.24296 -0.0831902 0)
(2.26989 -0.0867776 0)
(2.29453 -0.0896866 0)
(2.31647 -0.092255 0)
(2.33649 -0.0976475 0)
(2.35507 -0.101964 0)
(2.37304 -0.107411 0)
(2.39003 -0.108708 0)
(2.40548 -0.10909 0)
(2.41987 -0.107526 0)
(2.43416 -0.103461 0)
(2.44885 -0.101101 0)
(2.46378 -0.0972925 0)
(2.47887 -0.098281 0)
(2.49318 -0.100214 0)
(2.50539 -0.105642 0)
(2.51377 -0.109737 0)
(2.52298 -0.105633 0)
(2.53631 -0.103263 0)
(2.5538 -0.0987405 0)
(2.57308 -0.0966794 0)
(2.5915 -0.0958667 0)
(2.60752 -0.0986655 0)
(2.62158 -0.096325 0)
(2.63017 -0.0934711 0)
(2.63197 -0.0992128 0)
(2.63317 -0.101165 0)
(2.64459 -0.097583 0)
(2.66253 -0.0916062 0)
(2.68454 -0.0966058 0)
(2.70261 -0.0997496 0)
(2.71637 -0.0953994 0)
(2.71877 -0.0923715 0)
(2.71543 -0.0808486 0)
(2.70543 -0.0496461 0)
(2.68032 0.012126 0)
(2.60003 0.170982 0)
(2.54695 0.309982 0)
(2.47606 0.470619 0)
(2.43882 0.570125 0)
(2.43196 0.564691 0)
(2.43285 0.555013 0)
(2.43002 0.534289 0)
(2.42427 0.508827 0)
(2.40829 0.455015 0)
(2.38453 0.36619 0)
(2.35411 0.230135 0)
(2.33414 0.122824 0)
(2.30526 0.0383003 0)
(2.25324 -0.000747779 0)
(2.23079 -0.0171381 0)
(2.2224 -0.0266877 0)
(2.22752 -0.0362031 0)
(2.23891 -0.0395226 0)
(2.25302 -0.0367222 0)
(2.26986 -0.0326192 0)
(2.28421 -0.0235343 0)
(2.28979 -0.0122327 0)
(2.30177 -0.0151112 0)
(3 2.01589e-15 0)
(3 2.51363e-10 0)
(1.73225 -0.00319951 0)
(0.750424 -0.0248111 0)
(0.695519 -0.00606466 0)
(0.709055 0.00613472 0)
(0.734555 0.0273887 0)
(0.78353 0.0430106 0)
(0.844494 0.057543 0)
(0.916629 0.0712787 0)
(0.995465 0.0808735 0)
(1.07538 0.0838881 0)
(1.15251 0.081811 0)
(1.22824 0.0787292 0)
(1.30199 0.0664676 0)
(1.36359 0.0414079 0)
(1.41562 0.0156144 0)
(1.46451 -0.00142184 0)
(1.51413 -0.00792914 0)
(1.56596 -0.00936546 0)
(1.61603 -0.00833148 0)
(1.65971 -0.00837206 0)
(1.70133 -0.0149151 0)
(1.73839 -0.027662 0)
(1.774 -0.0365364 0)
(1.81147 -0.0395145 0)
(1.85013 -0.0399072 0)
(1.88906 -0.0383491 0)
(1.92707 -0.0359245 0)
(1.96256 -0.0344336 0)
(1.99508 -0.0352264 0)
(2.02608 -0.0385727 0)
(2.05719 -0.0428003 0)
(2.08911 -0.046333 0)
(2.12168 -0.0487909 0)
(2.15436 -0.0502889 0)
(2.1865 -0.0507432 0)
(2.21725 -0.050321 0)
(2.24562 -0.051791 0)
(2.26978 -0.0545908 0)
(2.29041 -0.0581499 0)
(2.30934 -0.0635114 0)
(2.32755 -0.0672856 0)
(2.346 -0.0702409 0)
(2.3649 -0.0687433 0)
(2.38393 -0.0655644 0)
(2.40164 -0.0616381 0)
(2.41666 -0.0579581 0)
(2.42948 -0.0574395 0)
(2.44193 -0.0571973 0)
(2.45608 -0.0602548 0)
(2.47056 -0.0633579 0)
(2.48357 -0.0673174 0)
(2.49461 -0.0680468 0)
(2.50823 -0.0621433 0)
(2.52719 -0.0582712 0)
(2.54763 -0.0543153 0)
(2.56612 -0.0531737 0)
(2.58306 -0.0523853 0)
(2.59825 -0.0526656 0)
(2.60888 -0.0518395 0)
(2.61404 -0.0542626 0)
(2.61469 -0.0620198 0)
(2.62044 -0.0620325 0)
(2.63679 -0.0589952 0)
(2.65694 -0.0561738 0)
(2.6785 -0.0596816 0)
(2.69619 -0.0605968 0)
(2.70938 -0.0551595 0)
(2.72072 -0.0493388 0)
(2.72118 -0.0497828 0)
(2.714 -0.0444395 0)
(2.72079 -0.0335902 0)
(2.71113 -0.00341403 0)
(2.67742 0.0880785 0)
(2.58649 0.277892 0)
(2.57321 0.39344 0)
(2.49516 0.517381 0)
(2.4382 0.522156 0)
(2.36505 0.452323 0)
(2.29471 0.330877 0)
(2.25853 0.193942 0)
(2.21702 0.0574041 0)
(2.18614 -0.0343568 0)
(2.17602 -0.0841263 0)
(2.17172 -0.0725781 0)
(2.17857 -0.0475286 0)
(2.18981 -0.041589 0)
(2.19959 -0.0315572 0)
(2.21318 -0.0202108 0)
(2.22823 -0.00833972 0)
(2.24721 -0.00466293 0)
(2.26449 -0.00540321 0)
(2.2781 -0.00244889 0)
(2.28729 0.00312251 0)
(2.29849 -0.000988818 0)
(3 7.68818e-16 0)
(3 1.10643e-13 0)
(1.78462 0.000554538 0)
(0.784694 -0.0101584 0)
(0.709599 -0.0149082 0)
(0.710185 -0.0072391 0)
(0.718444 0.00111096 0)
(0.740468 0.00762228 0)
(0.773659 0.0174129 0)
(0.822258 0.0290217 0)
(0.884249 0.0405345 0)
(0.957339 0.0496863 0)
(1.03863 0.0552824 0)
(1.12469 0.0558885 0)
(1.20871 0.0506752 0)
(1.28285 0.040694 0)
(1.34751 0.0300072 0)
(1.40908 0.0217948 0)
(1.47012 0.016482 0)
(1.53001 0.0101046 0)
(1.57956 0.00480508 0)
(1.62448 0.00175361 0)
(1.66414 -0.00380645 0)
(1.70204 -0.00780618 0)
(1.74309 -0.00890104 0)
(1.78481 -0.0091971 0)
(1.82647 -0.00974238 0)
(1.86675 -0.010992 0)
(1.90433 -0.0124959 0)
(1.93841 -0.0135774 0)
(1.96974 -0.0142065 0)
(2.00089 -0.0146873 0)
(2.03368 -0.0149608 0)
(2.06805 -0.0150884 0)
(2.10311 -0.0152243 0)
(2.13777 -0.015491 0)
(2.17092 -0.0158773 0)
(2.20173 -0.0164099 0)
(2.22946 -0.0176296 0)
(2.25304 -0.0187772 0)
(2.27413 -0.0196505 0)
(2.2948 -0.0208038 0)
(2.3155 -0.0213111 0)
(2.33648 -0.0216129 0)
(2.35667 -0.0208631 0)
(2.37563 -0.0203137 0)
(2.39158 -0.0200364 0)
(2.40447 -0.0198844 0)
(2.41655 -0.0202258 0)
(2.43029 -0.0198117 0)
(2.44678 -0.0203979 0)
(2.46416 -0.0209261 0)
(2.48114 -0.0220319 0)
(2.49644 -0.0225364 0)
(2.50939 -0.0200424 0)
(2.52162 -0.0182523 0)
(2.53598 -0.0174988 0)
(2.5533 -0.0177223 0)
(2.57106 -0.0179064 0)
(2.58689 -0.0187203 0)
(2.59833 -0.0189239 0)
(2.60566 -0.0198986 0)
(2.61384 -0.0218754 0)
(2.62805 -0.0217168 0)
(2.64508 -0.0205446 0)
(2.6632 -0.0191923 0)
(2.68178 -0.0202415 0)
(2.69702 -0.0193884 0)
(2.70846 -0.0177449 0)
(2.71625 -0.0157421 0)
(2.71761 -0.0159125 0)
(2.70812 -0.0194347 0)
(2.71752 -0.020378 0)
(2.73388 -0.0204771 0)
(2.73687 -0.0126024 0)
(2.71006 0.0257607 0)
(2.62519 0.132814 0)
(2.50797 0.201957 0)
(2.39096 0.288354 0)
(2.30468 0.275114 0)
(2.23141 0.228426 0)
(2.16775 0.21112 0)
(2.14483 0.157066 0)
(2.12776 0.0794561 0)
(2.13717 0.0184341 0)
(2.14853 -0.00489771 0)
(2.17547 -0.010357 0)
(2.18956 -0.014853 0)
(2.18628 -0.0177072 0)
(2.20033 -0.0160339 0)
(2.21783 -0.0125611 0)
(2.24003 -0.0123493 0)
(2.25694 -0.0108651 0)
(2.26815 -0.00535963 0)
(2.27971 -0.00244582 0)
(2.29021 -0.00570392 0)
)
;

boundaryField
{
    inlet
    {
        type            fixedValue;
        value           uniform (3 0 0);
    }
    outlet
    {
        type            inletOutlet;
        inletValue      uniform (3 0 0);
        value           nonuniform List<vector> 
32
(
(2.23334 0.00993914 0)
(2.24341 0.0192245 0)
(2.26011 0.0250064 0)
(2.27377 0.0435299 0)
(2.29001 0.0606796 0)
(2.30501 0.0789642 0)
(2.31637 0.0949064 0)
(2.32033 0.108678 0)
(2.32609 0.124225 0)
(2.33584 0.143201 0)
(2.35306 0.159372 0)
(2.36635 0.18645 0)
(2.3825 0.209885 0)
(2.404 0.223114 0)
(2.418 0.2386 0)
(2.41705 0.252846 0)
(2.41668 0.26986 0)
(2.42306 0.293408 0)
(2.42789 0.325816 0)
(2.44995 0.347464 0)
(2.4716 0.370352 0)
(2.48214 0.387021 0)
(2.45473 0.32715 0)
(2.35623 0.129437 0)
(2.26287 -0.0536874 0)
(2.2525 -0.0681673 0)
(2.25379 -0.0845534 0)
(2.27774 -0.0564494 0)
(2.30101 -0.0304499 0)
(2.30177 -0.0151112 0)
(2.29849 -0.000988818 0)
(2.29021 -0.00570392 0)
)
;
    }
    bottom
    {
        type            symmetryPlane;
    }
    top
    {
        type            symmetryPlane;
    }
    obstacle
    {
        type            slip;
    }
    defaultFaces
    {
        type            empty;
    }
}


// ************************************************************************* //
