/*--------------------------------*- C++ -*----------------------------------*\
  =========                 |
  \\      /  F ield         | OpenFOAM: The Open Source CFD Toolbox
   \\    /   O peration     | Website:  https://openfoam.org
    \\  /    A nd           | Version:  7
     \\/     M anipulation  |
\*---------------------------------------------------------------------------*/
FoamFile
{
    version     2.0;
    format      ascii;
    class       volVectorField;
    location    "2";
    object      U;
}
// * * * * * * * * * * * * * * * * * * * * * * * * * * * * * * * * * * * * * //

dimensions      [0 1 -1 0 0 0 0];

internalField   nonuniform List<vector> 
4032
(
(3 -1.71442e-17 0)
(3 8.10999e-17 0)
(3 6.60596e-17 0)
(3 -4.41289e-17 0)
(3 -4.8232e-17 0)
(3 6.80658e-16 0)
(3 8.03308e-16 0)
(3 3.96718e-16 0)
(3 2.57293e-16 0)
(3 3.40864e-16 0)
(3 2.63487e-16 0)
(3 -3.19708e-16 0)
(1.33909 0.0154147 0)
(0.731124 0.0155308 0)
(0.667731 0.0228836 0)
(0.612998 0.0253315 0)
(0.55472 0.0267148 0)
(0.49587 0.0282313 0)
(0.434051 0.0303223 0)
(0.36778 0.0326076 0)
(0.296387 0.0350869 0)
(0.218807 0.0384211 0)
(0.135107 0.0406904 0)
(0.0496072 0.0446364 0)
(3 6.9479e-17 0)
(3 3.90095e-16 0)
(3 3.19305e-16 0)
(3 1.42739e-16 0)
(3 4.03706e-16 0)
(3 8.79368e-16 0)
(3 6.73391e-16 0)
(3 1.0638e-16 0)
(3 5.44392e-16 0)
(3 4.71505e-16 0)
(3 2.37725e-16 0)
(3 -1.11272e-15 0)
(1.36855 0.0725886 0)
(0.724234 0.0647877 0)
(0.65283 0.0710065 0)
(0.596305 0.0760418 0)
(0.536659 0.0789798 0)
(0.477174 0.0830388 0)
(0.415716 0.0892914 0)
(0.35115 0.096766 0)
(0.28283 0.105444 0)
(0.209392 0.11727 0)
(0.129288 0.12585 0)
(0.0476741 0.138046 0)
(3 -2.31851e-18 0)
(3 2.00546e-16 0)
(3 3.30406e-17 0)
(3 3.7986e-16 0)
(3 4.54612e-16 0)
(3 3.21092e-16 0)
(3 -3.39238e-16 0)
(3 3.64218e-16 0)
(3 1.07579e-15 0)
(3 1.01605e-15 0)
(3 8.08134e-16 0)
(3 4.07225e-16 0)
(1.46044 0.129284 0)
(0.736348 0.116349 0)
(0.656139 0.123497 0)
(0.596636 0.131154 0)
(0.533793 0.135506 0)
(0.471761 0.141408 0)
(0.408413 0.150297 0)
(0.342829 0.160809 0)
(0.274567 0.173169 0)
(0.203176 0.191925 0)
(0.124818 0.206312 0)
(0.0463586 0.225916 0)
(3 -9.27523e-17 0)
(3 -3.43185e-16 0)
(3 -4.22581e-16 0)
(3 -4.16139e-16 0)
(3 -1.42862e-16 0)
(3 1.50424e-17 0)
(3 1.33539e-16 0)
(3 6.39276e-16 0)
(3 6.05699e-16 0)
(3 6.76807e-16 0)
(3 9.72151e-16 0)
(3 1.57852e-15 0)
(1.6097 0.182044 0)
(0.756391 0.171804 0)
(0.667057 0.176937 0)
(0.608807 0.186886 0)
(0.546162 0.192628 0)
(0.484067 0.200798 0)
(0.419722 0.213171 0)
(0.351894 0.227782 0)
(0.280433 0.243829 0)
(0.207288 0.268832 0)
(0.126892 0.289227 0)
(0.0461795 0.314253 0)
(3 1.54417e-16 0)
(3 -5.36562e-17 0)
(3 2.2338e-16 0)
(3 -2.17661e-16 0)
(3 1.75723e-16 0)
(3 7.326e-17 0)
(3 1.25616e-16 0)
(3 2.74214e-16 0)
(3 2.79925e-16 0)
(3 1.454e-16 0)
(3 7.94813e-16 0)
(3 1.65932e-15 0)
(1.82672 0.226068 0)
(0.787042 0.230477 0)
(0.679612 0.228061 0)
(0.622464 0.241162 0)
(0.558673 0.249866 0)
(0.495292 0.26148 0)
(0.430364 0.278015 0)
(0.363908 0.297144 0)
(0.294384 0.316348 0)
(0.223706 0.347109 0)
(0.141092 0.376226 0)
(0.0537191 0.409786 0)
(3 -7.4081e-17 0)
(3 2.71142e-16 0)
(3 1.55076e-16 0)
(3 3.22101e-16 0)
(3 2.59573e-16 0)
(3 3.52838e-17 0)
(3 1.52332e-16 0)
(3 2.766e-16 0)
(3 2.77809e-16 0)
(3 3.0713e-16 0)
(3 9.87172e-16 0)
(3 -1.34084e-15 0)
(2.107 0.266295 0)
(0.821197 0.303055 0)
(0.682001 0.286372 0)
(0.631216 0.300541 0)
(0.573662 0.311893 0)
(0.514848 0.326157 0)
(0.453454 0.345241 0)
(0.389267 0.367631 0)
(0.31778 0.39259 0)
(0.241681 0.433821 0)
(0.154144 0.480131 0)
(0.0526782 0.522965 0)
(3 -4.97757e-17 0)
(3 -1.51388e-16 0)
(3 -1.69761e-16 0)
(3 6.24322e-16 0)
(3 7.49317e-16 0)
(3 1.15062e-15 0)
(3 5.27879e-16 0)
(3 2.3744e-16 0)
(3 1.87688e-16 0)
(3 3.01234e-16 0)
(3 2.29759e-16 0)
(3 -1.42634e-15 0)
(2.51215 0.286801 0)
(0.915234 0.386745 0)
(0.737109 0.335886 0)
(0.69057 0.346605 0)
(0.634109 0.364563 0)
(0.574507 0.385553 0)
(0.511998 0.410055 0)
(0.4457 0.440231 0)
(0.376373 0.47358 0)
(0.306169 0.522809 0)
(0.222154 0.584646 0)
(0.0990888 0.658438 0)
(3 1.07564e-16 0)
(3 2.6866e-16 0)
(3 4.83634e-16 0)
(3 6.68693e-16 0)
(3 9.80046e-16 0)
(3 5.54318e-16 0)
(3 1.7885e-16 0)
(3 1.14543e-16 0)
(3 3.73418e-16 0)
(3 3.11589e-17 0)
(3 -1.5211e-16 0)
(3 -6.6933e-16 0)
(2.98196 0.114659 0)
(1.09091 0.42294 0)
(0.821475 0.366053 0)
(0.772799 0.386163 0)
(0.715882 0.412424 0)
(0.658147 0.44051 0)
(0.5961 0.470704 0)
(0.533127 0.508825 0)
(0.465173 0.546884 0)
(0.392773 0.617776 0)
(0.274964 0.742642 0)
(0.151493 0.918736 0)
(3 -1.80487e-17 0)
(3 4.64699e-17 0)
(3 -2.69456e-17 0)
(3 -3.13366e-16 0)
(3 -3.81911e-16 0)
(3 -4.26708e-16 0)
(3 1.64017e-16 0)
(3 6.8717e-16 0)
(3 9.53623e-16 0)
(3 6.06631e-16 0)
(3 7.94318e-16 0)
(3 5.59174e-16 0)
(3.02783 0.0057483 0)
(1.27149 0.406625 0)
(0.844872 0.428299 0)
(0.79049 0.454384 0)
(0.73491 0.477034 0)
(0.690357 0.507079 0)
(0.644816 0.542113 0)
(0.603969 0.58616 0)
(0.551879 0.634246 0)
(0.505359 0.736476 0)
(0.472926 0.905528 0)
(0.584948 1.1873 0)
(3 -1.79382e-16 0)
(3 -7.2985e-16 0)
(3 -4.83614e-16 0)
(3 -2.45518e-16 0)
(3 -2.36765e-16 0)
(3 2.88591e-16 0)
(3 1.20144e-15 0)
(3 1.20668e-15 0)
(3 1.33692e-15 0)
(3 1.58377e-15 0)
(3 1.30768e-15 0)
(3 6.53466e-16 0)
(3.00059 -5.64705e-06 0)
(1.57386 0.441653 0)
(0.83915 0.474738 0)
(0.78296 0.49956 0)
(0.750057 0.523742 0)
(0.720904 0.550653 0)
(0.695891 0.586356 0)
(0.676742 0.63555 0)
(0.655144 0.700198 0)
(0.645345 0.811677 0)
(0.703348 0.952238 0)
(0.981079 1.12407 0)
(3 -2.19949e-16 0)
(3 -3.11326e-17 0)
(3 7.57405e-17 0)
(3 3.72896e-16 0)
(3 2.54459e-16 0)
(3 4.24881e-16 0)
(3 1.058e-15 0)
(3 1.40746e-15 0)
(3 1.66808e-15 0)
(3 1.942e-15 0)
(3 1.24516e-15 0)
(3 1.02142e-15 0)
(3 -5.20844e-08 0)
(2.1664 0.466736 0)
(0.921081 0.565207 0)
(0.819368 0.527458 0)
(0.800793 0.550852 0)
(0.774013 0.58082 0)
(0.757999 0.619391 0)
(0.749362 0.672008 0)
(0.75825 0.744612 0)
(0.783514 0.844139 0)
(0.895411 0.952897 0)
(1.19198 1.05201 0)
(3 -8.14269e-17 0)
(3 4.38998e-16 0)
(3 2.52266e-16 0)
(3 2.21367e-16 0)
(3 7.47749e-17 0)
(3 2.69708e-16 0)
(3 7.50337e-16 0)
(3 1.14032e-15 0)
(3 2.27466e-15 0)
(3 2.94557e-15 0)
(3 2.86614e-15 0)
(3 2.88909e-15 0)
(3 -3.77187e-08 0)
(2.95328 0.202502 0)
(1.14905 0.60012 0)
(0.915521 0.543505 0)
(0.88635 0.579586 0)
(0.854235 0.612464 0)
(0.831724 0.649178 0)
(0.824183 0.698566 0)
(0.846509 0.766257 0)
(0.900441 0.852834 0)
(1.03877 0.942319 0)
(1.29274 1.00194 0)
(3 7.24157e-17 0)
(3 -3.72827e-17 0)
(3 -1.4574e-17 0)
(3 -4.44984e-16 0)
(3 -1.26585e-16 0)
(3 9.30254e-17 0)
(3 1.02608e-15 0)
(3 8.56552e-16 0)
(3 1.68628e-15 0)
(3 2.76208e-15 0)
(3 3.25965e-15 0)
(3 2.90992e-15 0)
(3 -7.2064e-09 0)
(3.04808 0.00827845 0)
(1.43401 0.580014 0)
(0.952758 0.63286 0)
(0.901814 0.640727 0)
(0.883795 0.663645 0)
(0.877297 0.691155 0)
(0.88722 0.727679 0)
(0.920063 0.778222 0)
(0.989479 0.845657 0)
(1.12924 0.912266 0)
(1.33538 0.950318 0)
(3 2.03281e-16 0)
(3 -1.5894e-16 0)
(3 -1.22745e-16 0)
(3 -2.03427e-16 0)
(3 3.19934e-16 0)
(3 7.17677e-16 0)
(3 1.25742e-15 0)
(3 1.66754e-15 0)
(3 1.2696e-15 0)
(3 1.41881e-15 0)
(3 2.05334e-15 0)
(3 1.9622e-15 0)
(3 -6.67443e-10 0)
(3.00114 1.14919e-06 0)
(2.05784 0.57307 0)
(1.02834 0.710954 0)
(0.952328 0.677805 0)
(0.937359 0.682692 0)
(0.93499 0.703025 0)
(0.952043 0.736233 0)
(0.99043 0.780612 0)
(1.06462 0.835611 0)
(1.19163 0.885072 0)
(1.36092 0.911169 0)
(3 9.25739e-17 0)
(3 2.71067e-16 0)
(3 2.09657e-16 0)
(3 6.07857e-16 0)
(3 6.06729e-16 0)
(3 7.61719e-16 0)
(3 6.45373e-16 0)
(3 8.66906e-16 0)
(3 8.22942e-16 0)
(3 3.40169e-16 0)
(3 8.21475e-16 0)
(3 1.39023e-15 0)
(3 -8.21178e-12 0)
(3.00002 -7.59851e-06 0)
(2.99773 0.18257 0)
(1.28085 0.689089 0)
(1.04362 0.697736 0)
(1.0301 0.698059 0)
(1.02061 0.723748 0)
(1.02809 0.752026 0)
(1.06068 0.789915 0)
(1.12871 0.829273 0)
(1.23559 0.861816 0)
(1.37366 0.876325 0)
(3 -3.03983e-16 0)
(3 -3.4271e-16 0)
(3 -1.7893e-16 0)
(3 -1.41481e-16 0)
(3 -4.13669e-16 0)
(3 -7.03076e-16 0)
(3 -7.56395e-16 0)
(3 -3.88556e-16 0)
(3 2.11866e-16 0)
(3 4.30149e-16 0)
(3 2.90317e-16 0)
(3 1.27002e-15 0)
(3 -1.79901e-14 0)
(3 -2.18465e-06 0)
(3.03434 0.00386561 0)
(1.58375 0.654676 0)
(1.06907 0.752849 0)
(1.0582 0.754814 0)
(1.06452 0.772234 0)
(1.0847 0.786809 0)
(1.11878 0.804642 0)
(1.18228 0.827517 0)
(1.2731 0.846929 0)
(1.38719 0.855747 0)
(3 4.31323e-18 0)
(3 5.66353e-17 0)
(3 3.28821e-18 0)
(3 -2.87024e-16 0)
(3 -1.00827e-15 0)
(3 -1.13622e-15 0)
(3 -4.04284e-16 0)
(3 -9.4704e-17 0)
(3 -4.99742e-16 0)
(3 -4.77071e-16 0)
(3 -7.34626e-16 0)
(3 -1.71558e-16 0)
(3 -7.40803e-16 0)
(3 -1.8956e-07 0)
(3.00053 1.4449e-05 0)
(2.43044 0.493376 0)
(1.18471 0.784092 0)
(1.09308 0.782728 0)
(1.11461 0.788513 0)
(1.13759 0.80077 0)
(1.17219 0.815336 0)
(1.22905 0.829341 0)
(1.30865 0.840457 0)
(1.40395 0.844381 0)
(3 1.26139e-16 0)
(3 1.50609e-16 0)
(3 5.35146e-16 0)
(3 3.68712e-16 0)
(3 5.82775e-16 0)
(3 9.25049e-16 0)
(3 9.10731e-16 0)
(3 -3.68223e-16 0)
(3 -1.51062e-15 0)
(3 -1.78426e-15 0)
(3 -1.40982e-15 0)
(3 -1.64278e-15 0)
(3 -1.54156e-15 0)
(3 -1.40722e-09 0)
(3.00003 -1.05371e-05 0)
(3.06301 0.0650448 0)
(1.53642 0.766877 0)
(1.15352 0.790271 0)
(1.17752 0.798603 0)
(1.19234 0.813939 0)
(1.22668 0.823796 0)
(1.27575 0.833231 0)
(1.34414 0.839205 0)
(1.42322 0.840246 0)
(3 -1.40033e-17 0)
(3 -3.44309e-17 0)
(3 4.07743e-16 0)
(3 6.41418e-16 0)
(3 1.49478e-15 0)
(3 1.77242e-15 0)
(3 5.99162e-16 0)
(3 2.87188e-17 0)
(3 1.2855e-16 0)
(3 -9.84795e-16 0)
(3 -9.68175e-16 0)
(3 -1.09681e-15 0)
(3 -1.18423e-15 0)
(3 -2.65467e-12 0)
(3 -2.52847e-06 0)
(3.00715 0.00109656 0)
(2.26032 0.636612 0)
(1.23735 0.855457 0)
(1.2051 0.840792 0)
(1.23408 0.840097 0)
(1.26817 0.843842 0)
(1.31711 0.846756 0)
(1.37646 0.847517 0)
(1.44483 0.843444 0)
(3 3.07443e-17 0)
(3 -1.0031e-16 0)
(3 -3.9928e-16 0)
(3 -1.15188e-16 0)
(3 -1.83556e-16 0)
(3 -1.5967e-16 0)
(3 4.20623e-16 0)
(3 9.43024e-16 0)
(3 1.09753e-15 0)
(3 2.65354e-16 0)
(3 -5.59021e-16 0)
(3 -8.73183e-16 0)
(3 -7.44437e-16 0)
(3 -1.0055e-15 0)
(3 -2.2387e-07 0)
(3.00002 5.57061e-06 0)
(3.03618 0.123166 0)
(1.60188 0.8313 0)
(1.25289 0.834815 0)
(1.28651 0.838387 0)
(1.31489 0.84445 0)
(1.36006 0.84734 0)
(1.41154 0.84836 0)
(1.47282 0.843454 0)
(3 -1.76105e-16 0)
(3 -1.6265e-16 0)
(3 -1.99607e-16 0)
(3 -1.95549e-16 0)
(3 -8.96424e-16 0)
(3 -1.10688e-15 0)
(3 -3.60175e-16 0)
(3 9.12029e-16 0)
(3 1.18958e-15 0)
(3 1.29224e-15 0)
(3 3.1954e-16 0)
(3 -6.68486e-16 0)
(3 -4.83953e-16 0)
(3 5.60685e-16 0)
(3 -2.39182e-09 0)
(3 -1.73566e-07 0)
(3.01098 0.00352395 0)
(2.34499 0.649495 0)
(1.33763 0.891709 0)
(1.30597 0.878789 0)
(1.34289 0.872614 0)
(1.3833 0.870941 0)
(1.43109 0.868154 0)
(1.48774 0.860807 0)
(3 -2.53985e-17 0)
(3 -7.7055e-17 0)
(3 4.61056e-17 0)
(3 -7.69482e-16 0)
(3 -1.04071e-15 0)
(3 -1.33816e-15 0)
(3 -1.22037e-15 0)
(3 -9.02549e-16 0)
(3 1.89598e-16 0)
(3 4.0262e-16 0)
(3 2.85958e-17 0)
(3 -2.14966e-16 0)
(3 -3.13291e-16 0)
(3 2.36969e-16 0)
(3 -4.73396e-12 0)
(3 -3.73088e-08 0)
(3.00005 3.9459e-05 0)
(3.03176 0.110899 0)
(1.73728 0.844844 0)
(1.34236 0.882133 0)
(1.38549 0.876826 0)
(1.41715 0.873898 0)
(1.45981 0.868578 0)
(1.5104 0.861147 0)
(3 3.3829e-17 0)
(3 2.92064e-16 0)
(3 -4.84637e-16 0)
(3 -1.20187e-15 0)
(3 -8.42372e-16 0)
(3 -1.0314e-15 0)
(3 -1.39715e-15 0)
(3 -1.30651e-15 0)
(3 -8.82398e-16 0)
(3 -3.17027e-16 0)
(3 6.21041e-16 0)
(3 7.06694e-16 0)
(3 1.66316e-16 0)
(3 -1.38698e-16 0)
(3 -2.77995e-15 0)
(3 -2.95916e-09 0)
(3 1.88121e-08 0)
(3.00654 0.00434913 0)
(2.59645 0.548038 0)
(1.47832 0.937388 0)
(1.40879 0.90849 0)
(1.44429 0.899311 0)
(1.48007 0.890735 0)
(1.52343 0.880855 0)
(3 5.7083e-17 0)
(3 7.99542e-17 0)
(3 -3.61634e-16 0)
(3 -2.02522e-16 0)
(3 -2.21266e-16 0)
(3 -5.98491e-16 0)
(3 -7.21198e-16 0)
(3 -6.3688e-16 0)
(3 -9.73017e-16 0)
(3 -3.8914e-16 0)
(3 1.39608e-16 0)
(3 2.19966e-16 0)
(3 1.32561e-15 0)
(3 -1.7794e-16 0)
(3 -2.24438e-15 0)
(3 -9.0437e-11 0)
(3 -8.68702e-11 0)
(3.00002 4.26483e-05 0)
(3.03693 0.0571622 0)
(1.98821 0.808751 0)
(1.46215 0.922518 0)
(1.4859 0.911778 0)
(1.51457 0.89946 0)
(1.55023 0.887139 0)
(3 -1.57317e-16 0)
(3 -3.01114e-16 0)
(3 -7.66811e-17 0)
(3 1.2153e-16 0)
(3 2.65696e-16 0)
(3 6.08398e-16 0)
(3 7.65017e-16 0)
(3 -1.56477e-17 0)
(3 -7.12183e-16 0)
(3 -7.72993e-16 0)
(3 1.60727e-16 0)
(3 8.73587e-16 0)
(3 5.98985e-16 0)
(3 -7.38268e-16 0)
(3 -1.37751e-15 0)
(3 -5.94145e-13 0)
(3 -2.57203e-11 0)
(3 2.87489e-08 0)
(3.00185 0.00240328 0)
(2.82188 0.331325 0)
(1.72326 0.914313 0)
(1.50328 0.935531 0)
(1.54502 0.923642 0)
(1.57731 0.910458 0)
(3 -1.03965e-16 0)
(3 6.90376e-17 0)
(3 2.23982e-16 0)
(3 5.0924e-16 0)
(3 6.61388e-16 0)
(3 5.47344e-16 0)
(3 1.41925e-16 0)
(3 -3.03088e-16 0)
(3 -4.86683e-16 0)
(3 -5.63242e-16 0)
(3 2.58855e-16 0)
(3 9.65345e-16 0)
(3 2.27676e-17 0)
(3 -9.2041e-16 0)
(3 4.75864e-17 0)
(3 -7.89925e-16 0)
(3 -2.95819e-12 0)
(3 1.64807e-12 0)
(3 1.19713e-05 0)
(3.01006 0.0232377 0)
(2.40531 0.661619 0)
(1.59282 0.961661 0)
(1.56046 0.952089 0)
(1.59509 0.934272 0)
(3 2.31409e-16 0)
(3 1.02143e-15 0)
(3 6.98649e-16 0)
(3 6.22503e-16 0)
(3 -6.256e-16 0)
(3 -1.04005e-15 0)
(3 -1.57161e-15 0)
(3 -1.30815e-15 0)
(3 -9.42882e-16 0)
(3 -5.54906e-16 0)
(3 2.22505e-16 0)
(3 8.85239e-16 0)
(3 5.48397e-16 0)
(3 5.209e-16 0)
(3 5.5045e-16 0)
(3 2.85555e-17 0)
(3 -1.48689e-13 0)
(3 -1.42067e-13 0)
(3 6.07359e-09 0)
(3.00008 0.000658315 0)
(2.98579 0.121995 0)
(2.04555 0.821363 0)
(1.62149 0.954598 0)
(1.62188 0.948628 0)
(3 -7.54037e-17 0)
(3 -2.55114e-16 0)
(3 -1.03361e-16 0)
(3 7.87005e-17 0)
(3 -3.00379e-16 0)
(3 -8.70949e-16 0)
(3 -8.64028e-16 0)
(3 -6.70234e-16 0)
(3 -5.7633e-16 0)
(3 -6.22467e-16 0)
(3 4.41483e-19 0)
(3 4.38642e-16 0)
(3 5.31576e-16 0)
(3 1.21911e-15 0)
(3 1.24924e-15 0)
(3 2.83928e-16 0)
(3 -1.9426e-15 0)
(3 -4.30735e-14 0)
(3 1.38068e-12 0)
(3 1.47249e-06 0)
(3.00142 0.00668807 0)
(2.78907 0.341309 0)
(1.87656 0.901438 0)
(1.65484 0.96728 0)
(3 -1.85334e-16 0)
(3 -6.52018e-16 0)
(3 -4.3315e-16 0)
(3 -1.40101e-16 0)
(3 4.71297e-16 0)
(3 3.06091e-16 0)
(3 -6.64222e-17 0)
(3 -2.02195e-16 0)
(3 -2.85008e-16 0)
(3 -4.9901e-16 0)
(3 -3.67073e-16 0)
(3 -1.17124e-15 0)
(3 -3.67361e-16 0)
(3 2.47867e-16 0)
(3 6.17579e-16 0)
(3 1.25339e-15 0)
(3 2.99651e-16 0)
(3 -4.96271e-15 0)
(3 -4.05722e-15 0)
(3 7.97662e-10 0)
(2.99999 5.94733e-05 0)
(3.00037 0.0278582 0)
(2.51115 0.561626 0)
(1.8124 0.949487 0)
(3 1.42479e-16 0)
(3 -6.21548e-18 0)
(3 -9.9134e-17 0)
(3 -1.98263e-17 0)
(3 2.1461e-16 0)
(3 1.03444e-16 0)
(3 -5.04695e-16 0)
(3 -5.68736e-16 0)
(3 -4.99276e-16 0)
(3 -6.80216e-16 0)
(3 -9.50638e-16 0)
(3 -2.03333e-15 0)
(3 -1.76456e-15 0)
(3 -1.1165e-15 0)
(3 -7.84615e-16 0)
(3 -1.15062e-16 0)
(3 -6.98189e-17 0)
(3 -5.2958e-17 0)
(3 -1.46771e-15 0)
(3 1.34766e-13 0)
(3 6.04573e-08 0)
(2.99994 0.000755736 0)
(2.97251 0.0819611 0)
(2.30474 0.713776 0)
(3 1.95123e-16 0)
(3 1.19688e-17 0)
(3 -7.24639e-17 0)
(3 3.84102e-16 0)
(3 3.61391e-16 0)
(3 2.84687e-16 0)
(3 -2.44365e-17 0)
(3 -1.13957e-15 0)
(3 -1.25256e-15 0)
(3 -1.40387e-15 0)
(3 -1.67437e-15 0)
(3 -1.54827e-15 0)
(3 -5.63623e-16 0)
(3 -5.48156e-16 0)
(3 -1.47979e-15 0)
(3 -1.82528e-15 0)
(3 2.89441e-16 0)
(3 9.4967e-16 0)
(3 3.42447e-17 0)
(3 -9.32337e-16 0)
(3 2.63939e-11 0)
(3 1.79528e-06 0)
(2.99963 0.00385605 0)
(2.89721 0.190364 0)
(3 1.09558e-18 0)
(3 8.791e-17 0)
(3 3.94365e-16 0)
(3 4.36828e-17 0)
(3 4.52161e-16 0)
(3 9.24309e-16 0)
(3 1.59628e-15 0)
(3 6.15152e-16 0)
(3 -2.54416e-16 0)
(3 -4.94862e-16 0)
(3 -3.73218e-16 0)
(3 5.45185e-16 0)
(3 1.00489e-15 0)
(3 3.08548e-16 0)
(3 -6.43264e-16 0)
(3 -9.33907e-16 0)
(3 -4.56608e-16 0)
(3 1.29794e-15 0)
(3 1.30229e-15 0)
(3 6.28006e-16 0)
(3 2.63602e-15 0)
(3 1.44188e-09 0)
(2.99999 2.16937e-05 0)
(2.99759 0.0122477 0)
(3 -2.91026e-16 0)
(3 9.60848e-18 0)
(3 1.32674e-16 0)
(3 -3.66542e-16 0)
(3 -3.08828e-16 0)
(3 5.29432e-16 0)
(3 1.00277e-15 0)
(3 1.24087e-15 0)
(3 1.14211e-15 0)
(3 1.19223e-15 0)
(3 1.01086e-15 0)
(3 1.29388e-15 0)
(3 1.48734e-15 0)
(3 9.37621e-16 0)
(3 -2.66731e-17 0)
(3 -1.23823e-16 0)
(3 9.57542e-17 0)
(3 7.96225e-16 0)
(3 1.44431e-15 0)
(3 1.36396e-15 0)
(3 6.72855e-16 0)
(3 2.17543e-13 0)
(3 2.49811e-08 0)
(2.99996 0.000151769 0)
(3 -1.58578e-17 0)
(3 -3.77184e-17 0)
(3 -3.43195e-16 0)
(3 -2.66916e-16 0)
(3 -1.15277e-16 0)
(3 4.41071e-16 0)
(3 4.37477e-16 0)
(3 1.06619e-15 0)
(3 1.40943e-15 0)
(3 1.07197e-15 0)
(3 7.76625e-16 0)
(3 1.06016e-15 0)
(3 1.19692e-15 0)
(3 9.29369e-16 0)
(3 7.10153e-16 0)
(3 1.30514e-15 0)
(3 1.90591e-15 0)
(3 1.91431e-15 0)
(3 1.81107e-15 0)
(3 9.2435e-16 0)
(3 -5.93058e-17 0)
(3 3.00161e-16 0)
(3 7.8988e-12 0)
(3 2.56516e-07 0)
(3 2.44959e-17 0)
(3 -5.4573e-17 0)
(3 -2.21257e-16 0)
(3 2.39639e-17 0)
(3 1.35818e-16 0)
(3 1.06076e-16 0)
(3 4.64356e-16 0)
(3 4.41049e-16 0)
(3 1.79041e-16 0)
(3 -1.92997e-16 0)
(3 -1.67873e-16 0)
(3 1.84496e-16 0)
(3 1.31186e-15 0)
(3 1.92237e-15 0)
(3 2.0802e-15 0)
(3 2.08613e-15 0)
(3 2.00207e-15 0)
(3 1.11133e-15 0)
(3 8.44131e-16 0)
(3 1.54406e-16 0)
(3 -1.36241e-16 0)
(3 -5.15663e-16 0)
(3 8.10524e-17 0)
(3 1.50545e-10 0)
(3 5.07168e-17 0)
(3 -5.88242e-17 0)
(3 -3.11018e-16 0)
(3 -3.73625e-16 0)
(3 -4.56123e-17 0)
(3 -2.8556e-16 0)
(3 -2.37577e-16 0)
(3 -2.58572e-16 0)
(3 -7.55368e-16 0)
(3 -9.23313e-16 0)
(3 -3.8009e-16 0)
(3 -8.55175e-17 0)
(3 6.38347e-16 0)
(3 1.62961e-15 0)
(3 1.51519e-15 0)
(3 7.38874e-16 0)
(3 1.96643e-16 0)
(3 -8.05731e-16 0)
(3 -1.25196e-15 0)
(3 -8.33163e-16 0)
(3 -4.58544e-16 0)
(3 -8.32843e-16 0)
(3 -7.11875e-16 0)
(3 1.18921e-14 0)
(3 4.55024e-17 0)
(3 4.996e-17 0)
(3 -9.61403e-17 0)
(3 -8.00047e-16 0)
(3 -1.19778e-15 0)
(3 -1.25982e-15 0)
(3 -1.32629e-15 0)
(3 -1.00472e-15 0)
(3 -8.18238e-16 0)
(3 -1.26672e-16 0)
(3 -5.06546e-17 0)
(3 -1.82275e-16 0)
(3 -3.60682e-16 0)
(3 -5.66249e-16 0)
(3 -4.8029e-16 0)
(3 -1.21013e-15 0)
(3 -1.34075e-15 0)
(3 -1.83715e-15 0)
(3 -2.19288e-15 0)
(3 -1.74041e-15 0)
(3 -1.27954e-15 0)
(3 -5.79487e-16 0)
(3 6.68652e-17 0)
(3 3.19835e-16 0)
(3 -2.14192e-16 0)
(3 4.48383e-17 0)
(3 3.64489e-16 0)
(3 5.02234e-16 0)
(3 -3.35473e-16 0)
(3 -1.14996e-15 0)
(3 -1.68289e-15 0)
(3 -1.35054e-15 0)
(3 2.10047e-16 0)
(3 4.85148e-16 0)
(3 5.88886e-16 0)
(3 7.08495e-17 0)
(3 -6.1666e-16 0)
(3 -8.60025e-16 0)
(3 -9.21335e-16 0)
(3 -1.58336e-15 0)
(3 -1.84741e-15 0)
(3 -1.66736e-15 0)
(3 -1.0111e-15 0)
(3 -5.97202e-16 0)
(3 -1.20251e-16 0)
(3 6.8725e-16 0)
(3 1.31834e-15 0)
(3 1.24619e-15 0)
(3 7.74555e-17 0)
(3 1.98206e-16 0)
(3 8.78962e-16 0)
(3 9.22993e-16 0)
(3 6.81724e-16 0)
(3 -3.5144e-16 0)
(3 -9.39009e-16 0)
(3 -5.91949e-16 0)
(3 -4.7677e-16 0)
(3 -7.70507e-17 0)
(3 5.59225e-17 0)
(3 -1.0428e-15 0)
(3 -1.52727e-15 0)
(3 -1.52363e-15 0)
(3 -1.51305e-15 0)
(3 -1.85004e-15 0)
(3 -2.0117e-15 0)
(3 -2.05432e-15 0)
(3 4.4658e-16 0)
(3 9.33841e-16 0)
(3 5.80113e-16 0)
(3 9.34683e-16 0)
(3 1.57987e-15 0)
(3 7.54764e-16 0)
(3 1.33603e-16 0)
(3 2.93059e-16 0)
(3 6.14454e-16 0)
(3 2.48753e-16 0)
(3 -4.89402e-18 0)
(3 -7.83883e-16 0)
(3 -1.44115e-15 0)
(3 -4.68481e-16 0)
(3 -3.93561e-16 0)
(3 2.22585e-16 0)
(3 -2.13252e-16 0)
(3 -1.55464e-15 0)
(3 -1.61205e-15 0)
(3 -1.06266e-15 0)
(3 -1.10988e-15 0)
(3 -1.11223e-15 0)
(3 -7.7708e-16 0)
(3 -8.43115e-16 0)
(3 3.35429e-17 0)
(3 3.22966e-16 0)
(3 3.99987e-16 0)
(3 5.78962e-16 0)
(3 5.05998e-16 0)
(3 -8.22836e-17 0)
(1.53316 1.23296 0)
(2.02374 1.36754 0)
(2.19913 1.5179 0)
(2.27174 0.728167 0)
(2.52778 0.380925 0)
(2.65584 -0.0279 0)
(2.69021 -0.23604 0)
(2.60162 -0.352198 0)
(2.42764 -0.302302 0)
(2.34986 -0.269419 0)
(2.35422 -0.249218 0)
(2.39765 -0.162866 0)
(2.44468 -0.133829 0)
(2.47484 -0.148378 0)
(2.4752 -0.144745 0)
(2.47193 -0.104131 0)
(2.41769 -0.0432645 0)
(2.38694 -0.0317283 0)
(2.3729 -0.0276134 0)
(2.39706 -0.0218485 0)
(2.45142 -0.0184605 0)
(2.47671 -0.0159235 0)
(2.47443 -0.0148177 0)
(2.45703 -0.0115116 0)
(2.42728 -0.00604308 0)
(2.41769 -0.00388117 0)
(2.4172 -0.00397469 0)
(2.43322 -0.00630768 0)
(2.45709 -0.0085293 0)
(2.46122 -0.00827436 0)
(2.46039 -0.00600607 0)
(2.44914 -0.00132597 0)
(2.44104 0.0003455 0)
(2.44051 -0.000428832 0)
(2.44536 -0.00212461 0)
(2.45704 -0.00325518 0)
(2.46234 -0.00311121 0)
(2.46421 -0.00178523 0)
(2.462 0.0028578 0)
(2.46341 -0.0028816 0)
(2.42749 -0.0295533 0)
(2.2801 -0.145147 0)
(1.99031 -0.257323 0)
(1.69379 -0.305706 0)
(1.49042 -0.225976 0)
(1.45326 -0.132153 0)
(1.51279 -0.0599439 0)
(1.58744 -0.00696175 0)
(1.64526 0.0024422 0)
(1.67887 -0.00276027 0)
(1.70522 -0.00732063 0)
(1.73324 -0.00686152 0)
(1.75915 -0.00559167 0)
(1.78082 -0.00406413 0)
(1.7967 -0.000485841 0)
(1.81344 0.00568466 0)
(1.83652 0.00849566 0)
(1.86228 0.00877412 0)
(1.89288 0.00772185 0)
(1.92568 0.00558107 0)
(1.95306 0.00330857 0)
(1.97791 0.0027053 0)
(2.00097 0.00296442 0)
(2.01736 0.00483288 0)
(2.026 0.00867862 0)
(2.03775 0.0119553 0)
(2.05833 0.0129804 0)
(2.07979 0.0134978 0)
(2.10402 0.013589 0)
(2.1352 0.0117947 0)
(2.16254 0.00807141 0)
(2.18559 0.00554958 0)
(2.20826 0.00426269 0)
(2.22448 0.00350836 0)
(2.21875 0.0062097 0)
(2.20633 0.0108217 0)
(2.21782 0.0120393 0)
(2.23831 0.0120015 0)
(2.25937 0.0114732 0)
(2.28573 0.00967427 0)
(2.31547 0.0061742 0)
(2.33898 0.00457432 0)
(2.36325 0.00433544 0)
(2.38187 0.00457089 0)
(2.37983 0.00773733 0)
(2.37063 0.0124713 0)
(2.38413 0.0138596 0)
(2.40346 0.0140015 0)
(2.42293 0.0139684 0)
(2.4456 0.0135993 0)
(2.47446 0.0130857 0)
(2.49895 0.012505 0)
(2.51834 0.0110356 0)
(2.53606 0.00970599 0)
(2.54878 0.00817361 0)
(2.54775 0.0103333 0)
(1.77344 1.07203 0)
(2.30051 0.743643 0)
(2.5071 0.561899 0)
(2.64078 0.101256 0)
(2.65688 -0.235765 0)
(2.73393 -0.433791 0)
(2.77563 -0.614131 0)
(2.77919 -0.675562 0)
(2.7475 -0.622789 0)
(2.66037 -0.506959 0)
(2.55451 -0.349356 0)
(2.50032 -0.203254 0)
(2.52439 -0.124691 0)
(2.54972 -0.105636 0)
(2.51142 -0.133344 0)
(2.49393 -0.122458 0)
(2.46335 -0.0636555 0)
(2.45626 -0.0144244 0)
(2.44776 0.0140059 0)
(2.45429 0.0193262 0)
(2.47791 0.0083485 0)
(2.48441 -0.000454866 0)
(2.48283 -0.00654691 0)
(2.47155 -0.0160472 0)
(2.4498 -0.0135593 0)
(2.43962 -0.00691808 0)
(2.44097 -0.00495247 0)
(2.45499 -0.00713347 0)
(2.47821 -0.0124845 0)
(2.48529 -0.0138319 0)
(2.48573 -0.0112909 0)
(2.47687 -0.00108844 0)
(2.46354 0.0080726 0)
(2.4615 0.00914746 0)
(2.4639 0.00863997 0)
(2.47279 0.00433676 0)
(2.48025 0.00150284 0)
(2.48275 0.00501942 0)
(2.47986 -0.00389258 0)
(2.45639 -0.0455297 0)
(2.27991 -0.276937 0)
(2.17026 -0.498054 0)
(2.03155 -0.656569 0)
(1.91325 -0.547753 0)
(1.70986 -0.294779 0)
(1.5933 -0.0864414 0)
(1.55789 0.0164207 0)
(1.60805 0.044237 0)
(1.64667 0.0332642 0)
(1.67665 0.0123972 0)
(1.70983 -0.00587823 0)
(1.74415 -0.0153184 0)
(1.77025 -0.0186066 0)
(1.79536 -0.0193542 0)
(1.81737 -0.014315 0)
(1.83644 0.00015343 0)
(1.85587 0.0175365 0)
(1.87937 0.0250879 0)
(1.90361 0.0252372 0)
(1.93046 0.0170538 0)
(1.95898 0.00488133 0)
(1.98375 -0.00315858 0)
(2.00765 -0.00759746 0)
(2.02984 -0.00883432 0)
(2.04786 -0.000887073 0)
(2.06049 0.0171334 0)
(2.07125 0.0346321 0)
(2.08867 0.0416665 0)
(2.10839 0.043883 0)
(2.13356 0.0413415 0)
(2.15929 0.0325944 0)
(2.18324 0.0225758 0)
(2.20558 0.0113401 0)
(2.22438 -0.0014973 0)
(2.23347 -0.00611859 0)
(2.23244 0.00828281 0)
(2.23199 0.0276038 0)
(2.2456 0.0347061 0)
(2.26555 0.035619 0)
(2.28785 0.0345587 0)
(2.31445 0.0277447 0)
(2.33833 0.019853 0)
(2.36042 0.0117629 0)
(2.38007 0.00141299 0)
(2.39025 -0.00247683 0)
(2.39022 0.011318 0)
(2.39506 0.0281525 0)
(2.41139 0.0352185 0)
(2.42972 0.0374262 0)
(2.44891 0.0395528 0)
(2.47249 0.0396542 0)
(2.49118 0.03703 0)
(2.51128 0.0322971 0)
(2.53016 0.0247559 0)
(2.54281 0.012741 0)
(2.55438 0.00988114 0)
(1.67204 1.03281 0)
(2.09395 0.816115 0)
(2.33921 0.609562 0)
(2.50355 0.429664 0)
(2.60622 0.207093 0)
(2.66963 -0.00836024 0)
(2.71859 -0.194535 0)
(2.75148 -0.280966 0)
(2.82338 -0.288484 0)
(2.81604 -0.395769 0)
(2.76932 -0.42841 0)
(2.70897 -0.40638 0)
(2.70603 -0.387889 0)
(2.70595 -0.376888 0)
(2.68509 -0.334858 0)
(2.60711 -0.249302 0)
(2.58585 -0.172223 0)
(2.58903 -0.119804 0)
(2.57854 -0.0596199 0)
(2.55643 -0.0259088 0)
(2.53066 -0.0276491 0)
(2.52245 -0.0206577 0)
(2.52362 -0.0136034 0)
(2.51937 -0.00608027 0)
(2.50582 -0.002051 0)
(2.49835 -0.00281463 0)
(2.50029 -0.00657512 0)
(2.51184 -0.0150185 0)
(2.52277 -0.0252622 0)
(2.52431 -0.0273354 0)
(2.52332 -0.0270753 0)
(2.51643 -0.0201725 0)
(2.50806 -0.00920466 0)
(2.50654 -0.00518299 0)
(2.5082 -0.00301793 0)
(2.5141 0.00338583 0)
(2.51692 0.00976961 0)
(2.51078 -0.00541827 0)
(2.47626 -0.0663934 0)
(2.34551 -0.256748 0)
(2.12867 -0.515637 0)
(2.00913 -0.708733 0)
(2.02136 -0.691646 0)
(2.05575 -0.668039 0)
(2.04634 -0.586624 0)
(1.95157 -0.410515 0)
(1.80683 -0.197605 0)
(1.71922 -0.0586826 0)
(1.71198 0.0116234 0)
(1.72496 0.0216003 0)
(1.749 0.0226702 0)
(1.77357 0.00999284 0)
(1.80357 -0.00304415 0)
(1.83309 -0.00489173 0)
(1.85777 -0.00532079 0)
(1.87868 -0.00391219 0)
(1.89917 0.00704395 0)
(1.91631 0.0233736 0)
(1.93233 0.0325884 0)
(1.95328 0.0335134 0)
(1.97599 0.0302671 0)
(2.0006 0.0207388 0)
(2.02543 0.011242 0)
(2.04965 0.00633423 0)
(2.07362 0.00587381 0)
(2.09441 0.013743 0)
(2.10744 0.0332706 0)
(2.11216 0.0530684 0)
(2.12567 0.0592715 0)
(2.14658 0.0578753 0)
(2.16752 0.0516827 0)
(2.18768 0.0426483 0)
(2.20603 0.0307867 0)
(2.22196 0.0184782 0)
(2.2389 0.010432 0)
(2.25449 0.0115622 0)
(2.26401 0.0259724 0)
(2.26593 0.0443964 0)
(2.27807 0.0494934 0)
(2.29884 0.0481166 0)
(2.3192 0.045318 0)
(2.33915 0.0401419 0)
(2.35719 0.0320624 0)
(2.37226 0.0222769 0)
(2.38846 0.015093 0)
(2.40505 0.0159696 0)
(2.41865 0.0278834 0)
(2.42843 0.0451921 0)
(2.44297 0.0567871 0)
(2.46125 0.062003 0)
(2.48059 0.0628837 0)
(2.49861 0.0602061 0)
(2.51339 0.0554587 0)
(2.52588 0.0454589 0)
(2.53418 0.0329142 0)
(2.54893 0.0306548 0)
(1.62107 0.97736 0)
(1.9002 0.884389 0)
(2.16439 0.701006 0)
(2.35908 0.494225 0)
(2.48512 0.34924 0)
(2.53765 0.249555 0)
(2.63212 0.049223 0)
(2.71027 -0.164117 0)
(2.73186 -0.26175 0)
(2.79229 -0.333811 0)
(2.81809 -0.435404 0)
(2.78151 -0.483729 0)
(2.76291 -0.470809 0)
(2.7607 -0.45875 0)
(2.75061 -0.436098 0)
(2.71321 -0.364217 0)
(2.6976 -0.330958 0)
(2.70512 -0.30292 0)
(2.68669 -0.234173 0)
(2.6514 -0.147045 0)
(2.62544 -0.119179 0)
(2.61458 -0.100947 0)
(2.58844 -0.0724358 0)
(2.57625 -0.0589577 0)
(2.5616 -0.0275097 0)
(2.56046 -0.00199505 0)
(2.55967 0.0028704 0)
(2.56028 0.0052597 0)
(2.55959 0.00839784 0)
(2.55876 0.00625953 0)
(2.55848 -0.00215296 0)
(2.55726 -0.00915474 0)
(2.55608 -0.0132905 0)
(2.55644 -0.0126586 0)
(2.55709 -0.00752586 0)
(2.55603 -0.00661042 0)
(2.54575 -0.0232699 0)
(2.49631 -0.100714 0)
(2.34119 -0.322159 0)
(2.17352 -0.50274 0)
(2.05766 -0.670861 0)
(2.03661 -0.687727 0)
(2.05481 -0.674072 0)
(2.08513 -0.664078 0)
(2.11199 -0.658968 0)
(2.11112 -0.624439 0)
(2.04708 -0.507864 0)
(1.90842 -0.295037 0)
(1.85213 -0.121523 0)
(1.81731 -0.0133141 0)
(1.80084 0.0164201 0)
(1.80618 0.01777 0)
(1.83242 0.0238672 0)
(1.86932 0.0240324 0)
(1.90208 0.0170071 0)
(1.92643 0.00975167 0)
(1.94699 0.00978452 0)
(1.96352 0.0208589 0)
(1.97242 0.0361188 0)
(1.98391 0.0422581 0)
(2.00417 0.0403701 0)
(2.02596 0.0363925 0)
(2.05057 0.0293974 0)
(2.07558 0.0262643 0)
(2.10061 0.0277599 0)
(2.12444 0.0328083 0)
(2.14339 0.0409488 0)
(2.15056 0.0547677 0)
(2.14955 0.0661494 0)
(2.16078 0.0635468 0)
(2.17915 0.0555678 0)
(2.19724 0.0458216 0)
(2.2139 0.0369887 0)
(2.2321 0.0343355 0)
(2.25194 0.0360764 0)
(2.27225 0.0390658 0)
(2.28987 0.0443607 0)
(2.297 0.0556015 0)
(2.29646 0.0644241 0)
(2.30804 0.0605845 0)
(2.32542 0.0535868 0)
(2.34282 0.0466864 0)
(2.35844 0.0408583 0)
(2.37612 0.039315 0)
(2.39691 0.0406695 0)
(2.41762 0.0423691 0)
(2.43764 0.0445278 0)
(2.45405 0.0526068 0)
(2.46518 0.0644439 0)
(2.47563 0.0715533 0)
(2.48927 0.0728619 0)
(2.50342 0.0714972 0)
(2.51533 0.0686083 0)
(2.5229 0.0625562 0)
(2.53103 0.0576075 0)
(2.55275 0.0585283 0)
(1.58559 0.924937 0)
(1.80736 0.859821 0)
(1.99849 0.772279 0)
(2.21235 0.605512 0)
(2.36187 0.412686 0)
(2.44376 0.303295 0)
(2.48161 0.259284 0)
(2.55682 0.124837 0)
(2.64281 -0.053665 0)
(2.67709 -0.138361 0)
(2.72459 -0.179999 0)
(2.73162 -0.23989 0)
(2.69912 -0.29219 0)
(2.71792 -0.355285 0)
(2.726 -0.3566 0)
(2.74082 -0.353049 0)
(2.75179 -0.395938 0)
(2.76626 -0.41253 0)
(2.74978 -0.374202 0)
(2.7227 -0.305763 0)
(2.70106 -0.247049 0)
(2.67983 -0.217626 0)
(2.64467 -0.151553 0)
(2.63565 -0.132866 0)
(2.62297 -0.0936571 0)
(2.62044 -0.0676136 0)
(2.6075 -0.0391198 0)
(2.58976 -0.0214257 0)
(2.58176 -0.00686197 0)
(2.57535 -0.00497094 0)
(2.57197 -0.00438516 0)
(2.57932 0.00311915 0)
(2.58238 0.00531278 0)
(2.58469 0.0112882 0)
(2.58546 0.00291622 0)
(2.57447 -0.0142649 0)
(2.50978 -0.114472 0)
(2.29597 -0.399188 0)
(2.13455 -0.592122 0)
(2.08573 -0.604636 0)
(2.07932 -0.663555 0)
(2.06487 -0.696433 0)
(2.06881 -0.692817 0)
(2.08748 -0.677541 0)
(2.11509 -0.661122 0)
(2.14358 -0.651927 0)
(2.15192 -0.633107 0)
(2.12759 -0.573448 0)
(2.04967 -0.409137 0)
(1.96319 -0.2037 0)
(1.9042 -0.0747388 0)
(1.8635 -0.0184634 0)
(1.86485 0.0261728 0)
(1.88503 0.0319514 0)
(1.92487 0.0445795 0)
(1.95338 0.0431834 0)
(1.97725 0.0343838 0)
(1.9979 0.0311607 0)
(2.00811 0.0399412 0)
(2.01048 0.0512099 0)
(2.02658 0.0523024 0)
(2.04724 0.0495535 0)
(2.07086 0.0447692 0)
(2.09763 0.04166 0)
(2.12165 0.0425135 0)
(2.14511 0.0454165 0)
(2.16695 0.050967 0)
(2.18082 0.0598868 0)
(2.17836 0.0718596 0)
(2.17352 0.0757789 0)
(2.18673 0.068624 0)
(2.2062 0.0609043 0)
(2.22617 0.0560342 0)
(2.24719 0.0538942 0)
(2.26876 0.055863 0)
(2.28947 0.0598228 0)
(2.31013 0.0650023 0)
(2.32428 0.0712421 0)
(2.32172 0.0783179 0)
(2.31733 0.0760779 0)
(2.32996 0.0660592 0)
(2.34775 0.057882 0)
(2.36668 0.0549119 0)
(2.38658 0.0563735 0)
(2.40918 0.0620937 0)
(2.43101 0.0683631 0)
(2.45176 0.0720672 0)
(2.47108 0.0750067 0)
(2.48398 0.0797813 0)
(2.4872 0.0845868 0)
(2.49093 0.0828335 0)
(2.50021 0.0761304 0)
(2.51022 0.0680862 0)
(2.52235 0.0644047 0)
(2.54067 0.0678089 0)
(2.56533 0.0774869 0)
(1.54974 0.902807 0)
(1.74312 0.845724 0)
(1.92378 0.755065 0)
(2.05744 0.686585 0)
(2.19893 0.565075 0)
(2.33213 0.40206 0)
(2.41102 0.286402 0)
(2.45751 0.251069 0)
(2.51481 0.150427 0)
(2.58698 0.0143945 0)
(2.62949 -0.05029 0)
(2.66751 -0.124027 0)
(2.68567 -0.244364 0)
(2.69333 -0.289956 0)
(2.70052 -0.335179 0)
(2.74025 -0.358197 0)
(2.75943 -0.402522 0)
(2.75865 -0.42809 0)
(2.77276 -0.426928 0)
(2.75347 -0.397878 0)
(2.74153 -0.379142 0)
(2.72672 -0.362545 0)
(2.69909 -0.298403 0)
(2.68533 -0.236756 0)
(2.66843 -0.179185 0)
(2.67304 -0.146799 0)
(2.64036 -0.084148 0)
(2.61939 -0.0479075 0)
(2.60181 -0.0263765 0)
(2.59417 -0.0208841 0)
(2.59033 -0.0216541 0)
(2.59375 -0.0141571 0)
(2.59654 -0.0104492 0)
(2.59419 -0.00636215 0)
(2.58438 -0.0182582 0)
(2.49396 -0.133316 0)
(2.30343 -0.365759 0)
(2.0727 -0.65014 0)
(2.02391 -0.691126 0)
(2.0522 -0.663486 0)
(2.07199 -0.654787 0)
(2.08809 -0.663555 0)
(2.09701 -0.67276 0)
(2.10453 -0.667157 0)
(2.12321 -0.660149 0)
(2.148 -0.650892 0)
(2.17232 -0.637221 0)
(2.18947 -0.631538 0)
(2.18459 -0.603143 0)
(2.14754 -0.506336 0)
(2.07216 -0.32876 0)
(1.98556 -0.15387 0)
(1.91809 -0.017261 0)
(1.91617 0.0136079 0)
(1.94948 0.0433246 0)
(1.97443 0.0554111 0)
(1.98883 0.0550934 0)
(2.01381 0.0525214 0)
(2.02791 0.0483296 0)
(2.03306 0.0577473 0)
(2.03948 0.0654827 0)
(2.05993 0.0644375 0)
(2.08284 0.0615136 0)
(2.10903 0.0601868 0)
(2.13398 0.0609886 0)
(2.15527 0.0618752 0)
(2.17742 0.0626312 0)
(2.19543 0.0633874 0)
(2.19988 0.0678237 0)
(2.19125 0.0776522 0)
(2.19783 0.0834062 0)
(2.21693 0.084917 0)
(2.23588 0.0854746 0)
(2.25725 0.0840697 0)
(2.28318 0.0810254 0)
(2.30321 0.0799256 0)
(2.32462 0.0803169 0)
(2.34285 0.0807547 0)
(2.34387 0.081319 0)
(2.33174 0.0813381 0)
(2.33915 0.0809693 0)
(2.35648 0.0820506 0)
(2.3746 0.083422 0)
(2.39571 0.0844856 0)
(2.42058 0.0854471 0)
(2.44182 0.0868839 0)
(2.46286 0.0885852 0)
(2.48262 0.091298 0)
(2.49402 0.0939938 0)
(2.49076 0.0955303 0)
(2.48504 0.0929558 0)
(2.49097 0.0872022 0)
(2.50678 0.0834955 0)
(2.52642 0.0848471 0)
(2.54515 0.092472 0)
(2.57217 0.101367 0)
(1.52651 0.868708 0)
(1.68545 0.834762 0)
(1.85454 0.762051 0)
(1.9897 0.684565 0)
(2.08769 0.628012 0)
(2.20327 0.525132 0)
(2.3248 0.388958 0)
(2.39539 0.304304 0)
(2.44109 0.252564 0)
(2.50118 0.151407 0)
(2.54269 0.0830665 0)
(2.5884 0.0200276 0)
(2.63443 -0.0825394 0)
(2.65627 -0.149852 0)
(2.66177 -0.155986 0)
(2.67913 -0.192939 0)
(2.70904 -0.26109 0)
(2.72445 -0.307071 0)
(2.73373 -0.308922 0)
(2.7304 -0.342756 0)
(2.72883 -0.370922 0)
(2.7295 -0.369747 0)
(2.73299 -0.356224 0)
(2.73184 -0.344485 0)
(2.72173 -0.313083 0)
(2.71263 -0.267403 0)
(2.68693 -0.195123 0)
(2.67283 -0.159497 0)
(2.64089 -0.106617 0)
(2.61874 -0.0484407 0)
(2.61036 -0.0393192 0)
(2.60582 -0.0267599 0)
(2.60848 -0.0154963 0)
(2.58853 -0.0373631 0)
(2.4618 -0.18685 0)
(2.27872 -0.384081 0)
(2.0562 -0.600148 0)
(2.02042 -0.722732 0)
(2.0219 -0.710485 0)
(2.05742 -0.679263 0)
(2.08634 -0.655415 0)
(2.10999 -0.651393 0)
(2.11861 -0.656969 0)
(2.12024 -0.656493 0)
(2.13316 -0.652177 0)
(2.15188 -0.64421 0)
(2.1796 -0.628313 0)
(2.19862 -0.62381 0)
(2.2143 -0.618584 0)
(2.22386 -0.61413 0)
(2.20746 -0.557498 0)
(2.16608 -0.432334 0)
(2.09276 -0.272261 0)
(2.02159 -0.1176 0)
(1.98393 0.00787212 0)
(1.99452 0.0457628 0)
(2.01974 0.059663 0)
(2.02732 0.057175 0)
(2.03977 0.0667193 0)
(2.05011 0.0743348 0)
(2.05493 0.079582 0)
(2.07035 0.0792531 0)
(2.09112 0.0781243 0)
(2.11291 0.0799435 0)
(2.13543 0.0795737 0)
(2.15752 0.0779538 0)
(2.17921 0.0763081 0)
(2.19969 0.0739369 0)
(2.21181 0.0751951 0)
(2.21115 0.0864028 0)
(2.21329 0.101397 0)
(2.23107 0.10813 0)
(2.25061 0.11036 0)
(2.26977 0.111785 0)
(2.29205 0.109543 0)
(2.31486 0.103315 0)
(2.33446 0.0983076 0)
(2.3517 0.0928433 0)
(2.35671 0.0888351 0)
(2.34878 0.091702 0)
(2.35397 0.0986418 0)
(2.37031 0.103583 0)
(2.3886 0.107555 0)
(2.40793 0.111326 0)
(2.42847 0.112907 0)
(2.44846 0.111857 0)
(2.46726 0.111299 0)
(2.48683 0.110962 0)
(2.49654 0.107712 0)
(2.4873 0.102319 0)
(2.48267 0.0982726 0)
(2.49673 0.0992657 0)
(2.51407 0.102011 0)
(2.53242 0.107484 0)
(2.5512 0.115936 0)
(2.57923 0.12305 0)
(1.5136 0.849232 0)
(1.64882 0.822199 0)
(1.78371 0.777239 0)
(1.90911 0.719459 0)
(2.02201 0.646467 0)
(2.12603 0.574049 0)
(2.21888 0.49564 0)
(2.31643 0.393822 0)
(2.37397 0.321399 0)
(2.4277 0.266228 0)
(2.48745 0.182344 0)
(2.53851 0.097289 0)
(2.57369 0.0229709 0)
(2.60136 -0.0199854 0)
(2.62601 -0.0536158 0)
(2.65555 -0.122976 0)
(2.68269 -0.209628 0)
(2.70008 -0.2514 0)
(2.70213 -0.255397 0)
(2.71745 -0.303435 0)
(2.7203 -0.373373 0)
(2.72497 -0.393373 0)
(2.7454 -0.376209 0)
(2.74845 -0.353981 0)
(2.74828 -0.354521 0)
(2.74403 -0.349913 0)
(2.73199 -0.330341 0)
(2.71271 -0.289754 0)
(2.69008 -0.249325 0)
(2.65466 -0.160329 0)
(2.64698 -0.1299 0)
(2.63493 -0.0700507 0)
(2.62258 -0.0623957 0)
(2.47289 -0.223703 0)
(2.17559 -0.539739 0)
(2.0935 -0.586963 0)
(2.07731 -0.63745 0)
(2.0468 -0.686028 0)
(2.048 -0.69151 0)
(2.07241 -0.681684 0)
(2.10057 -0.660766 0)
(2.11937 -0.654203 0)
(2.13126 -0.651896 0)
(2.13778 -0.647192 0)
(2.14425 -0.639138 0)
(2.15981 -0.630203 0)
(2.18316 -0.620913 0)
(2.20904 -0.614736 0)
(2.22816 -0.610578 0)
(2.24252 -0.607726 0)
(2.25213 -0.600728 0)
(2.25103 -0.57031 0)
(2.23751 -0.504543 0)
(2.19507 -0.397727 0)
(2.12256 -0.23805 0)
(2.07671 -0.0887233 0)
(2.07015 -0.00677556 0)
(2.06026 0.0422509 0)
(2.06886 0.0668283 0)
(2.07225 0.0777845 0)
(2.0767 0.0926542 0)
(2.08264 0.102813 0)
(2.09972 0.102529 0)
(2.12432 0.0976907 0)
(2.14675 0.0980173 0)
(2.1674 0.0958588 0)
(2.18591 0.0922342 0)
(2.20373 0.0897309 0)
(2.21963 0.0896414 0)
(2.23115 0.0964618 0)
(2.23956 0.113202 0)
(2.24761 0.129329 0)
(2.26453 0.134721 0)
(2.28469 0.13528 0)
(2.3046 0.132618 0)
(2.32341 0.126719 0)
(2.34047 0.119007 0)
(2.35486 0.11137 0)
(2.36496 0.105094 0)
(2.36971 0.104166 0)
(2.37589 0.110766 0)
(2.38825 0.119735 0)
(2.40424 0.127833 0)
(2.42059 0.133733 0)
(2.43751 0.135641 0)
(2.45514 0.133596 0)
(2.47121 0.127802 0)
(2.48337 0.119305 0)
(2.48808 0.112827 0)
(2.48321 0.11238 0)
(2.48571 0.121012 0)
(2.50227 0.130182 0)
(2.51959 0.135489 0)
(2.53866 0.138039 0)
(2.55886 0.140395 0)
(2.58708 0.143543 0)
(1.51033 0.836475 0)
(1.62947 0.810383 0)
(1.74296 0.77812 0)
(1.84125 0.744276 0)
(1.96554 0.672008 0)
(2.08294 0.584785 0)
(2.15033 0.544892 0)
(2.19961 0.499286 0)
(2.30502 0.395591 0)
(2.38877 0.291904 0)
(2.42473 0.26206 0)
(2.43864 0.226434 0)
(2.49791 0.139449 0)
(2.55017 0.065453 0)
(2.57711 0.0334594 0)
(2.5995 -0.0187393 0)
(2.61876 -0.0795381 0)
(2.63269 -0.0990024 0)
(2.64778 -0.127244 0)
(2.67028 -0.180119 0)
(2.68302 -0.237615 0)
(2.69519 -0.270851 0)
(2.70717 -0.268436 0)
(2.71428 -0.284322 0)
(2.73346 -0.309781 0)
(2.7401 -0.328838 0)
(2.73309 -0.335775 0)
(2.72865 -0.333957 0)
(2.72258 -0.32591 0)
(2.70978 -0.293757 0)
(2.69378 -0.267147 0)
(2.67972 -0.210007 0)
(2.55109 -0.325613 0)
(2.23201 -0.606182 0)
(2.08633 -0.750252 0)
(2.05842 -0.725343 0)
(2.0791 -0.710026 0)
(2.08589 -0.694358 0)
(2.08756 -0.684976 0)
(2.09013 -0.673627 0)
(2.10339 -0.656575 0)
(2.11845 -0.645741 0)
(2.1321 -0.642988 0)
(2.14729 -0.637756 0)
(2.15723 -0.62676 0)
(2.17102 -0.615412 0)
(2.19369 -0.615149 0)
(2.21677 -0.613469 0)
(2.23502 -0.608046 0)
(2.2551 -0.598047 0)
(2.27179 -0.589206 0)
(2.28183 -0.579468 0)
(2.28549 -0.566627 0)
(2.28599 -0.529412 0)
(2.27239 -0.483848 0)
(2.23629 -0.383041 0)
(2.18046 -0.225581 0)
(2.1334 -0.0762348 0)
(2.13888 -0.00670057 0)
(2.12359 0.0519567 0)
(2.10823 0.0856624 0)
(2.10809 0.110119 0)
(2.11775 0.125426 0)
(2.13042 0.125821 0)
(2.14955 0.127179 0)
(2.17248 0.122828 0)
(2.19422 0.115556 0)
(2.21396 0.109107 0)
(2.23238 0.107317 0)
(2.24885 0.111406 0)
(2.26422 0.122078 0)
(2.27629 0.138468 0)
(2.2841 0.153272 0)
(2.29393 0.158396 0)
(2.3087 0.155845 0)
(2.32507 0.149827 0)
(2.34156 0.1422 0)
(2.35871 0.134278 0)
(2.37469 0.128121 0)
(2.38771 0.124924 0)
(2.39882 0.126129 0)
(2.41031 0.13284 0)
(2.42242 0.142537 0)
(2.43466 0.150244 0)
(2.44713 0.153046 0)
(2.45926 0.150211 0)
(2.46954 0.141812 0)
(2.47771 0.130402 0)
(2.48442 0.120812 0)
(2.49225 0.123554 0)
(2.50143 0.138282 0)
(2.51144 0.156311 0)
(2.52933 0.1667 0)
(2.54696 0.172492 0)
(2.56566 0.172747 0)
(2.59483 0.170805 0)
(1.51557 0.830026 0)
(1.61403 0.811984 0)
(1.70481 0.791797 0)
(1.80855 0.748077 0)
(1.91913 0.684181 0)
(1.99172 0.647521 0)
(2.05651 0.610213 0)
(2.15974 0.521809 0)
(2.24492 0.435434 0)
(2.28277 0.405974 0)
(2.31626 0.366304 0)
(2.39136 0.270686 0)
(2.44688 0.191758 0)
(2.474 0.180309 0)
(2.49132 0.150291 0)
(2.54454 0.0670015 0)
(2.57729 -0.0160736 0)
(2.60022 -0.0441629 0)
(2.60858 -0.0439982 0)
(2.63444 -0.0931328 0)
(2.66238 -0.165452 0)
(2.68018 -0.201404 0)
(2.68816 -0.217664 0)
(2.70022 -0.247429 0)
(2.72232 -0.301309 0)
(2.73579 -0.319306 0)
(2.74037 -0.331586 0)
(2.73474 -0.340089 0)
(2.73809 -0.333815 0)
(2.738 -0.33309 0)
(2.71992 -0.351956 0)
(2.58751 -0.483749 0)
(2.30919 -0.753796 0)
(2.13133 -0.901451 0)
(2.10747 -0.915794 0)
(2.05935 -0.855695 0)
(2.06681 -0.77839 0)
(2.09121 -0.720572 0)
(2.11093 -0.699552 0)
(2.10862 -0.675363 0)
(2.11051 -0.661057 0)
(2.12452 -0.647169 0)
(2.13603 -0.639028 0)
(2.15201 -0.632399 0)
(2.16558 -0.619652 0)
(2.18264 -0.609068 0)
(2.20622 -0.611159 0)
(2.22801 -0.609969 0)
(2.24951 -0.602264 0)
(2.27035 -0.590241 0)
(2.29151 -0.577539 0)
(2.30641 -0.568113 0)
(2.31541 -0.562283 0)
(2.3121 -0.549875 0)
(2.32206 -0.534473 0)
(2.32786 -0.515949 0)
(2.32405 -0.474421 0)
(2.29379 -0.371818 0)
(2.25599 -0.217215 0)
(2.20104 -0.0585977 0)
(2.19889 0.0122405 0)
(2.17258 0.0686423 0)
(2.1605 0.116352 0)
(2.15208 0.136482 0)
(2.16052 0.1427 0)
(2.17785 0.145451 0)
(2.2021 0.142647 0)
(2.22298 0.136416 0)
(2.24473 0.137177 0)
(2.26537 0.136701 0)
(2.28445 0.137503 0)
(2.29942 0.145452 0)
(2.30782 0.158611 0)
(2.31331 0.170312 0)
(2.32056 0.172949 0)
(2.3353 0.16616 0)
(2.35094 0.160706 0)
(2.36629 0.158832 0)
(2.38401 0.157454 0)
(2.40245 0.154856 0)
(2.41817 0.15016 0)
(2.43177 0.14779 0)
(2.44325 0.151313 0)
(2.45208 0.158654 0)
(2.46012 0.163612 0)
(2.4677 0.163436 0)
(2.47411 0.158118 0)
(2.48012 0.149455 0)
(2.4909 0.145674 0)
(2.50581 0.149194 0)
(2.52051 0.157667 0)
(2.53281 0.175935 0)
(2.54025 0.194911 0)
(2.54777 0.201112 0)
(2.56732 0.196573 0)
(2.59684 0.190015 0)
(1.52642 0.830467 0)
(1.60896 0.815198 0)
(1.68986 0.794561 0)
(1.78992 0.751683 0)
(1.87958 0.708724 0)
(1.94289 0.683369 0)
(2.02189 0.63105 0)
(2.12148 0.548106 0)
(2.19076 0.490537 0)
(2.22462 0.467353 0)
(2.27608 0.408746 0)
(2.34861 0.32317 0)
(2.40391 0.257701 0)
(2.43525 0.232848 0)
(2.45747 0.200225 0)
(2.50029 0.133974 0)
(2.53231 0.0794348 0)
(2.55241 0.0569772 0)
(2.5777 0.0160397 0)
(2.6092 -0.045288 0)
(2.62987 -0.0921236 0)
(2.64141 -0.0930459 0)
(2.6472 -0.101196 0)
(2.67476 -0.15236 0)
(2.69167 -0.193936 0)
(2.7003 -0.211658 0)
(2.71188 -0.240195 0)
(2.71261 -0.244947 0)
(2.72674 -0.283065 0)
(2.7098 -0.32775 0)
(2.58321 -0.513349 0)
(2.28052 -0.852404 0)
(2.14448 -0.956621 0)
(2.1209 -0.993317 0)
(2.12093 -0.985508 0)
(2.11327 -0.957329 0)
(2.11507 -0.920905 0)
(2.12285 -0.876661 0)
(2.13594 -0.83209 0)
(2.15061 -0.79319 0)
(2.16365 -0.749738 0)
(2.1793 -0.706656 0)
(2.18991 -0.673429 0)
(2.19135 -0.65386 0)
(2.1958 -0.631412 0)
(2.20658 -0.611419 0)
(2.21916 -0.608192 0)
(2.23765 -0.602988 0)
(2.26346 -0.588406 0)
(2.2898 -0.581184 0)
(2.30953 -0.574345 0)
(2.325 -0.56806 0)
(2.33795 -0.559668 0)
(2.34364 -0.547658 0)
(2.34353 -0.529811 0)
(2.35433 -0.524581 0)
(2.36583 -0.520037 0)
(2.38124 -0.501415 0)
(2.38816 -0.449975 0)
(2.36301 -0.344162 0)
(2.33371 -0.210991 0)
(2.26453 -0.0513224 0)
(2.24171 0.0394995 0)
(2.22417 0.0930368 0)
(2.20669 0.118983 0)
(2.20065 0.152706 0)
(2.21475 0.15456 0)
(2.24162 0.159532 0)
(2.26606 0.161135 0)
(2.28453 0.162318 0)
(2.29979 0.166255 0)
(2.31371 0.171611 0)
(2.32612 0.171704 0)
(2.33464 0.174639 0)
(2.33926 0.17938 0)
(2.3487 0.179951 0)
(2.3634 0.178619 0)
(2.38057 0.177446 0)
(2.39941 0.179157 0)
(2.41787 0.182003 0)
(2.43441 0.181269 0)
(2.44819 0.176675 0)
(2.45938 0.173479 0)
(2.46764 0.172827 0)
(2.47367 0.172472 0)
(2.47944 0.171202 0)
(2.48592 0.16918 0)
(2.49471 0.170031 0)
(2.50689 0.17501 0)
(2.52073 0.180786 0)
(2.53573 0.188189 0)
(2.55017 0.197033 0)
(2.56019 0.205932 0)
(2.56306 0.215414 0)
(2.57172 0.213318 0)
(2.59356 0.203726 0)
(1.54377 0.833501 0)
(1.61241 0.823618 0)
(1.68892 0.799715 0)
(1.7746 0.762616 0)
(1.84314 0.739583 0)
(1.90655 0.711639 0)
(1.99819 0.647559 0)
(2.07873 0.577816 0)
(2.12366 0.55637 0)
(2.16361 0.526299 0)
(2.24397 0.449912 0)
(2.31399 0.360626 0)
(2.35138 0.332154 0)
(2.36137 0.324607 0)
(2.41131 0.269079 0)
(2.46854 0.185428 0)
(2.50451 0.134991 0)
(2.51543 0.1314 0)
(2.52846 0.105233 0)
(2.56509 0.0466028 0)
(2.59607 -0.00238804 0)
(2.61816 -0.0337322 0)
(2.62844 -0.0503974 0)
(2.65068 -0.0939041 0)
(2.6681 -0.128333 0)
(2.68335 -0.159324 0)
(2.69484 -0.165228 0)
(2.7051 -0.215597 0)
(2.68383 -0.290945 0)
(2.56629 -0.480539 0)
(2.25886 -0.823603 0)
(2.1288 -0.930633 0)
(2.08899 -0.979261 0)
(2.10488 -0.987859 0)
(2.12576 -0.996754 0)
(2.13193 -0.980634 0)
(2.14145 -0.957631 0)
(2.15676 -0.943463 0)
(2.17682 -0.927391 0)
(2.20252 -0.908957 0)
(2.21583 -0.869258 0)
(2.22898 -0.832333 0)
(2.23102 -0.780238 0)
(2.2303 -0.730293 0)
(2.2346 -0.692124 0)
(2.23467 -0.647388 0)
(2.24671 -0.609947 0)
(2.26921 -0.588596 0)
(2.29571 -0.579015 0)
(2.31757 -0.573694 0)
(2.32725 -0.572167 0)
(2.33914 -0.567616 0)
(2.35588 -0.557913 0)
(2.36757 -0.543896 0)
(2.37293 -0.529784 0)
(2.38163 -0.517726 0)
(2.396 -0.507465 0)
(2.41175 -0.496903 0)
(2.43643 -0.48924 0)
(2.44939 -0.476733 0)
(2.44823 -0.434384 0)
(2.42786 -0.349456 0)
(2.37287 -0.197878 0)
(2.3481 -0.0735436 0)
(2.27205 0.0576328 0)
(2.24985 0.11789 0)
(2.25085 0.14152 0)
(2.27392 0.159908 0)
(2.29342 0.178063 0)
(2.3041 0.182921 0)
(2.3216 0.186594 0)
(2.33563 0.185322 0)
(2.34543 0.190167 0)
(2.34941 0.199671 0)
(2.35072 0.202708 0)
(2.36683 0.197946 0)
(2.38281 0.195474 0)
(2.39925 0.193833 0)
(2.41675 0.194664 0)
(2.43651 0.198005 0)
(2.4545 0.202442 0)
(2.46597 0.203629 0)
(2.47108 0.202568 0)
(2.47441 0.200085 0)
(2.4808 0.196117 0)
(2.49027 0.192095 0)
(2.50165 0.191412 0)
(2.51482 0.194813 0)
(2.52829 0.199581 0)
(2.54122 0.205613 0)
(2.55362 0.212134 0)
(2.56564 0.217827 0)
(2.57435 0.221265 0)
(2.57849 0.22564 0)
(2.58213 0.226389 0)
(2.59551 0.220561 0)
(1.5506 0.851255 0)
(1.61396 0.838979 0)
(1.68777 0.811813 0)
(1.76053 0.781136 0)
(1.81953 0.763031 0)
(1.89079 0.724508 0)
(1.97868 0.659059 0)
(2.04064 0.617432 0)
(2.0776 0.603357 0)
(2.1401 0.551622 0)
(2.22253 0.466709 0)
(2.2764 0.410953 0)
(2.29788 0.40673 0)
(2.32437 0.373093 0)
(2.39012 0.296832 0)
(2.43975 0.225849 0)
(2.46496 0.21176 0)
(2.46757 0.20477 0)
(2.506 0.150017 0)
(2.54602 0.0784648 0)
(2.57345 0.0498735 0)
(2.5749 0.0590171 0)
(2.58977 0.0306255 0)
(2.62153 -0.0269615 0)
(2.64477 -0.0698996 0)
(2.66223 -0.0859055 0)
(2.67379 -0.120466 0)
(2.65042 -0.187445 0)
(2.53733 -0.382241 0)
(2.21113 -0.753288 0)
(2.10054 -0.876811 0)
(2.06331 -0.930519 0)
(2.09323 -0.9296 0)
(2.12492 -0.930445 0)
(2.14104 -0.937688 0)
(2.15347 -0.937119 0)
(2.1673 -0.935223 0)
(2.18838 -0.928538 0)
(2.20923 -0.928452 0)
(2.22566 -0.928298 0)
(2.24782 -0.921573 0)
(2.2715 -0.908791 0)
(2.28409 -0.895553 0)
(2.28721 -0.866243 0)
(2.29428 -0.820232 0)
(2.29481 -0.757489 0)
(2.29876 -0.710954 0)
(2.30615 -0.664212 0)
(2.32015 -0.613754 0)
(2.33976 -0.598511 0)
(2.3652 -0.58625 0)
(2.38284 -0.568843 0)
(2.38617 -0.561735 0)
(2.38365 -0.54522 0)
(2.39319 -0.525155 0)
(2.40476 -0.510943 0)
(2.42202 -0.495187 0)
(2.43528 -0.482604 0)
(2.45403 -0.479037 0)
(2.46808 -0.4782 0)
(2.48342 -0.471384 0)
(2.50222 -0.457394 0)
(2.50222 -0.420972 0)
(2.48436 -0.345735 0)
(2.42685 -0.20875 0)
(2.3907 -0.0789664 0)
(2.32825 0.063241 0)
(2.30963 0.151341 0)
(2.32023 0.16359 0)
(2.34573 0.186227 0)
(2.35246 0.190005 0)
(2.35633 0.193158 0)
(2.3659 0.205306 0)
(2.37459 0.209266 0)
(2.37528 0.218503 0)
(2.37937 0.22661 0)
(2.39657 0.226035 0)
(2.4157 0.224893 0)
(2.43609 0.218277 0)
(2.45452 0.214628 0)
(2.47289 0.21608 0)
(2.48659 0.218264 0)
(2.49292 0.219045 0)
(2.49193 0.221555 0)
(2.49178 0.224261 0)
(2.50348 0.223947 0)
(2.5197 0.223672 0)
(2.53488 0.223765 0)
(2.54913 0.224577 0)
(2.5624 0.227131 0)
(2.57465 0.231026 0)
(2.58401 0.237743 0)
(2.58796 0.243539 0)
(2.58992 0.244534 0)
(2.59356 0.235377 0)
(2.60349 0.230399 0)
(1.56548 0.853209 0)
(1.62529 0.838889 0)
(1.69311 0.814364 0)
(1.75408 0.795086 0)
(1.80965 0.776734 0)
(1.88491 0.733083 0)
(1.95729 0.679395 0)
(2.00353 0.66214 0)
(2.04637 0.639297 0)
(2.12291 0.577637 0)
(2.18922 0.503147 0)
(2.22512 0.480952 0)
(2.24242 0.471598 0)
(2.29927 0.416622 0)
(2.36118 0.337254 0)
(2.39913 0.292128 0)
(2.40874 0.294014 0)
(2.42833 0.264758 0)
(2.47843 0.199742 0)
(2.51276 0.144825 0)
(2.53225 0.13576 0)
(2.5381 0.124749 0)
(2.57049 0.0731449 0)
(2.59531 0.0236146 0)
(2.61146 0.0106835 0)
(2.62988 -0.0234251 0)
(2.60548 -0.0969656 0)
(2.47732 -0.310761 0)
(2.1755 -0.663113 0)
(2.06498 -0.81311 0)
(2.04077 -0.870302 0)
(2.07131 -0.863716 0)
(2.10417 -0.858388 0)
(2.1251 -0.864073 0)
(2.14298 -0.875793 0)
(2.16179 -0.890542 0)
(2.17971 -0.903746 0)
(2.19645 -0.908861 0)
(2.21582 -0.909738 0)
(2.23642 -0.905156 0)
(2.2613 -0.898989 0)
(2.2888 -0.899338 0)
(2.31099 -0.890968 0)
(2.32586 -0.882696 0)
(2.33713 -0.875572 0)
(2.34158 -0.848181 0)
(2.34583 -0.806896 0)
(2.35631 -0.778645 0)
(2.36691 -0.742769 0)
(2.38073 -0.703344 0)
(2.40225 -0.674175 0)
(2.41192 -0.622468 0)
(2.42469 -0.598344 0)
(2.43711 -0.57388 0)
(2.4484 -0.541998 0)
(2.45203 -0.514058 0)
(2.45629 -0.488095 0)
(2.46078 -0.476739 0)
(2.47176 -0.470657 0)
(2.48318 -0.459789 0)
(2.50037 -0.446097 0)
(2.52385 -0.449854 0)
(2.53817 -0.447672 0)
(2.54792 -0.441777 0)
(2.54122 -0.406564 0)
(2.52332 -0.319354 0)
(2.48662 -0.198568 0)
(2.43818 -0.0589306 0)
(2.405 0.0558351 0)
(2.38791 0.147157 0)
(2.39197 0.173263 0)
(2.39914 0.195919 0)
(2.40109 0.201288 0)
(2.40014 0.214261 0)
(2.401 0.231199 0)
(2.40593 0.247597 0)
(2.41788 0.250924 0)
(2.4347 0.252742 0)
(2.44971 0.252007 0)
(2.46699 0.248015 0)
(2.48589 0.242327 0)
(2.50252 0.236888 0)
(2.51335 0.232801 0)
(2.5155 0.234715 0)
(2.51507 0.243592 0)
(2.51957 0.253586 0)
(2.53062 0.257637 0)
(2.54795 0.256594 0)
(2.5642 0.254226 0)
(2.57897 0.251428 0)
(2.5929 0.250911 0)
(2.60441 0.255927 0)
(2.6059 0.265378 0)
(2.59569 0.265896 0)
(2.59575 0.259183 0)
(2.6108 0.254402 0)
(1.57316 0.869329 0)
(1.62857 0.852668 0)
(1.68824 0.83159 0)
(1.74488 0.814609 0)
(1.80603 0.788635 0)
(1.8766 0.745329 0)
(1.93273 0.711107 0)
(1.97447 0.698931 0)
(2.03413 0.660597 0)
(2.11133 0.59019 0)
(2.16217 0.541073 0)
(2.18508 0.539817 0)
(2.21582 0.510433 0)
(2.28577 0.439456 0)
(2.33823 0.366561 0)
(2.36681 0.352851 0)
(2.37006 0.351093 0)
(2.40976 0.302686 0)
(2.45786 0.233104 0)
(2.49166 0.187534 0)
(2.50539 0.189603 0)
(2.51688 0.173585 0)
(2.54872 0.12555 0)
(2.57281 0.0862427 0)
(2.5904 0.0370261 0)
(2.56337 -0.0474109 0)
(2.42811 -0.259709 0)
(2.11881 -0.593319 0)
(2.02004 -0.734112 0)
(2.02047 -0.793365 0)
(2.04845 -0.789204 0)
(2.08291 -0.786622 0)
(2.10796 -0.794356 0)
(2.12883 -0.807838 0)
(2.15041 -0.816307 0)
(2.17084 -0.822752 0)
(2.18584 -0.828182 0)
(2.19642 -0.832933 0)
(2.21267 -0.839924 0)
(2.23985 -0.849902 0)
(2.26978 -0.855257 0)
(2.29764 -0.85703 0)
(2.32586 -0.856339 0)
(2.35067 -0.855199 0)
(2.37129 -0.853473 0)
(2.38225 -0.84435 0)
(2.37596 -0.828084 0)
(2.38068 -0.808968 0)
(2.40709 -0.798247 0)
(2.42367 -0.782386 0)
(2.44355 -0.761052 0)
(2.45949 -0.731305 0)
(2.47466 -0.697524 0)
(2.48948 -0.661734 0)
(2.48773 -0.609291 0)
(2.48949 -0.565788 0)
(2.49857 -0.548635 0)
(2.50044 -0.520203 0)
(2.50013 -0.487275 0)
(2.51294 -0.449337 0)
(2.53479 -0.430315 0)
(2.54868 -0.434575 0)
(2.55492 -0.432998 0)
(2.5647 -0.430414 0)
(2.57921 -0.422993 0)
(2.59476 -0.414254 0)
(2.57869 -0.361278 0)
(2.57193 -0.296855 0)
(2.54912 -0.203653 0)
(2.49573 -0.0571315 0)
(2.48886 0.029405 0)
(2.45735 0.135354 0)
(2.45158 0.178969 0)
(2.44591 0.208461 0)
(2.44491 0.220381 0)
(2.43772 0.240477 0)
(2.4451 0.261983 0)
(2.45512 0.272271 0)
(2.4714 0.279257 0)
(2.48581 0.278246 0)
(2.49762 0.274764 0)
(2.51057 0.271872 0)
(2.52507 0.265724 0)
(2.53542 0.259123 0)
(2.54047 0.258062 0)
(2.54548 0.265271 0)
(2.55445 0.274601 0)
(2.56584 0.280301 0)
(2.57944 0.280538 0)
(2.5944 0.278004 0)
(2.60851 0.274528 0)
(2.62191 0.271917 0)
(2.62758 0.272338 0)
(2.6141 0.279113 0)
(2.61247 0.28764 0)
(2.62882 0.289985 0)
(1.59327 0.873286 0)
(1.64177 0.857407 0)
(1.69415 0.840731 0)
(1.75002 0.821325 0)
(1.80733 0.795759 0)
(1.86407 0.764426 0)
(1.91388 0.741862 0)
(1.96286 0.71895 0)
(2.028 0.673163 0)
(2.08552 0.616411 0)
(2.12141 0.596681 0)
(2.14812 0.5896 0)
(2.20442 0.539792 0)
(2.26545 0.462147 0)
(2.30048 0.419039 0)
(2.31379 0.42734 0)
(2.33506 0.405084 0)
(2.39268 0.340696 0)
(2.43306 0.270596 0)
(2.4545 0.255344 0)
(2.45643 0.26366 0)
(2.48997 0.228092 0)
(2.52464 0.180462 0)
(2.54384 0.122746 0)
(2.51191 0.0228609 0)
(2.36031 -0.241955 0)
(2.07568 -0.539019 0)
(1.99815 -0.632129 0)
(1.99063 -0.704018 0)
(2.02268 -0.717488 0)
(2.05636 -0.721347 0)
(2.08489 -0.729228 0)
(2.11076 -0.745709 0)
(2.13619 -0.754509 0)
(2.15936 -0.760219 0)
(2.17821 -0.766863 0)
(2.19266 -0.774167 0)
(2.20646 -0.783056 0)
(2.22556 -0.791103 0)
(2.25169 -0.796402 0)
(2.28072 -0.801799 0)
(2.31022 -0.807442 0)
(2.33896 -0.810451 0)
(2.36426 -0.813257 0)
(2.38463 -0.818799 0)
(2.40031 -0.823475 0)
(2.4138 -0.813786 0)
(2.41568 -0.792706 0)
(2.42958 -0.775027 0)
(2.44405 -0.773961 0)
(2.46298 -0.770755 0)
(2.48576 -0.761231 0)
(2.51262 -0.748828 0)
(2.53033 -0.730576 0)
(2.54081 -0.713435 0)
(2.54271 -0.690059 0)
(2.54036 -0.650344 0)
(2.54323 -0.59403 0)
(2.54821 -0.565442 0)
(2.55812 -0.538256 0)
(2.56521 -0.485962 0)
(2.58115 -0.447538 0)
(2.59977 -0.415348 0)
(2.60281 -0.401445 0)
(2.60892 -0.40259 0)
(2.61372 -0.404766 0)
(2.62393 -0.393497 0)
(2.62791 -0.37458 0)
(2.62515 -0.33178 0)
(2.62538 -0.28152 0)
(2.6104 -0.199196 0)
(2.57613 -0.0904629 0)
(2.54117 0.0264877 0)
(2.55209 0.087633 0)
(2.49847 0.184514 0)
(2.49176 0.220019 0)
(2.49395 0.244434 0)
(2.48977 0.263 0)
(2.49605 0.294219 0)
(2.50253 0.302171 0)
(2.51347 0.304042 0)
(2.52686 0.301369 0)
(2.53917 0.296658 0)
(2.54718 0.296606 0)
(2.55472 0.294482 0)
(2.56573 0.288927 0)
(2.57725 0.288075 0)
(2.58978 0.293518 0)
(2.60043 0.302478 0)
(2.60987 0.306176 0)
(2.62173 0.301243 0)
(2.63263 0.293508 0)
(2.63859 0.285343 0)
(2.63879 0.288545 0)
(2.63705 0.313121 0)
(2.64511 0.325014 0)
(1.61255 0.895541 0)
(1.65557 0.87653 0)
(1.70232 0.857791 0)
(1.74723 0.842109 0)
(1.7974 0.818492 0)
(1.8542 0.785401 0)
(1.90553 0.759984 0)
(1.95057 0.737616 0)
(2.00377 0.69981 0)
(2.05823 0.651666 0)
(2.10044 0.629094 0)
(2.13707 0.608019 0)
(2.1909 0.558474 0)
(2.23703 0.496458 0)
(2.26602 0.476052 0)
(2.28306 0.473004 0)
(2.32584 0.43003 0)
(2.3772 0.360616 0)
(2.40658 0.315698 0)
(2.41656 0.322923 0)
(2.43996 0.303522 0)
(2.47256 0.265866 0)
(2.49347 0.200111 0)
(2.45819 0.0811028 0)
(2.25126 -0.22519 0)
(2.07716 -0.475733 0)
(1.95063 -0.60798 0)
(1.94743 -0.647962 0)
(1.98601 -0.652959 0)
(2.01873 -0.650324 0)
(2.05117 -0.663379 0)
(2.08425 -0.681979 0)
(2.11611 -0.693097 0)
(2.1457 -0.701322 0)
(2.17139 -0.709102 0)
(2.19039 -0.714878 0)
(2.20249 -0.719483 0)
(2.21584 -0.725477 0)
(2.2368 -0.731437 0)
(2.26283 -0.735247 0)
(2.29031 -0.737021 0)
(2.31693 -0.739676 0)
(2.34208 -0.744212 0)
(2.36591 -0.748605 0)
(2.38756 -0.751528 0)
(2.40684 -0.756519 0)
(2.42461 -0.763212 0)
(2.43712 -0.766795 0)
(2.45043 -0.758581 0)
(2.46808 -0.74643 0)
(2.4894 -0.738195 0)
(2.50568 -0.736852 0)
(2.52816 -0.734583 0)
(2.54614 -0.728722 0)
(2.56092 -0.71956 0)
(2.57542 -0.708811 0)
(2.58305 -0.703811 0)
(2.59082 -0.68307 0)
(2.59158 -0.647208 0)
(2.60048 -0.621158 0)
(2.60741 -0.579004 0)
(2.62195 -0.540223 0)
(2.63735 -0.500373 0)
(2.6414 -0.453591 0)
(2.64339 -0.429138 0)
(2.6494 -0.41064 0)
(2.65391 -0.395787 0)
(2.65794 -0.386653 0)
(2.66103 -0.372403 0)
(2.67306 -0.34319 0)
(2.67295 -0.304822 0)
(2.67933 -0.261359 0)
(2.67256 -0.201551 0)
(2.65104 -0.112042 0)
(2.61042 -0.0053271 0)
(2.60277 0.0649456 0)
(2.58054 0.149372 0)
(2.5376 0.241884 0)
(2.54501 0.266533 0)
(2.54509 0.293839 0)
(2.55156 0.318747 0)
(2.55444 0.318171 0)
(2.55742 0.314859 0)
(2.56502 0.319216 0)
(2.57087 0.323063 0)
(2.57339 0.327621 0)
(2.58979 0.325146 0)
(2.6067 0.32188 0)
(2.62108 0.322746 0)
(2.63206 0.326569 0)
(2.63748 0.327314 0)
(2.64037 0.319166 0)
(2.64579 0.311773 0)
(2.65362 0.309952 0)
(2.66219 0.320225 0)
(2.67567 0.335278 0)
(1.63161 0.915107 0)
(1.67039 0.894393 0)
(1.7098 0.876889 0)
(1.74985 0.858091 0)
(1.7996 0.827823 0)
(1.85018 0.79762 0)
(1.89023 0.783216 0)
(1.9328 0.760864 0)
(1.99198 0.713799 0)
(2.04307 0.671122 0)
(2.0768 0.662281 0)
(2.11017 0.643109 0)
(2.16707 0.590218 0)
(2.21325 0.53105 0)
(2.24251 0.519479 0)
(2.26017 0.511211 0)
(2.30613 0.466564 0)
(2.34943 0.400539 0)
(2.37198 0.379085 0)
(2.39664 0.371252 0)
(2.41604 0.35462 0)
(2.43882 0.285463 0)
(2.38806 0.143674 0)
(2.18659 -0.183363 0)
(1.96462 -0.470278 0)
(1.91427 -0.562796 0)
(1.94135 -0.557378 0)
(1.97798 -0.570225 0)
(1.99618 -0.578694 0)
(2.01838 -0.597678 0)
(2.05202 -0.615373 0)
(2.08517 -0.629154 0)
(2.11998 -0.641038 0)
(2.15328 -0.65309 0)
(2.18244 -0.663971 0)
(2.20474 -0.671172 0)
(2.21854 -0.673438 0)
(2.23035 -0.676227 0)
(2.25025 -0.681606 0)
(2.27602 -0.687049 0)
(2.30344 -0.691636 0)
(2.33074 -0.695568 0)
(2.3564 -0.699821 0)
(2.38019 -0.70392 0)
(2.40213 -0.707447 0)
(2.42196 -0.709437 0)
(2.43836 -0.712219 0)
(2.45172 -0.713869 0)
(2.46556 -0.711736 0)
(2.48462 -0.709783 0)
(2.5067 -0.712853 0)
(2.52774 -0.714164 0)
(2.54957 -0.70573 0)
(2.5672 -0.698316 0)
(2.58717 -0.688767 0)
(2.60298 -0.684131 0)
(2.61181 -0.68142 0)
(2.61159 -0.677043 0)
(2.61082 -0.667213 0)
(2.6275 -0.648414 0)
(2.64769 -0.63547 0)
(2.66308 -0.61751 0)
(2.67527 -0.579884 0)
(2.68655 -0.547653 0)
(2.69622 -0.523944 0)
(2.69057 -0.4835 0)
(2.68608 -0.433558 0)
(2.68843 -0.400392 0)
(2.69107 -0.395578 0)
(2.70023 -0.376101 0)
(2.71488 -0.351564 0)
(2.71957 -0.3254 0)
(2.72386 -0.277002 0)
(2.72763 -0.240464 0)
(2.72373 -0.205213 0)
(2.70644 -0.145196 0)
(2.67333 -0.0499424 0)
(2.65682 0.0259162 0)
(2.64981 0.113058 0)
(2.59993 0.247941 0)
(2.59925 0.312306 0)
(2.60268 0.321522 0)
(2.59272 0.325045 0)
(2.59362 0.321507 0)
(2.59375 0.327218 0)
(2.59983 0.345597 0)
(2.6073 0.358709 0)
(2.61732 0.360983 0)
(2.63078 0.360438 0)
(2.64652 0.354069 0)
(2.6561 0.346424 0)
(2.6557 0.345835 0)
(2.65494 0.346774 0)
(2.66831 0.338266 0)
(2.68086 0.339666 0)
(2.69991 0.346841 0)
(1.65751 0.928433 0)
(1.69155 0.908827 0)
(1.72554 0.890514 0)
(1.76173 0.869107 0)
(1.80485 0.841749 0)
(1.84678 0.818883 0)
(1.88454 0.801323 0)
(1.93096 0.769875 0)
(1.98179 0.728101 0)
(2.01998 0.705402 0)
(2.05107 0.695977 0)
(2.09846 0.66066 0)
(2.15456 0.601405 0)
(2.19016 0.565718 0)
(2.2092 0.569027 0)
(2.23593 0.548198 0)
(2.29361 0.485688 0)
(2.32824 0.432429 0)
(2.35678 0.419528 0)
(2.36841 0.426348 0)
(2.38348 0.357899 0)
(2.33738 0.210612 0)
(2.0525 -0.187971 0)
(1.919 -0.395196 0)
(1.89028 -0.487715 0)
(1.91212 -0.50291 0)
(1.95333 -0.514755 0)
(1.98254 -0.519692 0)
(1.99684 -0.534941 0)
(2.01804 -0.551712 0)
(2.05147 -0.567599 0)
(2.08663 -0.581284 0)
(2.1222 -0.594127 0)
(2.15683 -0.607854 0)
(2.18915 -0.621543 0)
(2.21799 -0.631875 0)
(2.24093 -0.636076 0)
(2.25572 -0.634007 0)
(2.26856 -0.63213 0)
(2.289 -0.634911 0)
(2.31465 -0.638911 0)
(2.34139 -0.642585 0)
(2.36721 -0.645779 0)
(2.39105 -0.647433 0)
(2.41235 -0.647148 0)
(2.43086 -0.646452 0)
(2.44715 -0.647767 0)
(2.46209 -0.651208 0)
(2.47754 -0.651782 0)
(2.49571 -0.649887 0)
(2.51597 -0.649816 0)
(2.53746 -0.650551 0)
(2.55945 -0.650753 0)
(2.58134 -0.650568 0)
(2.60146 -0.650357 0)
(2.61779 -0.649239 0)
(2.6305 -0.652193 0)
(2.64135 -0.648374 0)
(2.64436 -0.641759 0)
(2.64422 -0.631616 0)
(2.6569 -0.618386 0)
(2.67926 -0.608589 0)
(2.70082 -0.593404 0)
(2.71772 -0.573102 0)
(2.73038 -0.565784 0)
(2.73695 -0.559711 0)
(2.73496 -0.541071 0)
(2.7264 -0.50216 0)
(2.72794 -0.454497 0)
(2.72942 -0.408312 0)
(2.73285 -0.379835 0)
(2.74599 -0.3612 0)
(2.76153 -0.332509 0)
(2.76223 -0.306921 0)
(2.76281 -0.25535 0)
(2.76488 -0.230998 0)
(2.76196 -0.217654 0)
(2.7517 -0.181135 0)
(2.73476 -0.106285 0)
(2.71254 0.00254674 0)
(2.71246 0.105321 0)
(2.66533 0.251776 0)
(2.65063 0.335194 0)
(2.63606 0.317348 0)
(2.63217 0.317227 0)
(2.6409 0.3336 0)
(2.63893 0.354819 0)
(2.63278 0.385988 0)
(2.64165 0.391689 0)
(2.65405 0.386413 0)
(2.66515 0.381416 0)
(2.67326 0.371774 0)
(2.6781 0.36992 0)
(2.68167 0.371132 0)
(2.68982 0.374845 0)
(2.71056 0.377904 0)
(1.67668 0.954552 0)
(1.71327 0.932407 0)
(1.7418 0.915215 0)
(1.77485 0.891643 0)
(1.81602 0.861235 0)
(1.85199 0.840635 0)
(1.88307 0.823848 0)
(1.92471 0.793654 0)
(1.97233 0.75486 0)
(2.01154 0.73119 0)
(2.04245 0.715123 0)
(2.08319 0.681599 0)
(2.1289 0.63398 0)
(2.16323 0.609349 0)
(2.18322 0.605279 0)
(2.22934 0.565776 0)
(2.27098 0.511377 0)
(2.30401 0.475059 0)
(2.31769 0.481823 0)
(2.33048 0.419931 0)
(2.25353 0.238881 0)
(2.00056 -0.114331 0)
(1.86815 -0.327212 0)
(1.83527 -0.440004 0)
(1.86882 -0.447785 0)
(1.91516 -0.451827 0)
(1.95648 -0.467907 0)
(1.98647 -0.489344 0)
(2.01103 -0.50943 0)
(2.03352 -0.526102 0)
(2.06162 -0.53219 0)
(2.09358 -0.537418 0)
(2.12752 -0.547357 0)
(2.16212 -0.560445 0)
(2.19565 -0.573426 0)
(2.22807 -0.583932 0)
(2.25836 -0.590499 0)
(2.28196 -0.592443 0)
(2.29511 -0.589768 0)
(2.30624 -0.587617 0)
(2.32653 -0.590338 0)
(2.35251 -0.595474 0)
(2.37966 -0.601007 0)
(2.40608 -0.605286 0)
(2.43058 -0.607181 0)
(2.45183 -0.607811 0)
(2.46852 -0.608328 0)
(2.47961 -0.607631 0)
(2.49109 -0.605345 0)
(2.51011 -0.604078 0)
(2.53204 -0.604577 0)
(2.55466 -0.605159 0)
(2.5774 -0.603085 0)
(2.59841 -0.597141 0)
(2.61436 -0.591665 0)
(2.62604 -0.594617 0)
(2.63751 -0.604522 0)
(2.65025 -0.613114 0)
(2.66235 -0.615583 0)
(2.66925 -0.610355 0)
(2.67934 -0.592155 0)
(2.69499 -0.575681 0)
(2.71552 -0.561634 0)
(2.72803 -0.549064 0)
(2.74391 -0.546818 0)
(2.75357 -0.551987 0)
(2.75928 -0.558322 0)
(2.76198 -0.555846 0)
(2.76414 -0.527804 0)
(2.7613 -0.490885 0)
(2.76799 -0.453456 0)
(2.77605 -0.417267 0)
(2.78305 -0.383542 0)
(2.79527 -0.351459 0)
(2.79846 -0.327612 0)
(2.79041 -0.294676 0)
(2.79248 -0.255493 0)
(2.79578 -0.2376 0)
(2.79493 -0.222825 0)
(2.79546 -0.184404 0)
(2.78175 -0.0971788 0)
(2.76725 -0.00060223 0)
(2.75884 0.0986318 0)
(2.71447 0.226487 0)
(2.69019 0.295707 0)
(2.6928 0.290694 0)
(2.68624 0.326475 0)
(2.67611 0.361869 0)
(2.67328 0.39673 0)
(2.67269 0.406209 0)
(2.67966 0.407666 0)
(2.68608 0.403308 0)
(2.69153 0.401172 0)
(2.69956 0.398952 0)
(2.70717 0.406058 0)
(2.71902 0.414628 0)
(1.68983 0.97211 0)
(1.72187 0.956895 0)
(1.75793 0.936947 0)
(1.79411 0.909532 0)
(1.82947 0.882721 0)
(1.85359 0.87166 0)
(1.88416 0.850731 0)
(1.93351 0.806865 0)
(1.97615 0.769143 0)
(1.99976 0.763321 0)
(2.0241 0.747746 0)
(2.07294 0.705113 0)
(2.12232 0.649149 0)
(2.15007 0.63934 0)
(2.17239 0.630086 0)
(2.20765 0.59711 0)
(2.2547 0.539581 0)
(2.28259 0.528843 0)
(2.26763 0.453187 0)
(2.17792 0.252231 0)
(1.92404 -0.102169 0)
(1.76456 -0.311781 0)
(1.79688 -0.39262 0)
(1.83558 -0.401369 0)
(1.88199 -0.408881 0)
(1.92578 -0.423105 0)
(1.96329 -0.438715 0)
(1.99665 -0.45472 0)
(2.02797 -0.468312 0)
(2.05453 -0.47865 0)
(2.07884 -0.488724 0)
(2.10796 -0.498389 0)
(2.14039 -0.505878 0)
(2.17278 -0.512987 0)
(2.20525 -0.52234 0)
(2.23843 -0.533154 0)
(2.2709 -0.543293 0)
(2.29935 -0.550469 0)
(2.31849 -0.551672 0)
(2.32839 -0.547153 0)
(2.34143 -0.542987 0)
(2.36371 -0.542732 0)
(2.39043 -0.545219 0)
(2.41808 -0.548988 0)
(2.44423 -0.553338 0)
(2.46683 -0.558155 0)
(2.4848 -0.561659 0)
(2.49703 -0.559793 0)
(2.50432 -0.550583 0)
(2.51443 -0.541648 0)
(2.53194 -0.538879 0)
(2.55438 -0.541065 0)
(2.5794 -0.544913 0)
(2.60487 -0.547066 0)
(2.62635 -0.545991 0)
(2.64053 -0.543558 0)
(2.64789 -0.543824 0)
(2.65491 -0.549258 0)
(2.66565 -0.554517 0)
(2.67767 -0.557669 0)
(2.68798 -0.551824 0)
(2.69553 -0.53552 0)
(2.71159 -0.519335 0)
(2.73407 -0.510731 0)
(2.75438 -0.508847 0)
(2.77006 -0.51355 0)
(2.77954 -0.525453 0)
(2.78193 -0.53332 0)
(2.78168 -0.526317 0)
(2.77927 -0.510529 0)
(2.78916 -0.488316 0)
(2.80538 -0.468625 0)
(2.81262 -0.439905 0)
(2.82679 -0.412036 0)
(2.83079 -0.384963 0)
(2.82397 -0.35439 0)
(2.82866 -0.336711 0)
(2.82968 -0.315882 0)
(2.82511 -0.281427 0)
(2.82816 -0.249727 0)
(2.84369 -0.226085 0)
(2.8406 -0.174979 0)
(2.82391 -0.0996849 0)
(2.81795 -0.0274689 0)
(2.79823 0.0566891 0)
(2.77755 0.135045 0)
(2.73404 0.252916 0)
(2.72323 0.319616 0)
(2.73821 0.332385 0)
(2.72238 0.375024 0)
(2.71085 0.422984 0)
(2.70715 0.430445 0)
(2.70929 0.425733 0)
(2.71567 0.418209 0)
(2.72405 0.421982 0)
(2.73968 0.436035 0)
(1.77911 0.980078 0)
(1.72813 0.97428 0)
(1.76306 0.955224 0)
(1.80906 0.925341 0)
(1.837 0.90983 0)
(1.86195 0.895633 0)
(1.90323 0.860367 0)
(1.94659 0.817428 0)
(1.97142 0.802914 0)
(1.98924 0.797346 0)
(2.02636 0.763722 0)
(2.08111 0.705789 0)
(2.11436 0.675425 0)
(2.13006 0.679951 0)
(2.15099 0.665765 0)
(2.20796 0.608363 0)
(2.23907 0.577136 0)
(2.22466 0.495502 0)
(2.08813 0.25041 0)
(1.82706 -0.11454 0)
(1.75981 -0.236299 0)
(1.77471 -0.296907 0)
(1.81034 -0.317428 0)
(1.85619 -0.337098 0)
(1.89797 -0.359963 0)
(1.93625 -0.379652 0)
(1.97406 -0.395645 0)
(2.01257 -0.414091 0)
(2.04731 -0.432631 0)
(2.07559 -0.445508 0)
(2.10004 -0.451741 0)
(2.12699 -0.455795 0)
(2.1575 -0.461115 0)
(2.18905 -0.467815 0)
(2.22046 -0.476114 0)
(2.25184 -0.485481 0)
(2.2825 -0.49486 0)
(2.31039 -0.503831 0)
(2.33267 -0.510536 0)
(2.34859 -0.511347 0)
(2.36392 -0.506579 0)
(2.38394 -0.501031 0)
(2.40716 -0.496983 0)
(2.43108 -0.494343 0)
(2.45453 -0.494771 0)
(2.47746 -0.502861 0)
(2.49735 -0.516119 0)
(2.51305 -0.525271 0)
(2.52707 -0.522427 0)
(2.54091 -0.51147 0)
(2.5549 -0.500901 0)
(2.56947 -0.495038 0)
(2.58454 -0.492479 0)
(2.60023 -0.489777 0)
(2.61696 -0.487461 0)
(2.63516 -0.487631 0)
(2.65342 -0.492211 0)
(2.66953 -0.49829 0)
(2.68321 -0.503887 0)
(2.69446 -0.508997 0)
(2.70228 -0.509822 0)
(2.71027 -0.501446 0)
(2.72372 -0.487478 0)
(2.73885 -0.473593 0)
(2.75146 -0.463581 0)
(2.76638 -0.464208 0)
(2.78404 -0.475055 0)
(2.79391 -0.487743 0)
(2.79937 -0.494771 0)
(2.80156 -0.487794 0)
(2.80566 -0.469576 0)
(2.81537 -0.460523 0)
(2.827 -0.454268 0)
(2.84455 -0.434141 0)
(2.85158 -0.412744 0)
(2.85669 -0.392159 0)
(2.85781 -0.377376 0)
(2.86088 -0.365225 0)
(2.8631 -0.350165 0)
(2.86523 -0.3262 0)
(2.87022 -0.289332 0)
(2.88292 -0.255432 0)
(2.88405 -0.219062 0)
(2.87188 -0.169949 0)
(2.87363 -0.127669 0)
(2.86272 -0.0849748 0)
(2.83749 -0.0121838 0)
(2.79724 0.123545 0)
(2.79025 0.219043 0)
(2.77743 0.279816 0)
(2.78502 0.332119 0)
(2.75585 0.400092 0)
(2.74942 0.435054 0)
(2.74208 0.427644 0)
(2.74389 0.433636 0)
(2.75872 0.438754 0)
(2.16959 0.810109 0)
(1.78459 0.977343 0)
(1.77585 0.976357 0)
(1.81095 0.951078 0)
(1.84673 0.930034 0)
(1.87805 0.908939 0)
(1.9148 0.87771 0)
(1.94595 0.849726 0)
(1.97259 0.834331 0)
(1.99412 0.817299 0)
(2.03869 0.775244 0)
(2.07609 0.732184 0)
(2.10097 0.718131 0)
(2.11333 0.717953 0)
(2.16091 0.676474 0)
(2.19243 0.635325 0)
(2.17265 0.526653 0)
(1.99251 0.246433 0)
(1.76686 -0.0774768 0)
(1.70195 -0.258417 0)
(1.72228 -0.290811 0)
(1.7826 -0.28646 0)
(1.82673 -0.281678 0)
(1.871 -0.297983 0)
(1.91359 -0.324946 0)
(1.95262 -0.352932 0)
(1.9919 -0.371904 0)
(2.03127 -0.384462 0)
(2.06627 -0.392724 0)
(2.09537 -0.399524 0)
(2.12076 -0.407131 0)
(2.14752 -0.41428 0)
(2.17739 -0.419611 0)
(2.20811 -0.424478 0)
(2.23818 -0.431407 0)
(2.26731 -0.440188 0)
(2.29487 -0.44874 0)
(2.31977 -0.456311 0)
(2.34182 -0.462104 0)
(2.36223 -0.463854 0)
(2.38224 -0.46101 0)
(2.40266 -0.456482 0)
(2.42385 -0.452968 0)
(2.44541 -0.44975 0)
(2.46564 -0.445632 0)
(2.48262 -0.445448 0)
(2.49816 -0.452883 0)
(2.51532 -0.460332 0)
(2.53535 -0.461927 0)
(2.55501 -0.458888 0)
(2.57181 -0.454789 0)
(2.58694 -0.453869 0)
(2.6019 -0.455638 0)
(2.61702 -0.457419 0)
(2.63193 -0.456084 0)
(2.6466 -0.448314 0)
(2.6601 -0.439259 0)
(2.66963 -0.435649 0)
(2.67831 -0.438067 0)
(2.69021 -0.440633 0)
(2.70671 -0.441222 0)
(2.72298 -0.44114 0)
(2.73794 -0.442166 0)
(2.75262 -0.440937 0)
(2.76986 -0.436336 0)
(2.78416 -0.428728 0)
(2.78598 -0.422962 0)
(2.78723 -0.429162 0)
(2.79994 -0.436575 0)
(2.8135 -0.441377 0)
(2.82582 -0.445699 0)
(2.83665 -0.444215 0)
(2.84289 -0.431485 0)
(2.85065 -0.414183 0)
(2.85912 -0.40299 0)
(2.8683 -0.389903 0)
(2.87141 -0.380513 0)
(2.8807 -0.367638 0)
(2.89247 -0.367029 0)
(2.89892 -0.362788 0)
(2.90655 -0.348967 0)
(2.91723 -0.324342 0)
(2.92155 -0.282867 0)
(2.91866 -0.250548 0)
(2.91307 -0.211879 0)
(2.91414 -0.18788 0)
(2.90469 -0.169004 0)
(2.88368 -0.100562 0)
(2.87278 -0.0094544 0)
(2.86747 0.0567251 0)
(2.83916 0.167825 0)
(2.8268 0.249804 0)
(2.82686 0.305667 0)
(2.78421 0.399065 0)
(2.77657 0.405521 0)
(2.77836 0.441291 0)
(2.78378 0.327559 0)
(2.07602 0.863463 0)
(1.81971 0.979468 0)
(1.81557 0.97698 0)
(1.85 0.953602 0)
(1.88775 0.928371 0)
(1.9236 0.89608 0)
(1.95693 0.866581 0)
(1.97498 0.860727 0)
(2.00092 0.841181 0)
(2.04526 0.797816 0)
(2.08267 0.752846 0)
(2.10006 0.753237 0)
(2.12222 0.739252 0)
(2.15072 0.694338 0)
(2.11076 0.554095 0)
(1.91535 0.220613 0)
(1.69097 -0.0743453 0)
(1.69098 -0.156107 0)
(1.72251 -0.192095 0)
(1.76812 -0.227661 0)
(1.81178 -0.244458 0)
(1.84914 -0.263892 0)
(1.88878 -0.282139 0)
(1.92809 -0.296376 0)
(1.96751 -0.312521 0)
(2.00798 -0.329828 0)
(2.04846 -0.346056 0)
(2.08629 -0.359344 0)
(2.11883 -0.368069 0)
(2.14509 -0.371296 0)
(2.16921 -0.370612 0)
(2.19592 -0.370168 0)
(2.22503 -0.373565 0)
(2.25467 -0.382186 0)
(2.28279 -0.393372 0)
(2.3084 -0.403141 0)
(2.33142 -0.410151 0)
(2.35303 -0.414975 0)
(2.37502 -0.417373 0)
(2.39762 -0.416989 0)
(2.41965 -0.414537 0)
(2.44027 -0.411799 0)
(2.45994 -0.40946 0)
(2.47951 -0.406654 0)
(2.49844 -0.405677 0)
(2.51575 -0.409206 0)
(2.53167 -0.412762 0)
(2.54802 -0.411701 0)
(2.56455 -0.406529 0)
(2.5793 -0.399937 0)
(2.5904 -0.396047 0)
(2.59828 -0.397078 0)
(2.61244 -0.397923 0)
(2.63539 -0.39959 0)
(2.65677 -0.403497 0)
(2.67691 -0.408364 0)
(2.69269 -0.410024 0)
(2.70364 -0.408662 0)
(2.70691 -0.40373 0)
(2.70453 -0.393301 0)
(2.71387 -0.383056 0)
(2.73528 -0.378128 0)
(2.75808 -0.380151 0)
(2.77946 -0.386733 0)
(2.79845 -0.392836 0)
(2.80772 -0.390741 0)
(2.80649 -0.382857 0)
(2.80132 -0.377933 0)
(2.80903 -0.380672 0)
(2.82795 -0.384897 0)
(2.84531 -0.390661 0)
(2.86012 -0.397676 0)
(2.87132 -0.393684 0)
(2.87387 -0.379843 0)
(2.87554 -0.365536 0)
(2.87795 -0.362821 0)
(2.88427 -0.356673 0)
(2.9012 -0.349942 0)
(2.91445 -0.348255 0)
(2.92519 -0.339666 0)
(2.93859 -0.323637 0)
(2.94602 -0.311575 0)
(2.94982 -0.303341 0)
(2.94986 -0.287543 0)
(2.94524 -0.247774 0)
(2.9428 -0.224789 0)
(2.93545 -0.201025 0)
(2.92917 -0.147018 0)
(2.93388 -0.112491 0)
(2.92852 -0.0718623 0)
(2.90986 0.00934453 0)
(2.88862 0.103954 0)
(2.86298 0.197501 0)
(2.84149 0.263615 0)
(2.82157 0.373726 0)
(2.99163 0.0283262 0)
(2.65852 0.449222 0)
(2.02638 0.899813 0)
(1.85435 0.980945 0)
(1.85442 0.976775 0)
(1.89086 0.950606 0)
(1.93268 0.91345 0)
(1.95471 0.899817 0)
(1.97187 0.890937 0)
(2.01526 0.854031 0)
(2.0577 0.803053 0)
(2.08215 0.788537 0)
(2.09044 0.798111 0)
(2.11232 0.748853 0)
(2.05724 0.582344 0)
(1.8196 0.194083 0)
(1.62146 -0.0906723 0)
(1.64175 -0.181197 0)
(1.69293 -0.181133 0)
(1.75094 -0.182981 0)
(1.79825 -0.195539 0)
(1.83702 -0.22099 0)
(1.87169 -0.245922 0)
(1.90859 -0.260832 0)
(1.94887 -0.272706 0)
(1.99067 -0.286113 0)
(2.0314 -0.299723 0)
(2.07001 -0.310767 0)
(2.1055 -0.318911 0)
(2.13643 -0.325362 0)
(2.16307 -0.330118 0)
(2.18894 -0.331763 0)
(2.21647 -0.331046 0)
(2.24455 -0.330814 0)
(2.27146 -0.334797 0)
(2.29633 -0.343192 0)
(2.31905 -0.351874 0)
(2.34051 -0.358501 0)
(2.36201 -0.363641 0)
(2.38454 -0.36741 0)
(2.40805 -0.369177 0)
(2.43118 -0.369032 0)
(2.4525 -0.367951 0)
(2.47171 -0.366176 0)
(2.48994 -0.362461 0)
(2.50772 -0.357817 0)
(2.52397 -0.355654 0)
(2.53854 -0.356271 0)
(2.55461 -0.356781 0)
(2.57392 -0.35676 0)
(2.59272 -0.358586 0)
(2.60817 -0.362687 0)
(2.61825 -0.36316 0)
(2.62473 -0.355743 0)
(2.63088 -0.348405 0)
(2.64816 -0.346303 0)
(2.67379 -0.347132 0)
(2.69892 -0.350886 0)
(2.71858 -0.358381 0)
(2.72881 -0.368432 0)
(2.7277 -0.365609 0)
(2.72716 -0.351166 0)
(2.73285 -0.336824 0)
(2.7471 -0.331259 0)
(2.76896 -0.332088 0)
(2.79306 -0.337097 0)
(2.8137 -0.344601 0)
(2.82704 -0.347731 0)
(2.83124 -0.342802 0)
(2.82996 -0.333689 0)
(2.8296 -0.33019 0)
(2.83781 -0.335346 0)
(2.85462 -0.339401 0)
(2.87215 -0.341005 0)
(2.88746 -0.343715 0)
(2.89539 -0.342524 0)
(2.89062 -0.3344 0)
(2.88614 -0.330106 0)
(2.8957 -0.32623 0)
(2.91253 -0.321055 0)
(2.92714 -0.315865 0)
(2.94218 -0.304091 0)
(2.95401 -0.294791 0)
(2.96307 -0.295795 0)
(2.96807 -0.29986 0)
(2.96697 -0.291805 0)
(2.96243 -0.260997 0)
(2.96285 -0.249557 0)
(2.96276 -0.218128 0)
(2.96848 -0.180467 0)
(2.97226 -0.157555 0)
(2.97092 -0.134341 0)
(2.96509 -0.0969532 0)
(2.94666 -0.0349887 0)
(2.92654 0.0359022 0)
(2.90143 0.178508 0)
(2.99983 0.000644875 0)
(2.97966 0.052172 0)
(2.54705 0.543615 0)
(2.00893 0.921689 0)
(1.88461 0.981015 0)
(1.89168 0.973415 0)
(1.92993 0.942305 0)
(1.95247 0.927699 0)
(1.98888 0.899172 0)
(2.02243 0.866262 0)
(2.05774 0.832295 0)
(2.06625 0.837251 0)
(2.07702 0.782242 0)
(1.98458 0.580564 0)
(1.75658 0.195737 0)
(1.61581 -0.0202354 0)
(1.62075 -0.0838504 0)
(1.66831 -0.109413 0)
(1.73291 -0.134291 0)
(1.78367 -0.156626 0)
(1.8178 -0.170735 0)
(1.85162 -0.187627 0)
(1.88772 -0.206673 0)
(1.92609 -0.221996 0)
(1.96705 -0.232603 0)
(2.00878 -0.242161 0)
(2.0488 -0.252454 0)
(2.08584 -0.263435 0)
(2.11946 -0.274965 0)
(2.14948 -0.285077 0)
(2.17708 -0.290435 0)
(2.20456 -0.290051 0)
(2.23254 -0.287132 0)
(2.2601 -0.285324 0)
(2.28586 -0.28762 0)
(2.30896 -0.29432 0)
(2.32991 -0.302023 0)
(2.3503 -0.308585 0)
(2.3715 -0.314379 0)
(2.39418 -0.319177 0)
(2.41812 -0.321973 0)
(2.44194 -0.32283 0)
(2.4638 -0.322766 0)
(2.48318 -0.321578 0)
(2.50116 -0.318279 0)
(2.51913 -0.314149 0)
(2.53643 -0.31136 0)
(2.55106 -0.30908 0)
(2.56257 -0.305316 0)
(2.57323 -0.301594 0)
(2.58837 -0.301211 0)
(2.60955 -0.305711 0)
(2.62943 -0.313737 0)
(2.64392 -0.319307 0)
(2.65569 -0.316472 0)
(2.66872 -0.308532 0)
(2.68164 -0.301954 0)
(2.69596 -0.301157 0)
(2.71219 -0.305504 0)
(2.72862 -0.310554 0)
(2.74132 -0.316436 0)
(2.74964 -0.318215 0)
(2.75318 -0.309641 0)
(2.7595 -0.29856 0)
(2.76918 -0.290548 0)
(2.78228 -0.287454 0)
(2.80242 -0.286923 0)
(2.82331 -0.288501 0)
(2.84148 -0.292155 0)
(2.85458 -0.296696 0)
(2.85789 -0.295622 0)
(2.85857 -0.290209 0)
(2.86223 -0.285228 0)
(2.86895 -0.283454 0)
(2.87944 -0.284419 0)
(2.89079 -0.287786 0)
(2.90007 -0.296718 0)
(2.9058 -0.301703 0)
(2.90386 -0.297129 0)
(2.90788 -0.286108 0)
(2.92471 -0.276395 0)
(2.94119 -0.269497 0)
(2.95746 -0.263096 0)
(2.97245 -0.261524 0)
(2.98198 -0.266331 0)
(2.97684 -0.269101 0)
(2.96357 -0.262744 0)
(2.97238 -0.247288 0)
(2.98108 -0.228586 0)
(2.98637 -0.207643 0)
(2.99561 -0.197474 0)
(3.00022 -0.189079 0)
(3.00292 -0.179011 0)
(3.00176 -0.158942 0)
(2.98389 -0.116559 0)
(2.98087 -0.0327778 0)
(3 1.58879e-06 0)
(2.99954 0.00182013 0)
(2.96048 0.0823824 0)
(2.46293 0.616341 0)
(2.0098 0.932916 0)
(1.91308 0.977301 0)
(1.92172 0.969361 0)
(1.95852 0.943768 0)
(1.98949 0.919698 0)
(2.0338 0.87701 0)
(2.05049 0.880519 0)
(2.03599 0.807998 0)
(1.91876 0.568758 0)
(1.65327 0.174258 0)
(1.53758 -0.0463777 0)
(1.58658 -0.095023 0)
(1.62904 -0.091701 0)
(1.68228 -0.09092 0)
(1.74765 -0.106989 0)
(1.80117 -0.132732 0)
(1.83966 -0.157329 0)
(1.87364 -0.173126 0)
(1.90895 -0.182425 0)
(1.94672 -0.190885 0)
(1.98704 -0.200755 0)
(2.0279 -0.210627 0)
(2.0665 -0.219547 0)
(2.10109 -0.227746 0)
(2.13142 -0.235759 0)
(2.15912 -0.242279 0)
(2.1871 -0.245738 0)
(2.21675 -0.246797 0)
(2.2471 -0.247378 0)
(2.27632 -0.248034 0)
(2.3024 -0.249435 0)
(2.32404 -0.252188 0)
(2.34212 -0.255504 0)
(2.35954 -0.259896 0)
(2.37947 -0.265819 0)
(2.40286 -0.271207 0)
(2.42851 -0.273906 0)
(2.45418 -0.274016 0)
(2.47697 -0.273883 0)
(2.4955 -0.273671 0)
(2.51081 -0.271058 0)
(2.52624 -0.266522 0)
(2.54496 -0.262649 0)
(2.56401 -0.261494 0)
(2.57971 -0.262915 0)
(2.59178 -0.263395 0)
(2.6018 -0.26032 0)
(2.61113 -0.256971 0)
(2.62631 -0.258808 0)
(2.64798 -0.262356 0)
(2.66846 -0.264968 0)
(2.68753 -0.265899 0)
(2.70433 -0.266998 0)
(2.71739 -0.265629 0)
(2.72537 -0.262125 0)
(2.72818 -0.260989 0)
(2.73587 -0.261845 0)
(2.75161 -0.261121 0)
(2.76624 -0.262707 0)
(2.77687 -0.261051 0)
(2.78646 -0.255188 0)
(2.79789 -0.251746 0)
(2.80775 -0.249058 0)
(2.81653 -0.2497 0)
(2.83046 -0.247707 0)
(2.84572 -0.242492 0)
(2.86317 -0.24044 0)
(2.87602 -0.241254 0)
(2.88349 -0.242184 0)
(2.88916 -0.241367 0)
(2.89204 -0.237907 0)
(2.88821 -0.238754 0)
(2.89073 -0.246139 0)
(2.90381 -0.252698 0)
(2.91496 -0.256466 0)
(2.92653 -0.250955 0)
(2.94097 -0.239526 0)
(2.95177 -0.229083 0)
(2.95932 -0.223847 0)
(2.96586 -0.228374 0)
(2.9702 -0.237749 0)
(2.96729 -0.245395 0)
(2.96744 -0.235664 0)
(2.97917 -0.216554 0)
(2.98645 -0.198411 0)
(2.99004 -0.190038 0)
(3.00443 -0.187569 0)
(3.01356 -0.189053 0)
(3.02068 -0.194304 0)
(3.02723 -0.195702 0)
(3.03023 -0.18934 0)
(3.01919 -0.133088 0)
(3 1.4673e-09 0)
(3 6.41251e-06 0)
(2.999 0.00384743 0)
(2.93684 0.116896 0)
(2.40454 0.667995 0)
(2.01568 0.938033 0)
(1.93841 0.97688 0)
(1.95019 0.969364 0)
(1.99819 0.931502 0)
(2.024 0.925018 0)
(2.01189 0.845276 0)
(1.82803 0.534173 0)
(1.57331 0.160606 0)
(1.52037 0.0415019 0)
(1.5244 -0.00843196 0)
(1.59867 -0.0528275 0)
(1.65718 -0.0727027 0)
(1.7026 -0.0800488 0)
(1.75125 -0.0916943 0)
(1.80029 -0.106388 0)
(1.84371 -0.119494 0)
(1.88293 -0.133249 0)
(1.92178 -0.146312 0)
(1.96167 -0.156747 0)
(2.00179 -0.165305 0)
(2.04026 -0.172382 0)
(2.07531 -0.178359 0)
(2.1064 -0.184188 0)
(2.13478 -0.190448 0)
(2.16289 -0.195289 0)
(2.19256 -0.197265 0)
(2.2237 -0.197407 0)
(2.25512 -0.197612 0)
(2.28527 -0.1987 0)
(2.3125 -0.201124 0)
(2.33532 -0.204717 0)
(2.35386 -0.207518 0)
(2.37046 -0.21032 0)
(2.38881 -0.215387 0)
(2.41125 -0.220735 0)
(2.43715 -0.223632 0)
(2.46467 -0.223457 0)
(2.49055 -0.223486 0)
(2.51157 -0.226413 0)
(2.52736 -0.227727 0)
(2.53897 -0.223498 0)
(2.55011 -0.214212 0)
(2.56516 -0.20583 0)
(2.58339 -0.204034 0)
(2.60265 -0.209667 0)
(2.61926 -0.217371 0)
(2.63159 -0.220533 0)
(2.63979 -0.217506 0)
(2.65009 -0.214402 0)
(2.67261 -0.214282 0)
(2.69556 -0.214248 0)
(2.71664 -0.215277 0)
(2.73315 -0.21799 0)
(2.7441 -0.222527 0)
(2.75064 -0.223957 0)
(2.75103 -0.215657 0)
(2.74935 -0.206542 0)
(2.75581 -0.204031 0)
(2.7755 -0.205725 0)
(2.79462 -0.206845 0)
(2.81253 -0.210108 0)
(2.82417 -0.213797 0)
(2.82203 -0.207743 0)
(2.83108 -0.201196 0)
(2.8505 -0.199436 0)
(2.86606 -0.192633 0)
(2.88218 -0.187706 0)
(2.89338 -0.186717 0)
(2.90017 -0.189231 0)
(2.90425 -0.195143 0)
(2.90255 -0.20015 0)
(2.89091 -0.195726 0)
(2.89751 -0.196947 0)
(2.91512 -0.199197 0)
(2.93134 -0.197557 0)
(2.94949 -0.192296 0)
(2.9638 -0.185908 0)
(2.97171 -0.183897 0)
(2.96843 -0.190911 0)
(2.95885 -0.202922 0)
(2.96905 -0.205158 0)
(2.97999 -0.201101 0)
(2.98878 -0.189843 0)
(2.99561 -0.172952 0)
(3.00403 -0.155751 0)
(3.01391 -0.147963 0)
(3.02699 -0.154635 0)
(3.03412 -0.167484 0)
(3.03956 -0.171088 0)
(3.04022 -0.164211 0)
(3.03182 -0.126794 0)
(3 1.62217e-13 0)
(3 8.25774e-09 0)
(2.99999 1.86545e-05 0)
(2.99812 0.00677494 0)
(2.91464 0.149535 0)
(2.35901 0.703131 0)
(2.03176 0.947007 0)
(1.96907 0.97003 0)
(1.98778 0.963661 0)
(1.98443 0.879114 0)
(1.75049 0.536147 0)
(1.47334 0.179349 0)
(1.44699 0.0242733 0)
(1.48106 -0.0040108 0)
(1.5224 -0.00333642 0)
(1.59609 -0.0201359 0)
(1.66724 -0.0449122 0)
(1.71955 -0.0679713 0)
(1.76175 -0.0780048 0)
(1.80515 -0.0851503 0)
(1.85033 -0.0952788 0)
(1.89451 -0.106525 0)
(1.93711 -0.117753 0)
(1.9787 -0.127998 0)
(2.01872 -0.136379 0)
(2.05595 -0.142876 0)
(2.0895 -0.148353 0)
(2.11947 -0.152995 0)
(2.14728 -0.156132 0)
(2.17507 -0.156621 0)
(2.20431 -0.155192 0)
(2.23535 -0.154091 0)
(2.26778 -0.154608 0)
(2.29982 -0.156503 0)
(2.32858 -0.159782 0)
(2.35222 -0.164274 0)
(2.37142 -0.167215 0)
(2.38898 -0.168016 0)
(2.4087 -0.170209 0)
(2.43139 -0.174721 0)
(2.45584 -0.17897 0)
(2.48075 -0.18034 0)
(2.50422 -0.178376 0)
(2.52219 -0.177424 0)
(2.53273 -0.179034 0)
(2.54341 -0.178882 0)
(2.56129 -0.174145 0)
(2.58241 -0.166254 0)
(2.60358 -0.159711 0)
(2.62236 -0.157903 0)
(2.63801 -0.163413 0)
(2.65092 -0.172854 0)
(2.66123 -0.177744 0)
(2.67064 -0.173669 0)
(2.68056 -0.168725 0)
(2.69315 -0.171487 0)
(2.70754 -0.175899 0)
(2.72016 -0.176796 0)
(2.73153 -0.173611 0)
(2.74619 -0.169831 0)
(2.76152 -0.16851 0)
(2.77289 -0.165016 0)
(2.7801 -0.158118 0)
(2.78476 -0.157068 0)
(2.79204 -0.166338 0)
(2.80227 -0.173783 0)
(2.81281 -0.17446 0)
(2.82822 -0.169177 0)
(2.84194 -0.158696 0)
(2.84968 -0.150776 0)
(2.85595 -0.148836 0)
(2.86323 -0.14861 0)
(2.87078 -0.150898 0)
(2.87773 -0.154284 0)
(2.88415 -0.158064 0)
(2.89303 -0.160856 0)
(2.90532 -0.161595 0)
(2.91589 -0.154996 0)
(2.92342 -0.149893 0)
(2.9289 -0.150335 0)
(2.93362 -0.150962 0)
(2.93875 -0.148708 0)
(2.94473 -0.149008 0)
(2.95166 -0.151979 0)
(2.95981 -0.155822 0)
(2.96643 -0.154271 0)
(2.97277 -0.155374 0)
(2.97745 -0.152185 0)
(2.97839 -0.140079 0)
(2.98311 -0.127438 0)
(2.9948 -0.126863 0)
(3.00861 -0.130501 0)
(3.01993 -0.140553 0)
(3.02475 -0.147048 0)
(3.02799 -0.139754 0)
(3.03018 -0.118104 0)
(3 5.4745e-16 0)
(3 1.40392e-12 0)
(3 2.84933e-08 0)
(2.99998 4.9536e-05 0)
(2.99779 0.00855735 0)
(2.85543 0.203698 0)
(2.43511 0.700712 0)
(2.02202 1.00384 0)
(1.98028 0.939723 0)
(1.66602 0.513395 0)
(1.34843 0.180802 0)
(1.34348 0.102181 0)
(1.40899 0.0459752 0)
(1.48254 0.00178024 0)
(1.53697 -0.00198387 0)
(1.59597 -0.00790343 0)
(1.6631 -0.0251887 0)
(1.71959 -0.0428241 0)
(1.76714 -0.055092 0)
(1.81209 -0.0605448 0)
(1.85708 -0.0645246 0)
(1.90237 -0.0705284 0)
(1.94733 -0.0790509 0)
(1.99065 -0.0885066 0)
(2.03057 -0.096077 0)
(2.06597 -0.101362 0)
(2.09634 -0.105339 0)
(2.12257 -0.108507 0)
(2.14781 -0.110125 0)
(2.17526 -0.10934 0)
(2.20584 -0.107276 0)
(2.23793 -0.106033 0)
(2.26944 -0.106178 0)
(2.29976 -0.106461 0)
(2.32877 -0.107521 0)
(2.35163 -0.112014 0)
(2.37035 -0.116314 0)
(2.38967 -0.116442 0)
(2.41086 -0.114335 0)
(2.43533 -0.114293 0)
(2.45827 -0.118557 0)
(2.47988 -0.124426 0)
(2.50055 -0.128999 0)
(2.52101 -0.129839 0)
(2.53787 -0.127912 0)
(2.54768 -0.124006 0)
(2.5549 -0.117633 0)
(2.56567 -0.111771 0)
(2.5837 -0.106627 0)
(2.60638 -0.104367 0)
(2.62957 -0.106549 0)
(2.65004 -0.112418 0)
(2.66762 -0.118625 0)
(2.68364 -0.122132 0)
(2.69688 -0.12378 0)
(2.70552 -0.124878 0)
(2.71156 -0.125434 0)
(2.71954 -0.124638 0)
(2.72982 -0.120954 0)
(2.73992 -0.115081 0)
(2.75074 -0.109635 0)
(2.76433 -0.105302 0)
(2.77986 -0.104694 0)
(2.79456 -0.110269 0)
(2.80442 -0.11919 0)
(2.80983 -0.125554 0)
(2.8153 -0.123167 0)
(2.82226 -0.113255 0)
(2.83198 -0.104369 0)
(2.8437 -0.100161 0)
(2.8524 -0.098865 0)
(2.85751 -0.100133 0)
(2.86207 -0.103599 0)
(2.86804 -0.107045 0)
(2.87559 -0.108608 0)
(2.88494 -0.105338 0)
(2.89547 -0.0996179 0)
(2.9085 -0.0969815 0)
(2.92125 -0.0982274 0)
(2.92798 -0.100584 0)
(2.92726 -0.101091 0)
(2.9281 -0.100123 0)
(2.93647 -0.101745 0)
(2.9508 -0.105404 0)
(2.96551 -0.108103 0)
(2.97876 -0.10834 0)
(2.98689 -0.1077 0)
(2.98327 -0.103552 0)
(2.97417 -0.0935995 0)
(2.97866 -0.0869816 0)
(2.993 -0.0881143 0)
(3.00841 -0.0891353 0)
(3.02265 -0.0953483 0)
(3.0312 -0.100539 0)
(3.0343 -0.0954643 0)
(3.0363 -0.086214 0)
(3 1.05499e-17 0)
(3 -4.92662e-16 0)
(3 6.19355e-12 0)
(3 1.00106e-07 0)
(2.99998 6.16597e-05 0)
(2.99265 0.0167935 0)
(2.98317 0.181607 0)
(2.37544 0.999589 0)
(1.62227 0.502554 0)
(1.17065 0.165812 0)
(1.19288 0.0554057 0)
(1.28737 0.0595482 0)
(1.37928 0.0347926 0)
(1.47973 -0.00460281 0)
(1.55256 -0.0116764 0)
(1.60962 -0.0105757 0)
(1.66429 -0.0126923 0)
(1.72023 -0.0228513 0)
(1.77301 -0.0330784 0)
(1.8228 -0.0385642 0)
(1.87101 -0.0402964 0)
(1.91767 -0.0417883 0)
(1.96294 -0.0458544 0)
(2.00634 -0.0518636 0)
(2.04668 -0.0574363 0)
(2.08297 -0.0614565 0)
(2.11466 -0.0647714 0)
(2.14187 -0.0677101 0)
(2.16643 -0.0699183 0)
(2.19179 -0.0702377 0)
(2.22034 -0.0689402 0)
(2.25214 -0.0676711 0)
(2.28659 -0.0672888 0)
(2.32139 -0.0666649 0)
(2.3518 -0.0672222 0)
(2.37857 -0.0714992 0)
(2.39478 -0.0759929 0)
(2.40813 -0.0778243 0)
(2.43243 -0.0747406 0)
(2.45832 -0.0706032 0)
(2.48321 -0.070933 0)
(2.50467 -0.0757606 0)
(2.52214 -0.083043 0)
(2.53678 -0.0863124 0)
(2.55206 -0.0819305 0)
(2.56726 -0.0763191 0)
(2.57645 -0.0713095 0)
(2.58113 -0.0672748 0)
(2.59306 -0.0644901 0)
(2.61501 -0.064476 0)
(2.6405 -0.0670222 0)
(2.66454 -0.0706101 0)
(2.68482 -0.0735966 0)
(2.70114 -0.0757189 0)
(2.71252 -0.0773468 0)
(2.71854 -0.0779049 0)
(2.72246 -0.0765742 0)
(2.72852 -0.0733919 0)
(2.73802 -0.0704929 0)
(2.75001 -0.0685935 0)
(2.76318 -0.0669046 0)
(2.77702 -0.065593 0)
(2.79122 -0.0665226 0)
(2.80431 -0.0709519 0)
(2.81421 -0.0764621 0)
(2.82101 -0.0776027 0)
(2.82751 -0.0735308 0)
(2.83594 -0.0683919 0)
(2.84615 -0.0637354 0)
(2.85568 -0.0609412 0)
(2.86202 -0.0598171 0)
(2.86495 -0.0618262 0)
(2.86715 -0.0660644 0)
(2.87252 -0.0679476 0)
(2.88219 -0.0657878 0)
(2.89456 -0.0623106 0)
(2.90887 -0.0598962 0)
(2.92332 -0.0594544 0)
(2.93408 -0.0600484 0)
(2.93681 -0.0599816 0)
(2.93201 -0.0618661 0)
(2.93155 -0.0646085 0)
(2.94257 -0.0647068 0)
(2.95791 -0.062649 0)
(2.97424 -0.0623673 0)
(2.98964 -0.062252 0)
(2.99987 -0.0628059 0)
(2.99803 -0.0631225 0)
(2.98503 -0.0589282 0)
(2.98691 -0.0561269 0)
(3.00117 -0.0569345 0)
(3.01741 -0.0576057 0)
(3.03351 -0.0617932 0)
(3.04524 -0.0647867 0)
(3.05032 -0.0615379 0)
(3.0523 -0.0549313 0)
(3 -4.23879e-16 0)
(3 -1.71795e-15 0)
(3 3.55479e-16 0)
(3 2.35183e-11 0)
(3 1.15859e-07 0)
(2.99992 0.000123398 0)
(2.99989 0.0162588 0)
(2.77155 0.199465 0)
(1.08052 0.305285 0)
(0.971391 0.189393 0)
(1.15635 0.118101 0)
(1.27693 0.068523 0)
(1.3753 0.0413664 0)
(1.48805 0.0102988 0)
(1.56796 -0.000297671 0)
(1.6245 -0.00193135 0)
(1.67446 -0.00441676 0)
(1.72456 -0.0065676 0)
(1.77698 -0.00930406 0)
(1.82919 -0.0116165 0)
(1.88022 -0.013055 0)
(1.92965 -0.0141845 0)
(1.97635 -0.015569 0)
(2.01957 -0.0170304 0)
(2.05925 -0.018226 0)
(2.09498 -0.0192007 0)
(2.12566 -0.0205008 0)
(2.15127 -0.022232 0)
(2.17531 -0.0236975 0)
(2.20261 -0.0245758 0)
(2.23392 -0.0246478 0)
(2.26676 -0.0233422 0)
(2.2976 -0.0211054 0)
(2.32365 -0.0211188 0)
(2.34719 -0.0237638 0)
(2.37231 -0.0247588 0)
(2.40053 -0.0256759 0)
(2.42584 -0.0254459 0)
(2.44422 -0.0264071 0)
(2.45656 -0.0304133 0)
(2.47072 -0.0307781 0)
(2.48873 -0.0299174 0)
(2.50969 -0.0296621 0)
(2.53142 -0.0304327 0)
(2.55018 -0.0325643 0)
(2.56145 -0.0325803 0)
(2.56443 -0.032466 0)
(2.56421 -0.0331417 0)
(2.57426 -0.033449 0)
(2.59599 -0.0331748 0)
(2.62128 -0.0330054 0)
(2.64582 -0.0333856 0)
(2.66702 -0.0343956 0)
(2.68307 -0.035743 0)
(2.69285 -0.0374409 0)
(2.69734 -0.0388637 0)
(2.70078 -0.0392372 0)
(2.70739 -0.0389809 0)
(2.71765 -0.0387191 0)
(2.72995 -0.0381032 0)
(2.74289 -0.0372194 0)
(2.75568 -0.03642 0)
(2.76793 -0.0363349 0)
(2.77932 -0.0377033 0)
(2.78939 -0.0395329 0)
(2.79863 -0.0400306 0)
(2.8082 -0.0393458 0)
(2.8184 -0.0378403 0)
(2.8286 -0.0357306 0)
(2.83739 -0.035422 0)
(2.84233 -0.0355237 0)
(2.84222 -0.0363639 0)
(2.84207 -0.0369775 0)
(2.85004 -0.0358136 0)
(2.86344 -0.0346905 0)
(2.87887 -0.0340358 0)
(2.89488 -0.0336613 0)
(2.90908 -0.0344453 0)
(2.91824 -0.036215 0)
(2.91781 -0.0370286 0)
(2.90763 -0.0368792 0)
(2.90785 -0.0353984 0)
(2.9221 -0.0344558 0)
(2.93898 -0.033885 0)
(2.95684 -0.0345196 0)
(2.97261 -0.0350028 0)
(2.98306 -0.0361588 0)
(2.98023 -0.0367866 0)
(2.96515 -0.0339137 0)
(2.9679 -0.0327387 0)
(2.98222 -0.032581 0)
(2.99858 -0.0329105 0)
(3.01512 -0.0359889 0)
(3.02773 -0.0384717 0)
(3.03344 -0.0366521 0)
(3.03799 -0.0337547 0)
)
;

boundaryField
{
    inlet
    {
        type            fixedValue;
        value           uniform (3 0 0);
    }
    outlet
    {
        type            inletOutlet;
        inletValue      uniform (3 0 0);
        value           nonuniform List<vector> 
32
(
(2.54775 0.0103333 0)
(2.55438 0.00988114 0)
(2.54893 0.0306548 0)
(2.55275 0.0585283 0)
(2.56533 0.0774869 0)
(2.57217 0.101367 0)
(2.57923 0.12305 0)
(2.58708 0.143543 0)
(2.59483 0.170805 0)
(2.59684 0.190015 0)
(2.59356 0.203726 0)
(2.59551 0.220561 0)
(2.60349 0.230399 0)
(2.6108 0.254402 0)
(2.62882 0.289985 0)
(2.64511 0.325014 0)
(2.67567 0.335278 0)
(2.69991 0.346841 0)
(2.71056 0.377904 0)
(2.71902 0.414628 0)
(2.73968 0.436035 0)
(2.75872 0.438754 0)
(2.77836 0.441291 0)
(2.82157 0.373726 0)
(2.90143 0.178508 0)
(2.98087 -0.0327778 0)
(3.01919 -0.133088 0)
(3.03182 -0.126794 0)
(3.03018 -0.118104 0)
(3.0363 -0.086214 0)
(3.0523 -0.0549313 0)
(3.03799 -0.0337547 0)
)
;
    }
    bottom
    {
        type            symmetryPlane;
    }
    top
    {
        type            symmetryPlane;
    }
    obstacle
    {
        type            slip;
    }
    defaultFaces
    {
        type            empty;
    }
}


// ************************************************************************* //
