/*--------------------------------*- C++ -*----------------------------------*\
  =========                 |
  \\      /  F ield         | OpenFOAM: The Open Source CFD Toolbox
   \\    /   O peration     | Website:  https://openfoam.org
    \\  /    A nd           | Version:  7
     \\/     M anipulation  |
\*---------------------------------------------------------------------------*/
FoamFile
{
    version     2.0;
    format      ascii;
    class       volVectorField;
    location    "2.4";
    object      U;
}
// * * * * * * * * * * * * * * * * * * * * * * * * * * * * * * * * * * * * * //

dimensions      [0 1 -1 0 0 0 0];

internalField   nonuniform List<vector> 
4032
(
(3 -1.27292e-17 0)
(3 2.29804e-16 0)
(3 1.61111e-16 0)
(3 -2.89953e-17 0)
(3 -7.87244e-17 0)
(3 -1.70835e-16 0)
(3 -1.61802e-16 0)
(3 5.0415e-16 0)
(3 7.68989e-16 0)
(3 6.81039e-16 0)
(3 1.33132e-16 0)
(3 2.34791e-17 0)
(1.21235 0.0156465 0)
(0.726616 0.0153272 0)
(0.669648 0.0217888 0)
(0.613425 0.0241606 0)
(0.555159 0.0258349 0)
(0.495431 0.0274149 0)
(0.433221 0.029198 0)
(0.36765 0.0313695 0)
(0.297682 0.0341504 0)
(0.221225 0.0381784 0)
(0.137541 0.0409822 0)
(0.0508797 0.0456636 0)
(3 1.73602e-17 0)
(3 3.55461e-16 0)
(3 3.369e-17 0)
(3 2.18647e-16 0)
(3 3.33275e-16 0)
(3 3.5035e-16 0)
(3 3.08338e-16 0)
(3 6.35882e-16 0)
(3 8.59625e-16 0)
(3 6.92819e-16 0)
(3 7.08279e-16 0)
(3 9.37615e-17 0)
(1.23871 0.071975 0)
(0.720687 0.0618214 0)
(0.657121 0.0677763 0)
(0.60005 0.0735833 0)
(0.540889 0.0778078 0)
(0.480952 0.082426 0)
(0.419134 0.0880578 0)
(0.35464 0.095287 0)
(0.2865 0.104352 0)
(0.213042 0.117396 0)
(0.132159 0.126835 0)
(0.0492633 0.140913 0)
(3 3.6348e-17 0)
(3 -4.60268e-16 0)
(3 3.30219e-17 0)
(3 6.7907e-16 0)
(3 1.49471e-15 0)
(3 2.1178e-15 0)
(3 1.75784e-15 0)
(3 4.30885e-16 0)
(3 -2.04429e-16 0)
(3 -1.96826e-16 0)
(3 3.69242e-16 0)
(3 -4.89206e-16 0)
(1.31921 0.126481 0)
(0.732088 0.109025 0)
(0.661718 0.116601 0)
(0.603055 0.125541 0)
(0.541855 0.132218 0)
(0.480257 0.139414 0)
(0.416848 0.148032 0)
(0.350875 0.159189 0)
(0.281433 0.172796 0)
(0.208435 0.193426 0)
(0.127826 0.208656 0)
(0.0481426 0.231057 0)
(3 -6.96851e-17 0)
(3 -1.25751e-16 0)
(3 1.61622e-16 0)
(3 8.38873e-16 0)
(3 8.74707e-16 0)
(3 1.1943e-15 0)
(3 4.70933e-16 0)
(3 1.73395e-16 0)
(3 7.18154e-16 0)
(3 7.19603e-17 0)
(3 -2.37505e-16 0)
(3 -7.14459e-16 0)
(1.44836 0.178068 0)
(0.748235 0.159632 0)
(0.668996 0.166707 0)
(0.610972 0.178245 0)
(0.549669 0.187484 0)
(0.48793 0.197978 0)
(0.423519 0.210734 0)
(0.355595 0.227265 0)
(0.283205 0.245663 0)
(0.208779 0.273094 0)
(0.126636 0.293419 0)
(0.0461249 0.320532 0)
(3 -1.05287e-16 0)
(3 5.67625e-16 0)
(3 4.53214e-16 0)
(3 2.35081e-16 0)
(3 1.848e-16 0)
(3 -2.83363e-16 0)
(3 -6.24552e-16 0)
(3 -2.43055e-16 0)
(3 4.0211e-16 0)
(3 9.58528e-16 0)
(3 5.25673e-16 0)
(3 7.87454e-16 0)
(1.6386 0.225663 0)
(0.7718 0.214832 0)
(0.678242 0.217334 0)
(0.622539 0.230078 0)
(0.564003 0.241259 0)
(0.506105 0.254983 0)
(0.445672 0.272294 0)
(0.381575 0.295269 0)
(0.310662 0.319179 0)
(0.235981 0.354085 0)
(0.147088 0.382737 0)
(0.0560346 0.417199 0)
(3 1.00102e-16 0)
(3 2.96818e-17 0)
(3 4.14656e-16 0)
(3 2.53655e-16 0)
(3 -1.55019e-17 0)
(3 -2.20861e-16 0)
(3 4.32805e-17 0)
(3 2.43307e-16 0)
(3 2.23027e-16 0)
(3 -6.69773e-17 0)
(3 1.08934e-16 0)
(3 -1.70271e-15 0)
(1.89906 0.270666 0)
(0.805244 0.279136 0)
(0.685296 0.269746 0)
(0.628168 0.282194 0)
(0.569374 0.294698 0)
(0.514042 0.311014 0)
(0.458175 0.332514 0)
(0.400086 0.3634 0)
(0.330631 0.39764 0)
(0.254232 0.446264 0)
(0.159209 0.492557 0)
(0.0548127 0.535234 0)
(3 2.35333e-16 0)
(3 -3.59175e-16 0)
(3 -2.80505e-16 0)
(3 -2.15511e-16 0)
(3 -4.51932e-16 0)
(3 -2.35255e-16 0)
(3 2.65863e-16 0)
(3 8.25927e-16 0)
(3 6.98403e-16 0)
(3 -5.00916e-16 0)
(3 -5.98722e-16 0)
(3 -1.25446e-15 0)
(2.25587 0.303034 0)
(0.861903 0.356956 0)
(0.707939 0.329391 0)
(0.655648 0.342116 0)
(0.598615 0.352699 0)
(0.543983 0.368084 0)
(0.489455 0.390629 0)
(0.435806 0.428834 0)
(0.376545 0.475132 0)
(0.311303 0.535955 0)
(0.225392 0.601243 0)
(0.0989892 0.673783 0)
(3 -5.3575e-17 0)
(3 -2.18352e-16 0)
(3 -5.60213e-16 0)
(3 -1.06618e-15 0)
(3 -9.99893e-16 0)
(3 -4.42196e-16 0)
(3 2.0463e-16 0)
(3 9.31998e-16 0)
(3 1.49157e-16 0)
(3 2.92465e-18 0)
(3 -1.23679e-16 0)
(3 -3.91881e-16 0)
(2.75753 0.241105 0)
(0.995013 0.43095 0)
(0.788496 0.364868 0)
(0.73839 0.380262 0)
(0.674066 0.401929 0)
(0.612424 0.423467 0)
(0.551227 0.448436 0)
(0.499472 0.490239 0)
(0.445014 0.543351 0)
(0.383987 0.629281 0)
(0.270429 0.759685 0)
(0.149788 0.933532 0)
(3 -3.60295e-17 0)
(3 -9.24941e-17 0)
(3 7.18907e-17 0)
(3 -1.01835e-16 0)
(3 -3.01566e-16 0)
(3 -6.88608e-16 0)
(3 -1.01016e-15 0)
(3 -1.55138e-15 0)
(3 -1.587e-15 0)
(3 -6.80593e-16 0)
(3 -1.05767e-16 0)
(3 -3.71009e-16 0)
(3.06404 0.0297067 0)
(1.19954 0.433744 0)
(0.851733 0.400445 0)
(0.809873 0.43891 0)
(0.756896 0.460614 0)
(0.698512 0.483536 0)
(0.637722 0.507031 0)
(0.585348 0.549015 0)
(0.532215 0.613511 0)
(0.492563 0.736081 0)
(0.461594 0.918847 0)
(0.579015 1.20761 0)
(3 -2.17895e-17 0)
(3 2.66224e-17 0)
(3 6.23776e-16 0)
(3 1.2177e-15 0)
(3 1.40455e-15 0)
(3 9.09396e-16 0)
(3 -4.61805e-16 0)
(3 -2.26451e-15 0)
(3 -1.76813e-15 0)
(3 -1.02934e-15 0)
(3 6.99008e-17 0)
(3 5.87436e-16 0)
(3.00535 5.12824e-05 0)
(1.40959 0.431112 0)
(0.850027 0.459518 0)
(0.80469 0.489387 0)
(0.767439 0.516354 0)
(0.734982 0.548535 0)
(0.698292 0.577404 0)
(0.661253 0.6188 0)
(0.632057 0.686709 0)
(0.625356 0.809763 0)
(0.685453 0.958077 0)
(0.969481 1.13385 0)
(3 -1.23733e-16 0)
(3 2.3968e-16 0)
(3 1.90413e-16 0)
(3 1.1017e-16 0)
(3 8.84617e-16 0)
(3 8.23521e-16 0)
(3 3.9481e-16 0)
(3 -4.28861e-16 0)
(3 -1.45882e-16 0)
(3 -1.75304e-16 0)
(3 -1.44654e-16 0)
(3 3.69407e-16 0)
(3.00003 -1.40321e-06 0)
(1.86054 0.475762 0)
(0.887533 0.525717 0)
(0.808651 0.521041 0)
(0.788689 0.547233 0)
(0.770675 0.581385 0)
(0.758809 0.618907 0)
(0.741063 0.662644 0)
(0.739422 0.730343 0)
(0.760975 0.836305 0)
(0.877297 0.958257 0)
(1.18421 1.06779 0)
(3 2.78956e-16 0)
(3 8.132e-16 0)
(3 2.45786e-16 0)
(3 -2.97822e-16 0)
(3 -4.60877e-16 0)
(3 -9.45685e-17 0)
(3 6.63056e-16 0)
(3 7.79469e-16 0)
(3 4.85098e-16 0)
(3 -5.75218e-16 0)
(3 -8.27122e-16 0)
(3 -2.6119e-16 0)
(3 -1.42362e-06 0)
(2.60476 0.369174 0)
(1.03536 0.606229 0)
(0.870195 0.553854 0)
(0.836678 0.571963 0)
(0.818372 0.605319 0)
(0.817914 0.648474 0)
(0.817299 0.697694 0)
(0.835344 0.762365 0)
(0.883282 0.845301 0)
(1.01887 0.937912 0)
(1.27514 1.00131 0)
(3 9.99472e-17 0)
(3 -3.34749e-17 0)
(3 2.80059e-16 0)
(3 3.95251e-16 0)
(3 2.45542e-16 0)
(3 1.93718e-16 0)
(3 2.23838e-16 0)
(3 1.29072e-16 0)
(3 -2.09151e-16 0)
(3 -4.89282e-16 0)
(3 -3.91979e-16 0)
(3 -4.77028e-16 0)
(3 -2.82657e-07 0)
(3.08374 0.0466128 0)
(1.35769 0.611174 0)
(0.974624 0.598331 0)
(0.922008 0.60515 0)
(0.888133 0.630394 0)
(0.881766 0.670188 0)
(0.88917 0.718202 0)
(0.916255 0.777542 0)
(0.98376 0.847753 0)
(1.12136 0.915452 0)
(1.33105 0.955395 0)
(3 1.32885e-16 0)
(3 -8.3871e-17 0)
(3 9.44578e-17 0)
(3 3.72749e-16 0)
(3 3.34233e-16 0)
(3 -3.51699e-17 0)
(3 -1.32751e-15 0)
(3 -1.42425e-15 0)
(3 -1.69833e-15 0)
(3 -4.61365e-16 0)
(3 6.04905e-17 0)
(3 1.24237e-16 0)
(3 -2.63223e-08 0)
(3.0083 0.000142578 0)
(1.73784 0.577428 0)
(1.00673 0.674588 0)
(0.958936 0.670021 0)
(0.938539 0.679298 0)
(0.936056 0.705255 0)
(0.950713 0.741541 0)
(0.98563 0.784585 0)
(1.05966 0.83739 0)
(1.18522 0.883816 0)
(1.35171 0.907069 0)
(3 3.43495e-17 0)
(3 7.31259e-17 0)
(3 -1.48709e-16 0)
(3 -2.07808e-16 0)
(3 -6.11561e-16 0)
(3 -6.49671e-16 0)
(3 -1.83048e-16 0)
(3 1.14087e-16 0)
(3 -3.89215e-17 0)
(3 -9.32547e-16 0)
(3 -7.08672e-16 0)
(3 -1.29145e-15 0)
(3 -7.24449e-10 0)
(3.00005 -1.37462e-06 0)
(2.5918 0.391529 0)
(1.14329 0.704964 0)
(1.01156 0.707534 0)
(1.00272 0.70616 0)
(0.998002 0.722561 0)
(1.01078 0.75393 0)
(1.0495 0.789875 0)
(1.124 0.83041 0)
(1.23378 0.863488 0)
(1.37 0.879081 0)
(3 -4.62959e-16 0)
(3 -3.87592e-16 0)
(3 -1.60778e-16 0)
(3 -1.2054e-16 0)
(3 1.19032e-16 0)
(3 5.42941e-16 0)
(3 1.42424e-15 0)
(3 1.38706e-15 0)
(3 1.44213e-15 0)
(3 -1.58106e-16 0)
(3 -1.46456e-15 0)
(3 -1.62974e-15 0)
(3 -1.50082e-12 0)
(3 -2.32504e-06 0)
(3.07065 0.0394627 0)
(1.47531 0.693453 0)
(1.07912 0.73976 0)
(1.07294 0.737911 0)
(1.05998 0.754196 0)
(1.07132 0.767864 0)
(1.10713 0.789966 0)
(1.1759 0.818174 0)
(1.26885 0.840059 0)
(1.3814 0.849448 0)
(3 -4.19212e-17 0)
(3 -4.02505e-16 0)
(3 -1.84838e-16 0)
(3 5.17327e-17 0)
(3 -1.273e-16 0)
(3 -1.51399e-16 0)
(3 -4.26897e-17 0)
(3 5.37753e-16 0)
(3 1.4473e-15 0)
(3 1.30351e-15 0)
(3 1.32253e-16 0)
(3 4.6595e-16 0)
(3 -1.62782e-15 0)
(3 -4.82014e-07 0)
(3.00522 0.000333975 0)
(2.12024 0.624265 0)
(1.15028 0.802515 0)
(1.11385 0.786526 0)
(1.11674 0.785241 0)
(1.12957 0.790905 0)
(1.16217 0.80353 0)
(1.22311 0.820213 0)
(1.30323 0.834212 0)
(1.39873 0.83923 0)
(3 -6.69786e-17 0)
(3 1.73317e-17 0)
(3 -1.15726e-16 0)
(3 -1.46513e-16 0)
(3 -2.54981e-16 0)
(3 -3.66839e-16 0)
(3 -4.4082e-16 0)
(3 4.88703e-16 0)
(3 8.20595e-16 0)
(3 8.06498e-16 0)
(3 6.92829e-16 0)
(3 8.38282e-16 0)
(3 6.12711e-16 0)
(3 -3.91656e-08 0)
(3.00002 7.01748e-07 0)
(3.01613 0.158007 0)
(1.44914 0.778314 0)
(1.17262 0.786231 0)
(1.19021 0.793176 0)
(1.20075 0.80105 0)
(1.22793 0.809039 0)
(1.27637 0.817984 0)
(1.34179 0.826133 0)
(1.42258 0.828408 0)
(3 4.08847e-17 0)
(3 4.38217e-16 0)
(3 3.16407e-16 0)
(3 1.14527e-17 0)
(3 7.20219e-16 0)
(3 1.30469e-15 0)
(3 1.15445e-15 0)
(3 8.69595e-16 0)
(3 1.06579e-15 0)
(3 1.1119e-15 0)
(3 1.14262e-15 0)
(3 6.13116e-16 0)
(3 5.95038e-16 0)
(3 -1.69465e-10 0)
(3 -7.79257e-07 0)
(3.02115 0.00303917 0)
(1.94463 0.706802 0)
(1.20759 0.837009 0)
(1.2043 0.831258 0)
(1.23637 0.834236 0)
(1.27237 0.84054 0)
(1.3182 0.845049 0)
(1.37509 0.845268 0)
(1.44321 0.840995 0)
(3 2.83481e-16 0)
(3 1.59688e-16 0)
(3 8.81858e-17 0)
(3 -1.06692e-17 0)
(3 4.03307e-16 0)
(3 4.0396e-16 0)
(3 1.9488e-16 0)
(3 4.88601e-17 0)
(3 6.06473e-16 0)
(3 1.0992e-15 0)
(3 9.86369e-16 0)
(3 2.21425e-16 0)
(3 6.71952e-16 0)
(3 -2.94407e-13 0)
(3 -1.44011e-07 0)
(3.00017 4.11309e-05 0)
(2.92345 0.255945 0)
(1.46683 0.841164 0)
(1.23913 0.818722 0)
(1.28251 0.829941 0)
(1.3173 0.841106 0)
(1.36287 0.845716 0)
(1.41483 0.844132 0)
(1.47287 0.83859 0)
(3 -1.52846e-16 0)
(3 -3.20585e-16 0)
(3 -5.26625e-17 0)
(3 -4.6666e-17 0)
(3 -4.60948e-16 0)
(3 -4.68844e-16 0)
(3 -4.39769e-16 0)
(3 -1.35776e-16 0)
(3 -8.75191e-16 0)
(3 -1.06976e-15 0)
(3 -6.72814e-16 0)
(3 9.6256e-17 0)
(3 8.65891e-16 0)
(3 6.84121e-16 0)
(3 -4.55438e-09 0)
(3 -1.8742e-07 0)
(3.02953 0.00840505 0)
(1.97265 0.735054 0)
(1.29283 0.868256 0)
(1.29759 0.864738 0)
(1.33627 0.866048 0)
(1.38168 0.867038 0)
(1.43236 0.864948 0)
(1.48671 0.859078 0)
(3 -1.12284e-16 0)
(3 -2.06007e-16 0)
(3 -1.47876e-16 0)
(3 -3.22078e-16 0)
(3 -7.30992e-16 0)
(3 -5.9519e-17 0)
(3 -1.07181e-16 0)
(3 7.93193e-17 0)
(3 -8.00297e-16 0)
(3 -6.83032e-16 0)
(3 1.96859e-16 0)
(3 1.24067e-15 0)
(3 1.8606e-15 0)
(3 1.52384e-15 0)
(3 -1.57717e-11 0)
(3 -5.66812e-08 0)
(3.00039 0.000190834 0)
(2.90464 0.264819 0)
(1.57138 0.885891 0)
(1.32904 0.858393 0)
(1.37059 0.859685 0)
(1.40801 0.861822 0)
(1.45455 0.861167 0)
(1.5065 0.856021 0)
(3 1.74028e-16 0)
(3 9.11326e-17 0)
(3 -3.31223e-16 0)
(3 -2.82029e-16 0)
(3 -3.56317e-16 0)
(3 -6.12604e-16 0)
(3 -5.5783e-16 0)
(3 -5.33749e-16 0)
(3 -5.79827e-17 0)
(3 7.18657e-16 0)
(3 5.69027e-16 0)
(3 3.26031e-16 0)
(3 7.33649e-17 0)
(3 4.10146e-17 0)
(3 -6.03819e-15 0)
(3 -6.61188e-09 0)
(3 2.31094e-07 0)
(3.02191 0.0114521 0)
(2.20287 0.72026 0)
(1.40355 0.903646 0)
(1.39311 0.895437 0)
(1.4285 0.886198 0)
(1.46718 0.880582 0)
(1.51432 0.87201 0)
(3 6.61385e-17 0)
(3 6.63613e-17 0)
(3 -9.05294e-17 0)
(3 1.11135e-16 0)
(3 1.11302e-16 0)
(3 2.90605e-17 0)
(3 2.76897e-16 0)
(3 5.00985e-16 0)
(3 1.14959e-15 0)
(3 1.13524e-15 0)
(3 4.58447e-16 0)
(3 -6.22904e-16 0)
(3 -9.41469e-16 0)
(3 -9.45521e-16 0)
(3 -1.08323e-15 0)
(3 -3.48395e-10 0)
(3 -3.30251e-10 0)
(3.00025 0.000292735 0)
(2.9725 0.177986 0)
(1.77166 0.869915 0)
(1.42684 0.904527 0)
(1.46858 0.894446 0)
(1.49791 0.88486 0)
(1.53644 0.873516 0)
(3 -1.17179e-16 0)
(3 -5.70063e-17 0)
(3 9.45979e-17 0)
(3 3.28955e-16 0)
(3 5.55851e-16 0)
(3 1.0488e-15 0)
(3 6.40686e-16 0)
(3 8.68222e-16 0)
(3 8.77816e-16 0)
(3 8.70227e-16 0)
(3 1.58811e-16 0)
(3 -2.10027e-16 0)
(3 -4.27267e-16 0)
(3 -1.04266e-15 0)
(3 -1.11309e-15 0)
(3 -3.93189e-12 0)
(3 -1.09875e-10 0)
(3 4.77905e-07 0)
(3.00782 0.00905045 0)
(2.56005 0.56318 0)
(1.57465 0.949863 0)
(1.48868 0.927915 0)
(1.52078 0.912479 0)
(1.55226 0.898982 0)
(3 -7.05614e-17 0)
(3 1.69908e-16 0)
(3 4.07142e-16 0)
(3 7.46937e-17 0)
(3 -4.4532e-17 0)
(3 2.56075e-16 0)
(3 3.93531e-16 0)
(3 5.60534e-16 0)
(3 3.01369e-16 0)
(3 3.3902e-17 0)
(3 -7.00103e-17 0)
(3 7.15388e-17 0)
(3 -1.63197e-16 0)
(3 -3.9178e-17 0)
(3 3.1984e-17 0)
(3 -1.00582e-14 0)
(3 -1.64022e-11 0)
(3 9.05526e-11 0)
(3.00003 0.000149038 0)
(3.01839 0.0685115 0)
(2.08161 0.797743 0)
(1.55871 0.935763 0)
(1.55891 0.926724 0)
(1.58753 0.90808 0)
(3 1.21505e-16 0)
(3 3.12542e-16 0)
(3 7.78473e-17 0)
(3 -2.6545e-16 0)
(3 -2.33507e-16 0)
(3 -7.62128e-17 0)
(3 6.51283e-16 0)
(3 6.3154e-16 0)
(3 3.3317e-16 0)
(3 2.22641e-19 0)
(3 2.14446e-16 0)
(3 8.02646e-16 0)
(3 1.30819e-15 0)
(3 1.8294e-15 0)
(3 1.79284e-15 0)
(3 1.4592e-15 0)
(3 -1.00814e-12 0)
(3 -1.47122e-12 0)
(3 1.82776e-07 0)
(3.00129 0.00324765 0)
(2.84948 0.292918 0)
(1.83724 0.892178 0)
(1.5889 0.949309 0)
(1.61473 0.936171 0)
(3 1.25266e-16 0)
(3 -4.75075e-16 0)
(3 -3.49465e-16 0)
(3 1.26799e-16 0)
(3 1.633e-16 0)
(3 7.97632e-17 0)
(3 -2.43039e-16 0)
(3 -4.80778e-16 0)
(3 -5.78897e-16 0)
(3 -2.14329e-16 0)
(3 8.65911e-16 0)
(3 9.18693e-16 0)
(3 1.3621e-15 0)
(3 7.93418e-16 0)
(3 4.99371e-16 0)
(3 1.39426e-15 0)
(3 -1.63196e-14 0)
(3 -5.14244e-13 0)
(3 6.82931e-11 0)
(3 1.9294e-05 0)
(3.00451 0.0208261 0)
(2.51242 0.564105 0)
(1.7372 0.953498 0)
(1.62457 0.954183 0)
(3 6.50477e-18 0)
(3 -2.28858e-16 0)
(3 -2.3745e-16 0)
(3 -1.71392e-16 0)
(3 -3.44817e-16 0)
(3 -9.09362e-16 0)
(3 -1.15037e-15 0)
(3 -1.03728e-15 0)
(3 -9.30822e-16 0)
(3 -6.35195e-16 0)
(3 -3.02601e-16 0)
(3 3.97759e-16 0)
(3 1.83344e-16 0)
(3 -8.40682e-16 0)
(3 -4.1498e-16 0)
(3 -7.6016e-17 0)
(3 -8.14341e-16 0)
(3 -7.7685e-14 0)
(3 -7.07344e-14 0)
(3 1.37704e-08 0)
(2.99999 0.00051966 0)
(2.98245 0.0800275 0)
(2.2349 0.752642 0)
(1.68959 0.961332 0)
(3 8.88716e-17 0)
(3 5.37488e-16 0)
(3 2.15079e-16 0)
(3 -4.63247e-16 0)
(3 -3.67239e-16 0)
(3 -2.85903e-16 0)
(3 -1.50569e-16 0)
(3 -3.60699e-17 0)
(3 -1.52489e-16 0)
(3 -6.53706e-16 0)
(3 -6.37508e-16 0)
(3 -4.24767e-16 0)
(3 -9.42645e-16 0)
(3 -4.56653e-16 0)
(3 -4.75938e-16 0)
(3 -9.38239e-16 0)
(3 -1.01803e-15 0)
(3 -3.57159e-15 0)
(3 -2.77028e-14 0)
(3 4.98476e-12 0)
(3 1.06505e-06 0)
(3 0.00394 0)
(2.88562 0.227938 0)
(2.03426 0.844475 0)
(3 -2.31068e-17 0)
(3 1.61014e-16 0)
(3 3.79033e-16 0)
(3 3.64114e-16 0)
(3 3.77412e-16 0)
(3 3.08618e-16 0)
(3 3.61161e-16 0)
(3 6.58987e-16 0)
(3 8.16102e-16 0)
(3 1.08265e-15 0)
(3 2.49092e-16 0)
(3 -5.17308e-16 0)
(3 -3.10462e-16 0)
(3 2.5374e-16 0)
(3 6.0231e-17 0)
(3 3.2083e-17 0)
(3 -2.78945e-16 0)
(3 -4.76421e-16 0)
(3 -4.24898e-15 0)
(3 -3.45767e-15 0)
(3 7.52436e-10 0)
(2.99999 2.40619e-05 0)
(2.9986 0.0161039 0)
(2.69756 0.409814 0)
(3 -1.44532e-16 0)
(3 -2.6775e-16 0)
(3 -2.11016e-17 0)
(3 5.45599e-16 0)
(3 5.57492e-16 0)
(3 5.88523e-16 0)
(3 4.69605e-16 0)
(3 3.04433e-16 0)
(3 6.71862e-16 0)
(3 1.59554e-15 0)
(3 1.25057e-15 0)
(3 3.74422e-16 0)
(3 2.97809e-16 0)
(3 9.74276e-16 0)
(3 1.28521e-15 0)
(3 1.4396e-15 0)
(3 6.48793e-16 0)
(3 2.38043e-16 0)
(3 -9.65747e-17 0)
(3 -9.93069e-16 0)
(3 1.21819e-13 0)
(3 2.52039e-08 0)
(2.99994 0.000272869 0)
(2.98981 0.0415964 0)
(3 -4.68642e-18 0)
(3 -1.21985e-17 0)
(3 2.60623e-16 0)
(3 8.32861e-16 0)
(3 1.22614e-15 0)
(3 1.14017e-15 0)
(3 9.7183e-16 0)
(3 -5.42808e-16 0)
(3 -5.10498e-16 0)
(3 4.9828e-17 0)
(3 1.32698e-15 0)
(3 1.4735e-15 0)
(3 1.41443e-15 0)
(3 1.53648e-15 0)
(3 1.32524e-15 0)
(3 7.18467e-16 0)
(3 1.54428e-16 0)
(3 -7.24973e-16 0)
(3 -7.42591e-16 0)
(3 -7.25745e-16 0)
(3 -1.41873e-15 0)
(3 1.04469e-11 0)
(3 4.80572e-07 0)
(2.99975 0.00144228 0)
(3 5.44921e-17 0)
(3 1.55963e-16 0)
(3 2.80632e-16 0)
(3 4.30698e-16 0)
(3 4.53212e-16 0)
(3 2.25136e-16 0)
(3 -1.36738e-16 0)
(3 1.7322e-16 0)
(3 -2.05663e-16 0)
(3 2.95678e-16 0)
(3 9.86207e-16 0)
(3 1.48783e-15 0)
(3 1.13336e-15 0)
(3 5.41054e-16 0)
(3 5.28814e-16 0)
(3 2.24461e-16 0)
(3 4.35419e-16 0)
(3 8.57725e-17 0)
(3 -1.09549e-16 0)
(3 -8.43981e-16 0)
(3 -1.78018e-15 0)
(3 -1.36572e-15 0)
(3 3.9343e-10 0)
(3 4.60648e-06 0)
(3 -9.46009e-17 0)
(3 -2.96037e-16 0)
(3 -4.70704e-16 0)
(3 -8.32701e-16 0)
(3 -7.51697e-16 0)
(3 -5.32727e-16 0)
(3 -2.26259e-16 0)
(3 3.40047e-16 0)
(3 3.78207e-16 0)
(3 2.17988e-16 0)
(3 -1.32485e-16 0)
(3 -3.83377e-16 0)
(3 1.14571e-18 0)
(3 1.46133e-15 0)
(3 2.09139e-15 0)
(3 2.08863e-15 0)
(3 2.78445e-15 0)
(3 2.34703e-15 0)
(3 1.16204e-15 0)
(3 5.73042e-16 0)
(3 3.84287e-16 0)
(3 -6.674e-16 0)
(3 3.86482e-14 0)
(3 5.39383e-09 0)
(3 1.45522e-17 0)
(3 -1.07224e-16 0)
(3 -6.79783e-16 0)
(3 -1.00359e-15 0)
(3 -1.18936e-15 0)
(3 -8.10306e-16 0)
(3 7.43936e-17 0)
(3 1.53794e-16 0)
(3 1.94071e-16 0)
(3 -2.84578e-16 0)
(3 -4.30475e-16 0)
(3 -1.86066e-16 0)
(3 4.80322e-16 0)
(3 1.06759e-15 0)
(3 2.19765e-15 0)
(3 1.88358e-15 0)
(3 1.03784e-15 0)
(3 1.1234e-15 0)
(3 8.34728e-16 0)
(3 9.08444e-16 0)
(3 1.61599e-15 0)
(3 6.99632e-16 0)
(3 5.86049e-16 0)
(3 1.05584e-12 0)
(3 -9.2141e-17 0)
(3 1.93247e-17 0)
(3 9.75894e-17 0)
(3 -2.55053e-16 0)
(3 -3.54106e-16 0)
(3 -3.67986e-16 0)
(3 -2.26637e-16 0)
(3 1.80734e-17 0)
(3 5.86954e-17 0)
(3 -6.30953e-17 0)
(3 -2.03598e-16 0)
(3 -1.36822e-16 0)
(3 -3.23967e-16 0)
(3 -7.2051e-16 0)
(3 -1.21889e-15 0)
(3 -5.22223e-16 0)
(3 -4.47123e-16 0)
(3 -1.09471e-16 0)
(3 1.1632e-15 0)
(3 1.53476e-15 0)
(3 1.04042e-15 0)
(3 1.4121e-15 0)
(3 1.47565e-15 0)
(3 8.06543e-16 0)
(3 4.7223e-18 0)
(3 2.08096e-16 0)
(3 3.66836e-16 0)
(3 2.64417e-16 0)
(3 -1.59841e-16 0)
(3 -2.67692e-16 0)
(3 -3.34064e-16 0)
(3 -4.55394e-16 0)
(3 -5.39586e-16 0)
(3 -5.25296e-16 0)
(3 -5.72814e-16 0)
(3 -1.25248e-15 0)
(3 -1.38598e-15 0)
(3 -1.37997e-15 0)
(3 -1.57625e-15 0)
(3 -8.54388e-16 0)
(3 6.44876e-16 0)
(3 8.18392e-16 0)
(3 1.12488e-15 0)
(3 1.57113e-15 0)
(3 1.73346e-15 0)
(3 1.37425e-15 0)
(3 8.88739e-16 0)
(3 3.16838e-16 0)
(3 7.48644e-17 0)
(3 2.7921e-17 0)
(3 -2.71753e-16 0)
(3 2.65565e-16 0)
(3 -8.53159e-17 0)
(3 -9.61305e-16 0)
(3 -1.01417e-15 0)
(3 -8.00733e-16 0)
(3 -5.24501e-16 0)
(3 -5.552e-16 0)
(3 -5.16019e-16 0)
(3 -1.83157e-16 0)
(3 -2.99729e-16 0)
(3 -1.39309e-15 0)
(3 -5.58072e-16 0)
(3 -4.71021e-16 0)
(3 1.55192e-16 0)
(3 -2.05063e-16 0)
(3 2.9796e-16 0)
(3 8.58976e-16 0)
(3 1.02744e-15 0)
(3 -5.02987e-17 0)
(3 -6.15482e-16 0)
(3 -6.08224e-16 0)
(3 -1.30277e-16 0)
(3 -2.82964e-16 0)
(3 -2.02193e-16 0)
(3 -2.72254e-18 0)
(3 2.29179e-16 0)
(3 -3.61831e-16 0)
(3 -7.43143e-16 0)
(3 -4.86114e-16 0)
(3 -1.42403e-16 0)
(3 -2.26791e-16 0)
(3 -4.87835e-17 0)
(3 5.73701e-16 0)
(3 7.42259e-17 0)
(3 -2.70123e-16 0)
(3 -1.40819e-16 0)
(3 -1.305e-16 0)
(3 -3.29847e-16 0)
(3 -3.47243e-16 0)
(3 3.7453e-16 0)
(3 4.26329e-16 0)
(3 4.63908e-16 0)
(3 3.38965e-16 0)
(3 2.46892e-16 0)
(3 -1.84829e-16 0)
(1.51645 1.27358 0)
(1.90879 1.36974 0)
(2.34618 1.24705 0)
(2.53556 0.767954 0)
(2.59633 0.420613 0)
(2.61307 0.00358812 0)
(2.62125 -0.253778 0)
(2.51349 -0.349581 0)
(2.38348 -0.393501 0)
(2.38186 -0.324455 0)
(2.41033 -0.220991 0)
(2.44416 -0.155805 0)
(2.46612 -0.146346 0)
(2.46368 -0.137734 0)
(2.42308 -0.120317 0)
(2.37773 -0.0944028 0)
(2.36335 -0.0721064 0)
(2.37037 -0.031692 0)
(2.38626 -0.00827615 0)
(2.40622 -0.00549129 0)
(2.41637 -0.0202681 0)
(2.41188 -0.0226872 0)
(2.39801 -0.0187203 0)
(2.38269 -0.00721568 0)
(2.38018 -0.00255404 0)
(2.38985 -0.000762866 0)
(2.41485 -0.0048672 0)
(2.42046 -0.0107632 0)
(2.41737 -0.0124506 0)
(2.40164 -0.0105665 0)
(2.38538 -0.00181383 0)
(2.38374 0.00171367 0)
(2.39059 0.00264166 0)
(2.41776 0.000609532 0)
(2.4351 -0.0036288 0)
(2.43564 -0.00662564 0)
(2.40814 -0.0331866 0)
(2.21112 -0.151914 0)
(1.37533 -0.202386 0)
(1.10801 -0.13142 0)
(1.19971 -0.0963138 0)
(1.30758 -0.0538806 0)
(1.33966 -0.0399668 0)
(1.37718 -0.0271895 0)
(1.42792 -0.010216 0)
(1.46847 -0.00490716 0)
(1.51564 -0.00609849 0)
(1.56257 -0.00692145 0)
(1.58718 -0.00473512 0)
(1.60688 5.82738e-05 0)
(1.62482 0.00387227 0)
(1.64791 0.00447058 0)
(1.67542 0.00442647 0)
(1.71338 0.00251416 0)
(1.74736 -0.00105531 0)
(1.77377 -0.00158876 0)
(1.79801 -0.000297307 0)
(1.81791 0.00130938 0)
(1.8339 0.00297398 0)
(1.84652 0.00491899 0)
(1.85956 0.00590902 0)
(1.8784 0.00531809 0)
(1.90039 0.00475302 0)
(1.9238 0.00365752 0)
(1.94799 0.00232577 0)
(1.97058 0.001687 0)
(1.99243 0.00146644 0)
(2.00857 0.00281416 0)
(2.0146 0.0057448 0)
(2.01824 0.00893645 0)
(2.03237 0.010084 0)
(2.05266 0.0102173 0)
(2.07362 0.0100007 0)
(2.09936 0.00881603 0)
(2.12636 0.00633577 0)
(2.14775 0.0050616 0)
(2.16858 0.00491588 0)
(2.18102 0.00550542 0)
(2.17557 0.00787928 0)
(2.17458 0.0100658 0)
(2.19042 0.0104548 0)
(2.20758 0.010613 0)
(2.22625 0.0107959 0)
(2.25018 0.0104456 0)
(2.27674 0.00860614 0)
(2.2969 0.00695921 0)
(2.31734 0.00642231 0)
(2.33503 0.00582578 0)
(2.33686 0.00614407 0)
(2.31846 0.00914888 0)
(2.32019 0.011139 0)
(2.33663 0.0115548 0)
(2.35317 0.0118389 0)
(2.3723 0.011771 0)
(2.39701 0.0090496 0)
(2.42276 0.00783799 0)
(1.77581 1.08999 0)
(2.25589 0.858945 0)
(2.56623 0.375522 0)
(2.67019 0.0619904 0)
(2.68681 -0.223267 0)
(2.73876 -0.398013 0)
(2.75425 -0.635222 0)
(2.75559 -0.686664 0)
(2.7228 -0.617762 0)
(2.62886 -0.514597 0)
(2.5146 -0.327862 0)
(2.50115 -0.191952 0)
(2.52705 -0.15811 0)
(2.528 -0.16987 0)
(2.49139 -0.127083 0)
(2.46045 -0.0971567 0)
(2.4512 -0.0635619 0)
(2.42786 -0.00828357 0)
(2.42624 0.0260335 0)
(2.42842 0.028219 0)
(2.43529 0.00331149 0)
(2.44625 -0.0345689 0)
(2.43809 -0.0432938 0)
(2.42789 -0.0309397 0)
(2.42358 0.00495317 0)
(2.4286 0.0256489 0)
(2.43206 0.0223617 0)
(2.43641 -0.00291255 0)
(2.43678 -0.0265328 0)
(2.43199 -0.0326232 0)
(2.42603 -0.0248939 0)
(2.42452 0.000726166 0)
(2.43103 0.0227834 0)
(2.43853 0.0270492 0)
(2.44395 0.0175226 0)
(2.42048 -0.0413115 0)
(2.34579 -0.204549 0)
(2.01297 -0.604651 0)
(1.81567 -0.481025 0)
(1.39281 -0.175888 0)
(1.32058 -0.0490573 0)
(1.35148 -0.0108333 0)
(1.37184 -0.0122639 0)
(1.40794 -0.00404455 0)
(1.44823 -0.00131161 0)
(1.48711 0.000130096 0)
(1.52983 0.000939644 0)
(1.57264 -0.00938372 0)
(1.60144 -0.0112785 0)
(1.62519 -0.00723743 0)
(1.64538 0.00361039 0)
(1.66688 0.0115719 0)
(1.69157 0.0161671 0)
(1.72092 0.016904 0)
(1.75147 0.0121343 0)
(1.77785 0.00619638 0)
(1.80214 0.00101371 0)
(1.82421 -0.00181307 0)
(1.84445 -0.0017925 0)
(1.86187 0.00282853 0)
(1.87591 0.0116895 0)
(1.88908 0.018711 0)
(1.90705 0.019178 0)
(1.92867 0.0172372 0)
(1.95158 0.0119519 0)
(1.97353 0.00599916 0)
(1.99375 0.000695048 0)
(2.0122 -0.00487327 0)
(2.02655 -0.00377393 0)
(2.037 0.00784874 0)
(2.04495 0.0235537 0)
(2.05886 0.0312695 0)
(2.07845 0.032678 0)
(2.10014 0.0319978 0)
(2.1247 0.0263853 0)
(2.14715 0.0189374 0)
(2.16765 0.0108127 0)
(2.18473 0.00271551 0)
(2.19117 0.00492334 0)
(2.19005 0.0195258 0)
(2.19655 0.0301224 0)
(2.2123 0.032709 0)
(2.2286 0.0344186 0)
(2.24942 0.0351154 0)
(2.27357 0.0307099 0)
(2.2952 0.0246456 0)
(2.31589 0.018444 0)
(2.33444 0.0100877 0)
(2.3442 0.00273408 0)
(2.33632 0.00924642 0)
(2.33027 0.0234338 0)
(2.34202 0.0301278 0)
(2.35779 0.0325165 0)
(2.37532 0.0348971 0)
(2.39595 0.0314082 0)
(2.4241 0.0257099 0)
(1.66704 1.05782 0)
(2.08901 0.847373 0)
(2.34502 0.5837 0)
(2.47189 0.444499 0)
(2.57426 0.261229 0)
(2.7062 -0.0277242 0)
(2.72347 -0.240524 0)
(2.74415 -0.296952 0)
(2.80372 -0.305077 0)
(2.7791 -0.384919 0)
(2.73156 -0.396517 0)
(2.67813 -0.404958 0)
(2.67634 -0.414125 0)
(2.69196 -0.392986 0)
(2.6655 -0.312519 0)
(2.63847 -0.22939 0)
(2.61217 -0.186328 0)
(2.55225 -0.107163 0)
(2.52063 -0.0338248 0)
(2.5001 -0.0238843 0)
(2.48723 -0.0362837 0)
(2.48491 -0.0259439 0)
(2.50367 -0.00625453 0)
(2.5075 -0.010622 0)
(2.50396 -0.0102002 0)
(2.49783 -0.00432324 0)
(2.48442 -0.000922101 0)
(2.47504 -0.0126427 0)
(2.47463 -0.0259233 0)
(2.48057 -0.042536 0)
(2.48709 -0.04201 0)
(2.49347 -0.027491 0)
(2.49459 -0.00889549 0)
(2.48874 0.00370095 0)
(2.46615 -0.0231012 0)
(2.31199 -0.217433 0)
(2.07639 -0.511501 0)
(1.96521 -0.606287 0)
(1.98465 -0.647457 0)
(1.83276 -0.48557 0)
(1.57841 -0.215591 0)
(1.45654 -0.0733105 0)
(1.46824 -0.0299178 0)
(1.50143 -0.0107745 0)
(1.51874 -0.0175044 0)
(1.54766 -0.0309857 0)
(1.58458 -0.0301298 0)
(1.6173 -0.0232191 0)
(1.64332 -0.0155666 0)
(1.66583 -0.00894169 0)
(1.68716 -0.00553854 0)
(1.70853 -0.00331706 0)
(1.73042 0.00165886 0)
(1.75187 0.00793702 0)
(1.77475 0.00965237 0)
(1.79822 0.00880388 0)
(1.82141 0.00844398 0)
(1.84436 0.00814608 0)
(1.86622 0.00755406 0)
(1.88616 0.00776067 0)
(1.90292 0.0115256 0)
(1.91573 0.0200002 0)
(1.92718 0.0285555 0)
(1.94133 0.0318816 0)
(1.95864 0.0308183 0)
(1.97772 0.0267637 0)
(1.9975 0.0206792 0)
(2.01819 0.0145681 0)
(2.03899 0.0109488 0)
(2.05892 0.0122945 0)
(2.07392 0.0232351 0)
(2.08158 0.0396519 0)
(2.09204 0.0469693 0)
(2.11102 0.046241 0)
(2.13074 0.0438992 0)
(2.14995 0.0385601 0)
(2.16725 0.0296634 0)
(2.18266 0.0203932 0)
(2.19831 0.016154 0)
(2.21168 0.0218503 0)
(2.21856 0.0381936 0)
(2.22557 0.0514819 0)
(2.2421 0.0544823 0)
(2.26058 0.0546058 0)
(2.27974 0.05194 0)
(2.29857 0.0465638 0)
(2.31604 0.0375108 0)
(2.32973 0.0265404 0)
(2.33928 0.017728 0)
(2.34635 0.0162257 0)
(2.35148 0.0269376 0)
(2.35776 0.0412571 0)
(2.36952 0.0489616 0)
(2.38647 0.0510967 0)
(2.4018 0.0506322 0)
(2.42731 0.0470748 0)
(1.61025 0.979833 0)
(1.89208 0.888719 0)
(2.15259 0.69575 0)
(2.34664 0.460103 0)
(2.46573 0.3551 0)
(2.51558 0.26203 0)
(2.61584 0.0421903 0)
(2.69041 -0.167889 0)
(2.71851 -0.268082 0)
(2.77526 -0.370418 0)
(2.79319 -0.424902 0)
(2.77896 -0.473887 0)
(2.76422 -0.465314 0)
(2.75717 -0.459973 0)
(2.74319 -0.434464 0)
(2.73566 -0.388505 0)
(2.71729 -0.345866 0)
(2.6815 -0.279207 0)
(2.63767 -0.193111 0)
(2.60976 -0.151885 0)
(2.57829 -0.128378 0)
(2.55397 -0.0793884 0)
(2.5601 -0.0502703 0)
(2.56474 -0.0339065 0)
(2.56005 -0.0207527 0)
(2.55669 -0.0136558 0)
(2.54312 -0.00264167 0)
(2.52226 0.00252218 0)
(2.5153 0.00227137 0)
(2.51693 0.00170099 0)
(2.53882 -0.00412116 0)
(2.55066 -0.00403635 0)
(2.54664 -0.0180627 0)
(2.52435 -0.053595 0)
(2.38261 -0.222222 0)
(2.12275 -0.471623 0)
(1.95782 -0.666106 0)
(1.96289 -0.660021 0)
(1.99662 -0.669979 0)
(1.99519 -0.644249 0)
(1.90586 -0.505603 0)
(1.71245 -0.254582 0)
(1.6196 -0.089634 0)
(1.59664 -0.0277873 0)
(1.58563 0.0175903 0)
(1.61443 0.0130491 0)
(1.651 -0.00219918 0)
(1.67602 -0.00544826 0)
(1.6993 0.00270205 0)
(1.72054 0.00580865 0)
(1.7415 0.00623848 0)
(1.76297 0.00681043 0)
(1.7836 0.00847284 0)
(1.79964 0.0129414 0)
(1.81236 0.0172596 0)
(1.82994 0.0181144 0)
(1.85204 0.0187336 0)
(1.87493 0.0205512 0)
(1.89693 0.0227097 0)
(1.917 0.0244438 0)
(1.93475 0.026227 0)
(1.94876 0.0290529 0)
(1.95738 0.0322787 0)
(1.96557 0.0322153 0)
(1.97989 0.0294013 0)
(1.99831 0.0275139 0)
(2.01867 0.0275826 0)
(2.03994 0.0286958 0)
(2.06144 0.0309912 0)
(2.08263 0.0332206 0)
(2.10227 0.0365733 0)
(2.11442 0.0452435 0)
(2.11639 0.0552735 0)
(2.12467 0.0550752 0)
(2.14099 0.0495718 0)
(2.15791 0.0434752 0)
(2.17385 0.038143 0)
(2.19132 0.0365864 0)
(2.2099 0.0367668 0)
(2.22889 0.0377932 0)
(2.24505 0.0446621 0)
(2.25271 0.0604681 0)
(2.25784 0.0710532 0)
(2.27311 0.069863 0)
(2.28996 0.0658706 0)
(2.30592 0.0607992 0)
(2.31873 0.054763 0)
(2.32875 0.0470632 0)
(2.34053 0.0397849 0)
(2.35545 0.0366622 0)
(2.37065 0.0381786 0)
(2.38315 0.0461159 0)
(2.39085 0.0577365 0)
(2.3986 0.0661114 0)
(2.4118 0.063999 0)
(2.43415 0.0611264 0)
(1.57473 0.932202 0)
(1.79996 0.862208 0)
(1.99648 0.754531 0)
(2.18334 0.591642 0)
(2.32881 0.438525 0)
(2.42509 0.322787 0)
(2.47875 0.225468 0)
(2.55835 0.0859311 0)
(2.6375 -0.05967 0)
(2.67542 -0.157566 0)
(2.71245 -0.213513 0)
(2.73691 -0.235763 0)
(2.71893 -0.276369 0)
(2.70025 -0.349002 0)
(2.70763 -0.370573 0)
(2.72984 -0.401507 0)
(2.75555 -0.421796 0)
(2.75136 -0.405712 0)
(2.72582 -0.356476 0)
(2.69652 -0.298976 0)
(2.66427 -0.245407 0)
(2.61834 -0.168065 0)
(2.60215 -0.112639 0)
(2.616 -0.0898628 0)
(2.61083 -0.0812101 0)
(2.59595 -0.0777505 0)
(2.58359 -0.0613175 0)
(2.56364 -0.0227848 0)
(2.55452 -0.0105825 0)
(2.54769 -0.00989436 0)
(2.56507 0.00540476 0)
(2.57226 -0.00515443 0)
(2.54717 -0.0546806 0)
(2.39443 -0.248678 0)
(2.18217 -0.467414 0)
(1.98772 -0.626675 0)
(1.95915 -0.699705 0)
(1.96518 -0.693762 0)
(1.99782 -0.66809 0)
(2.0251 -0.644256 0)
(2.03612 -0.61851 0)
(1.99178 -0.530713 0)
(1.86182 -0.33155 0)
(1.73943 -0.150132 0)
(1.66956 -0.0231751 0)
(1.67253 -0.00461571 0)
(1.6887 0.000284113 0)
(1.71074 0.0176891 0)
(1.73825 0.0175747 0)
(1.76624 0.0144715 0)
(1.78841 0.00394441 0)
(1.80801 0.000473915 0)
(1.82702 0.00383363 0)
(1.84272 0.0111372 0)
(1.85337 0.0206026 0)
(1.8637 0.0281847 0)
(1.88193 0.0306907 0)
(1.90386 0.0315471 0)
(1.9263 0.0332814 0)
(1.94775 0.0350236 0)
(1.9677 0.0359774 0)
(1.98437 0.0377165 0)
(1.99327 0.0422694 0)
(1.99455 0.0466512 0)
(2.00531 0.0456251 0)
(2.02427 0.0439813 0)
(2.04436 0.0436936 0)
(2.06549 0.0441045 0)
(2.08727 0.0458893 0)
(2.10815 0.0482037 0)
(2.12837 0.0509732 0)
(2.14419 0.0555352 0)
(2.14643 0.0635831 0)
(2.14129 0.0676448 0)
(2.1511 0.0620289 0)
(2.16792 0.0562127 0)
(2.18596 0.0537977 0)
(2.2051 0.0535146 0)
(2.22498 0.0546976 0)
(2.24419 0.0564919 0)
(2.26334 0.0594291 0)
(2.27868 0.0668597 0)
(2.28353 0.080815 0)
(2.28288 0.0887366 0)
(2.29276 0.0840972 0)
(2.30659 0.0764332 0)
(2.31943 0.0677836 0)
(2.33222 0.0605459 0)
(2.34924 0.0587848 0)
(2.36715 0.0594209 0)
(2.38495 0.0604384 0)
(2.40183 0.0625539 0)
(2.4132 0.0688145 0)
(2.41635 0.0775228 0)
(2.42101 0.0774139 0)
(2.43751 0.0734938 0)
(1.54595 0.890526 0)
(1.73444 0.839093 0)
(1.90464 0.760531 0)
(2.06237 0.655169 0)
(2.19927 0.543863 0)
(2.32356 0.407582 0)
(2.40686 0.286281 0)
(2.44977 0.240333 0)
(2.50294 0.145885 0)
(2.59774 0.0151129 0)
(2.63689 -0.103514 0)
(2.66842 -0.176625 0)
(2.6965 -0.232761 0)
(2.68952 -0.281614 0)
(2.69653 -0.339814 0)
(2.71534 -0.356352 0)
(2.73666 -0.387093 0)
(2.73752 -0.419508 0)
(2.748 -0.423374 0)
(2.74501 -0.405867 0)
(2.72291 -0.364309 0)
(2.68889 -0.3233 0)
(2.65385 -0.243676 0)
(2.64477 -0.169817 0)
(2.64053 -0.151815 0)
(2.63209 -0.143303 0)
(2.61357 -0.114534 0)
(2.59487 -0.0734683 0)
(2.58817 -0.0453224 0)
(2.58041 -0.0273282 0)
(2.5818 -0.0107134 0)
(2.56452 -0.0429204 0)
(2.38278 -0.254548 0)
(2.09992 -0.54574 0)
(2.01173 -0.613653 0)
(1.9997 -0.673351 0)
(1.99952 -0.681673 0)
(1.99482 -0.679461 0)
(2.01061 -0.664768 0)
(2.03765 -0.643683 0)
(2.05708 -0.636618 0)
(2.06771 -0.623035 0)
(2.04676 -0.566892 0)
(1.9502 -0.406285 0)
(1.81632 -0.190194 0)
(1.75884 -0.0731503 0)
(1.71651 -0.0038451 0)
(1.7288 0.0224641 0)
(1.75267 0.0309857 0)
(1.7844 0.0309107 0)
(1.8082 0.0248121 0)
(1.83225 0.0154785 0)
(1.85401 0.0142405 0)
(1.87322 0.0162738 0)
(1.8878 0.0213365 0)
(1.89471 0.0334468 0)
(1.90361 0.0459527 0)
(1.92358 0.0496984 0)
(1.94594 0.0503053 0)
(1.97029 0.0493727 0)
(1.99212 0.0489052 0)
(2.01202 0.0489195 0)
(2.02539 0.0512378 0)
(2.0266 0.0581662 0)
(2.03123 0.0632911 0)
(2.04892 0.063456 0)
(2.06787 0.0628891 0)
(2.08815 0.0620456 0)
(2.1088 0.0612855 0)
(2.12847 0.0607573 0)
(2.1481 0.0602078 0)
(2.1653 0.0595496 0)
(2.17279 0.0615782 0)
(2.1666 0.0690802 0)
(2.16777 0.0746177 0)
(2.18351 0.0754114 0)
(2.2002 0.0755601 0)
(2.21842 0.0751627 0)
(2.23902 0.075069 0)
(2.25812 0.0760552 0)
(2.27804 0.0773584 0)
(2.2967 0.0795847 0)
(2.30814 0.0857478 0)
(2.30457 0.0961072 0)
(2.29856 0.0976612 0)
(2.30716 0.0888078 0)
(2.32247 0.0805438 0)
(2.33998 0.0776736 0)
(2.3582 0.0779452 0)
(2.37813 0.0798635 0)
(2.39694 0.0817414 0)
(2.41498 0.0833682 0)
(2.42959 0.0861884 0)
(2.43418 0.0927239 0)
(2.43086 0.0928469 0)
(2.43994 0.0867644 0)
(1.52597 0.867527 0)
(1.6831 0.829605 0)
(1.83186 0.769842 0)
(1.97412 0.689437 0)
(2.09508 0.612307 0)
(2.21511 0.510802 0)
(2.3219 0.379 0)
(2.38813 0.288613 0)
(2.43172 0.252998 0)
(2.4685 0.186851 0)
(2.54071 0.0772991 0)
(2.60022 -0.0295411 0)
(2.62793 -0.112055 0)
(2.64689 -0.156733 0)
(2.65497 -0.163317 0)
(2.64786 -0.182971 0)
(2.66165 -0.241192 0)
(2.68764 -0.298224 0)
(2.70662 -0.344053 0)
(2.7275 -0.369515 0)
(2.73326 -0.376055 0)
(2.72545 -0.371232 0)
(2.7044 -0.345751 0)
(2.6947 -0.325552 0)
(2.68258 -0.292746 0)
(2.66356 -0.231714 0)
(2.66335 -0.217809 0)
(2.65227 -0.161477 0)
(2.63874 -0.118744 0)
(2.63595 -0.0493555 0)
(2.58952 -0.0699458 0)
(2.42008 -0.252105 0)
(2.07623 -0.571301 0)
(1.995 -0.661518 0)
(2.00672 -0.657761 0)
(2.01605 -0.659151 0)
(2.02313 -0.663968 0)
(2.02992 -0.655447 0)
(2.02741 -0.644083 0)
(2.03646 -0.639345 0)
(2.05441 -0.63182 0)
(2.07538 -0.625193 0)
(2.09069 -0.620003 0)
(2.08633 -0.587141 0)
(2.03506 -0.48088 0)
(1.92129 -0.279277 0)
(1.80126 -0.0920482 0)
(1.78203 -0.0153927 0)
(1.77634 0.0170562 0)
(1.78983 0.0417853 0)
(1.81624 0.0446734 0)
(1.84289 0.0355832 0)
(1.87313 0.0239823 0)
(1.89331 0.0192655 0)
(1.90957 0.0231965 0)
(1.91971 0.0379774 0)
(1.92441 0.0560637 0)
(1.9404 0.0626297 0)
(1.96157 0.063262 0)
(1.98553 0.0622563 0)
(2.00892 0.0610944 0)
(2.03055 0.0607528 0)
(2.04862 0.0607303 0)
(2.05689 0.0655405 0)
(2.05726 0.0755393 0)
(2.06848 0.0804284 0)
(2.08609 0.0809242 0)
(2.10403 0.0802654 0)
(2.12283 0.0783958 0)
(2.14202 0.0757706 0)
(2.16069 0.0722362 0)
(2.17747 0.0680166 0)
(2.18909 0.0659129 0)
(2.19172 0.0718292 0)
(2.18946 0.0859995 0)
(2.19842 0.0955964 0)
(2.21485 0.0986327 0)
(2.23185 0.100128 0)
(2.25269 0.0998011 0)
(2.27216 0.0972039 0)
(2.29142 0.0956501 0)
(2.30996 0.0944567 0)
(2.32442 0.0937063 0)
(2.32636 0.0967784 0)
(2.31387 0.102493 0)
(2.31562 0.102116 0)
(2.3315 0.100654 0)
(2.34793 0.0992202 0)
(2.36721 0.0965435 0)
(2.38797 0.0954766 0)
(2.40694 0.0973001 0)
(2.42538 0.0999475 0)
(2.44126 0.103803 0)
(2.44858 0.108897 0)
(2.43899 0.108766 0)
(2.44227 0.102392 0)
(1.51398 0.840268 0)
(1.64694 0.81594 0)
(1.77633 0.774495 0)
(1.91621 0.701692 0)
(2.03023 0.635263 0)
(2.11683 0.580771 0)
(2.21879 0.483898 0)
(2.31197 0.384317 0)
(2.37641 0.307545 0)
(2.42814 0.22394 0)
(2.46132 0.188524 0)
(2.48472 0.135876 0)
(2.55568 0.0380252 0)
(2.58817 -0.0587754 0)
(2.61106 -0.106241 0)
(2.63465 -0.125123 0)
(2.63707 -0.162411 0)
(2.66836 -0.225868 0)
(2.69089 -0.273081 0)
(2.70863 -0.30682 0)
(2.72766 -0.354293 0)
(2.72944 -0.391189 0)
(2.737 -0.385075 0)
(2.72784 -0.35141 0)
(2.71757 -0.335882 0)
(2.70754 -0.328913 0)
(2.69627 -0.308709 0)
(2.68495 -0.252382 0)
(2.67203 -0.217042 0)
(2.65471 -0.187847 0)
(2.4451 -0.393026 0)
(2.20035 -0.583151 0)
(2.03994 -0.722348 0)
(1.99653 -0.751416 0)
(1.99464 -0.715546 0)
(2.01507 -0.678641 0)
(2.03534 -0.641921 0)
(2.03828 -0.633168 0)
(2.03458 -0.630346 0)
(2.03912 -0.628767 0)
(2.05081 -0.624133 0)
(2.07479 -0.618 0)
(2.10086 -0.61319 0)
(2.11838 -0.612567 0)
(2.12124 -0.596185 0)
(2.09852 -0.528505 0)
(2.01036 -0.366521 0)
(1.88965 -0.150223 0)
(1.84893 -0.0508993 0)
(1.81471 0.0297737 0)
(1.8305 0.0556757 0)
(1.85721 0.0491976 0)
(1.88499 0.0441579 0)
(1.9065 0.0402528 0)
(1.92384 0.0370855 0)
(1.93812 0.0415139 0)
(1.94826 0.0569579 0)
(1.95872 0.0724539 0)
(1.97604 0.0773547 0)
(1.99619 0.0780886 0)
(2.01855 0.07669 0)
(2.04089 0.0757769 0)
(2.06157 0.0754502 0)
(2.077 0.0782324 0)
(2.08268 0.0878892 0)
(2.08267 0.0981413 0)
(2.09513 0.0993786 0)
(2.11329 0.0982171 0)
(2.13149 0.0949063 0)
(2.14931 0.0913291 0)
(2.16666 0.0875986 0)
(2.18282 0.0836297 0)
(2.19701 0.0814248 0)
(2.20818 0.0849985 0)
(2.21378 0.0980645 0)
(2.21352 0.115413 0)
(2.22018 0.123131 0)
(2.2368 0.123145 0)
(2.25564 0.121876 0)
(2.27623 0.119323 0)
(2.29578 0.114497 0)
(2.31404 0.109955 0)
(2.33142 0.103596 0)
(2.34043 0.100001 0)
(2.33638 0.107127 0)
(2.33024 0.120049 0)
(2.34009 0.124818 0)
(2.35545 0.125414 0)
(2.37126 0.125149 0)
(2.39138 0.123536 0)
(2.41356 0.121497 0)
(2.43108 0.121105 0)
(2.4497 0.120089 0)
(2.45958 0.117595 0)
(2.44781 0.118159 0)
(2.44728 0.11982 0)
(1.50954 0.831945 0)
(1.62187 0.812945 0)
(1.73732 0.777874 0)
(1.85371 0.727093 0)
(1.95721 0.675997 0)
(2.05703 0.608943 0)
(2.15313 0.527033 0)
(2.21734 0.479786 0)
(2.2851 0.413965 0)
(2.3684 0.305166 0)
(2.41503 0.224444 0)
(2.44652 0.20184 0)
(2.46834 0.165492 0)
(2.52455 0.0792327 0)
(2.56593 0.00231001 0)
(2.59541 -0.0512362 0)
(2.61612 -0.0911184 0)
(2.63016 -0.110906 0)
(2.63222 -0.127814 0)
(2.66107 -0.174648 0)
(2.6912 -0.230811 0)
(2.70593 -0.285621 0)
(2.72062 -0.319547 0)
(2.72974 -0.328953 0)
(2.72593 -0.323316 0)
(2.70858 -0.313665 0)
(2.70454 -0.318194 0)
(2.70489 -0.318745 0)
(2.69064 -0.333522 0)
(2.52583 -0.507518 0)
(2.20706 -0.782347 0)
(2.05602 -0.86409 0)
(2.05644 -0.872121 0)
(2.01963 -0.821775 0)
(2.0058 -0.759428 0)
(2.01543 -0.700537 0)
(2.0287 -0.651655 0)
(2.0451 -0.633462 0)
(2.04896 -0.623589 0)
(2.05298 -0.620653 0)
(2.06506 -0.615097 0)
(2.08437 -0.611332 0)
(2.11215 -0.611693 0)
(2.13372 -0.612238 0)
(2.14883 -0.608161 0)
(2.15909 -0.597219 0)
(2.1498 -0.548026 0)
(2.10479 -0.444574 0)
(2.00913 -0.263474 0)
(1.90834 -0.0817091 0)
(1.89008 0.00771431 0)
(1.89537 0.0415755 0)
(1.90278 0.0560022 0)
(1.91627 0.0646851 0)
(1.93476 0.0626535 0)
(1.95156 0.0556154 0)
(1.96872 0.0598434 0)
(1.98174 0.0737316 0)
(1.99368 0.0864756 0)
(2.01011 0.0907183 0)
(2.02979 0.0906265 0)
(2.05048 0.0903895 0)
(2.07105 0.0901465 0)
(2.08994 0.0902396 0)
(2.10432 0.0934418 0)
(2.10979 0.103592 0)
(2.11114 0.114299 0)
(2.12447 0.115004 0)
(2.14134 0.112641 0)
(2.15742 0.109345 0)
(2.17302 0.105937 0)
(2.18861 0.103414 0)
(2.20483 0.102669 0)
(2.22121 0.103952 0)
(2.23527 0.108962 0)
(2.24116 0.120972 0)
(2.23885 0.134882 0)
(2.2464 0.138631 0)
(2.26302 0.137791 0)
(2.27902 0.136413 0)
(2.29566 0.131432 0)
(2.31266 0.124508 0)
(2.32875 0.117758 0)
(2.34351 0.113368 0)
(2.3539 0.115561 0)
(2.35616 0.129372 0)
(2.35337 0.146024 0)
(2.36338 0.151976 0)
(2.37882 0.153031 0)
(2.39484 0.151845 0)
(2.41341 0.145747 0)
(2.43122 0.138887 0)
(2.44713 0.133093 0)
(2.45855 0.126976 0)
(2.45727 0.127268 0)
(2.45802 0.137307 0)
(1.51608 0.822219 0)
(1.61211 0.806658 0)
(1.71636 0.774955 0)
(1.82095 0.734049 0)
(1.90499 0.699129 0)
(1.99752 0.644224 0)
(2.09957 0.566138 0)
(2.17623 0.507377 0)
(2.23083 0.463394 0)
(2.28974 0.396172 0)
(2.35499 0.315943 0)
(2.40518 0.258271 0)
(2.4455 0.200494 0)
(2.481 0.154806 0)
(2.49977 0.124616 0)
(2.54436 0.0639154 0)
(2.58199 -0.0139743 0)
(2.60063 -0.0670978 0)
(2.6218 -0.0789187 0)
(2.63051 -0.0893334 0)
(2.65817 -0.14571 0)
(2.67809 -0.197869 0)
(2.6931 -0.233644 0)
(2.70628 -0.278581 0)
(2.71377 -0.308094 0)
(2.72875 -0.304492 0)
(2.7164 -0.314815 0)
(2.6935 -0.347591 0)
(2.5259 -0.544101 0)
(2.23315 -0.846973 0)
(2.0834 -0.954915 0)
(2.04832 -0.958463 0)
(2.05854 -0.948773 0)
(2.06065 -0.921607 0)
(2.05608 -0.883132 0)
(2.04969 -0.824407 0)
(2.05872 -0.766394 0)
(2.07538 -0.714784 0)
(2.08716 -0.66565 0)
(2.10196 -0.642014 0)
(2.10791 -0.623274 0)
(2.11817 -0.616596 0)
(2.13404 -0.612753 0)
(2.14711 -0.611569 0)
(2.16486 -0.608172 0)
(2.18746 -0.594944 0)
(2.19798 -0.576325 0)
(2.19788 -0.552546 0)
(2.18013 -0.492477 0)
(2.105 -0.346494 0)
(2.01716 -0.158107 0)
(1.96622 -0.0346979 0)
(1.94561 0.0375644 0)
(1.9387 0.0759963 0)
(1.95013 0.0818146 0)
(1.97011 0.0820554 0)
(1.98603 0.0838539 0)
(1.99986 0.0856785 0)
(2.01415 0.0918532 0)
(2.02949 0.0996266 0)
(2.04536 0.103151 0)
(2.06215 0.104805 0)
(2.08073 0.105789 0)
(2.10061 0.105674 0)
(2.11951 0.105595 0)
(2.13392 0.109971 0)
(2.13901 0.122739 0)
(2.13902 0.134235 0)
(2.14997 0.134441 0)
(2.16667 0.131864 0)
(2.18353 0.128498 0)
(2.20072 0.12513 0)
(2.21773 0.123782 0)
(2.2357 0.124152 0)
(2.25318 0.125079 0)
(2.265 0.129048 0)
(2.26491 0.139789 0)
(2.26025 0.151605 0)
(2.26677 0.153945 0)
(2.28142 0.151731 0)
(2.29772 0.148592 0)
(2.31349 0.144647 0)
(2.32941 0.140962 0)
(2.34555 0.138447 0)
(2.36153 0.138199 0)
(2.37554 0.142282 0)
(2.38128 0.156318 0)
(2.37946 0.172223 0)
(2.38883 0.175009 0)
(2.40537 0.172429 0)
(2.4201 0.167268 0)
(2.43305 0.15884 0)
(2.44485 0.149598 0)
(2.45663 0.141452 0)
(2.46536 0.13962 0)
(2.47583 0.149517 0)
(1.52034 0.832866 0)
(1.6056 0.814035 0)
(1.69738 0.783275 0)
(1.77793 0.757754 0)
(1.86137 0.722513 0)
(1.96428 0.65692 0)
(2.04474 0.601674 0)
(2.09494 0.573409 0)
(2.1662 0.51979 0)
(2.2518 0.432293 0)
(2.30674 0.379578 0)
(2.33937 0.345724 0)
(2.39438 0.276994 0)
(2.44102 0.212676 0)
(2.47461 0.186641 0)
(2.49277 0.160361 0)
(2.5292 0.0935695 0)
(2.56722 0.0215787 0)
(2.59054 -0.0181006 0)
(2.60838 -0.0413099 0)
(2.62275 -0.0746454 0)
(2.62726 -0.0925224 0)
(2.62272 -0.110115 0)
(2.65835 -0.161763 0)
(2.68529 -0.206564 0)
(2.70024 -0.251799 0)
(2.68123 -0.313084 0)
(2.55289 -0.489047 0)
(2.20991 -0.819789 0)
(2.03995 -0.965149 0)
(2.03191 -0.980369 0)
(2.05188 -0.975894 0)
(2.07154 -0.969556 0)
(2.08455 -0.958511 0)
(2.09161 -0.945028 0)
(2.10165 -0.922985 0)
(2.1126 -0.883433 0)
(2.12968 -0.84864 0)
(2.14312 -0.796594 0)
(2.14951 -0.74443 0)
(2.1521 -0.707898 0)
(2.15322 -0.673571 0)
(2.16167 -0.645253 0)
(2.18341 -0.625054 0)
(2.20139 -0.612897 0)
(2.21127 -0.596988 0)
(2.22208 -0.575197 0)
(2.23002 -0.560964 0)
(2.24268 -0.545468 0)
(2.23522 -0.501839 0)
(2.2053 -0.424879 0)
(2.12753 -0.27259 0)
(2.06243 -0.115716 0)
(2.00717 0.0136155 0)
(1.99877 0.0671909 0)
(2.00317 0.0913694 0)
(2.00392 0.103973 0)
(2.01456 0.108937 0)
(2.03225 0.110087 0)
(2.05045 0.110323 0)
(2.06792 0.114038 0)
(2.08237 0.115006 0)
(2.09798 0.116432 0)
(2.11635 0.119202 0)
(2.13552 0.121195 0)
(2.15347 0.123691 0)
(2.16601 0.13067 0)
(2.16771 0.143819 0)
(2.16821 0.153654 0)
(2.18155 0.154825 0)
(2.19738 0.15444 0)
(2.21447 0.151049 0)
(2.23314 0.145478 0)
(2.25006 0.143413 0)
(2.26768 0.143186 0)
(2.28197 0.143766 0)
(2.28742 0.147378 0)
(2.28364 0.156037 0)
(2.28233 0.16523 0)
(2.29066 0.169106 0)
(2.30463 0.169383 0)
(2.3208 0.168497 0)
(2.33785 0.167854 0)
(2.35378 0.167658 0)
(2.37009 0.165973 0)
(2.38593 0.1644 0)
(2.40112 0.165674 0)
(2.4081 0.175511 0)
(2.40493 0.188975 0)
(2.40522 0.190749 0)
(2.41548 0.18469 0)
(2.42906 0.177427 0)
(2.44324 0.169928 0)
(2.45704 0.164205 0)
(2.47085 0.163873 0)
(2.49139 0.168896 0)
(1.53761 0.828434 0)
(1.61581 0.808123 0)
(1.6918 0.787334 0)
(1.76021 0.765455 0)
(1.84808 0.722331 0)
(1.93627 0.67163 0)
(1.99306 0.645897 0)
(2.05013 0.60787 0)
(2.14081 0.53224 0)
(2.21318 0.466726 0)
(2.24881 0.44702 0)
(2.2816 0.411916 0)
(2.34758 0.339246 0)
(2.40649 0.266331 0)
(2.44417 0.231964 0)
(2.46396 0.201032 0)
(2.48653 0.16013 0)
(2.50725 0.124676 0)
(2.5316 0.0851386 0)
(2.57037 0.0338628 0)
(2.59056 -0.0223501 0)
(2.60017 -0.0608693 0)
(2.61223 -0.0635545 0)
(2.62439 -0.0673827 0)
(2.63983 -0.114714 0)
(2.62569 -0.193399 0)
(2.52459 -0.383535 0)
(2.19373 -0.737449 0)
(2.04862 -0.885975 0)
(2.02535 -0.942381 0)
(2.05009 -0.938283 0)
(2.07462 -0.926138 0)
(2.08026 -0.92305 0)
(2.09705 -0.922863 0)
(2.11952 -0.929207 0)
(2.13596 -0.930032 0)
(2.15779 -0.92074 0)
(2.17392 -0.9116 0)
(2.18864 -0.900799 0)
(2.19463 -0.868712 0)
(2.20088 -0.835284 0)
(2.20631 -0.803036 0)
(2.20643 -0.75317 0)
(2.21849 -0.703338 0)
(2.23335 -0.674984 0)
(2.25043 -0.644744 0)
(2.2756 -0.602748 0)
(2.2819 -0.570147 0)
(2.28379 -0.553441 0)
(2.28186 -0.533011 0)
(2.28399 -0.510902 0)
(2.27807 -0.475846 0)
(2.23618 -0.376058 0)
(2.1569 -0.201635 0)
(2.12474 -0.0663327 0)
(2.07126 0.0430113 0)
(2.05493 0.101874 0)
(2.0414 0.12426 0)
(2.05074 0.125954 0)
(2.06901 0.13036 0)
(2.08744 0.136658 0)
(2.10463 0.135183 0)
(2.1215 0.133789 0)
(2.13939 0.133511 0)
(2.15759 0.136317 0)
(2.17505 0.140991 0)
(2.18965 0.145821 0)
(2.19747 0.154566 0)
(2.19649 0.168769 0)
(2.20074 0.17692 0)
(2.21583 0.17757 0)
(2.23143 0.176565 0)
(2.2489 0.170636 0)
(2.26555 0.163857 0)
(2.28181 0.161773 0)
(2.29721 0.160966 0)
(2.30711 0.160433 0)
(2.30779 0.162113 0)
(2.30543 0.167992 0)
(2.31111 0.175598 0)
(2.32285 0.183107 0)
(2.33568 0.189954 0)
(2.35023 0.19423 0)
(2.36696 0.195789 0)
(2.38358 0.195143 0)
(2.39974 0.190517 0)
(2.41436 0.187434 0)
(2.42642 0.186833 0)
(2.42832 0.193142 0)
(2.42127 0.203676 0)
(2.42082 0.205237 0)
(2.43236 0.199996 0)
(2.44769 0.194914 0)
(2.46435 0.190949 0)
(2.47982 0.191332 0)
(2.50308 0.193525 0)
(1.54909 0.844741 0)
(1.61541 0.826346 0)
(1.67855 0.809776 0)
(1.74867 0.782066 0)
(1.82951 0.738597 0)
(1.89315 0.707992 0)
(1.94673 0.684905 0)
(2.02584 0.631863 0)
(2.10451 0.562406 0)
(2.15024 0.531615 0)
(2.18158 0.510845 0)
(2.2468 0.450701 0)
(2.31242 0.374559 0)
(2.34849 0.343795 0)
(2.36007 0.329418 0)
(2.4091 0.271944 0)
(2.45379 0.194959 0)
(2.48331 0.156944 0)
(2.49655 0.155896 0)
(2.50659 0.132775 0)
(2.54126 0.0725492 0)
(2.56921 0.0134848 0)
(2.5938 -0.00985888 0)
(2.61301 -0.0353554 0)
(2.59209 -0.103689 0)
(2.48076 -0.280619 0)
(2.14727 -0.643107 0)
(2.02686 -0.787369 0)
(2.00941 -0.862702 0)
(2.03579 -0.862035 0)
(2.061 -0.858848 0)
(2.07404 -0.865396 0)
(2.08586 -0.887367 0)
(2.10186 -0.901876 0)
(2.12534 -0.909267 0)
(2.15321 -0.912573 0)
(2.18178 -0.911359 0)
(2.20444 -0.907903 0)
(2.22138 -0.901866 0)
(2.23122 -0.893642 0)
(2.228 -0.878023 0)
(2.24011 -0.861971 0)
(2.25527 -0.846354 0)
(2.26948 -0.826754 0)
(2.28302 -0.790396 0)
(2.29772 -0.743067 0)
(2.31702 -0.699948 0)
(2.32259 -0.655526 0)
(2.32715 -0.620512 0)
(2.33432 -0.587933 0)
(2.32505 -0.553297 0)
(2.3295 -0.519216 0)
(2.33389 -0.501408 0)
(2.32706 -0.44423 0)
(2.2819 -0.30091 0)
(2.22023 -0.144236 0)
(2.185 -0.0152306 0)
(2.11954 0.0819444 0)
(2.09481 0.127272 0)
(2.09538 0.15372 0)
(2.10518 0.153275 0)
(2.12404 0.156361 0)
(2.14671 0.157235 0)
(2.16642 0.15475 0)
(2.18387 0.153395 0)
(2.20195 0.155398 0)
(2.21579 0.159478 0)
(2.22462 0.166539 0)
(2.22876 0.178407 0)
(2.22966 0.192869 0)
(2.23562 0.199719 0)
(2.25057 0.199141 0)
(2.2666 0.195592 0)
(2.28266 0.188 0)
(2.29767 0.183374 0)
(2.31278 0.181242 0)
(2.32493 0.180212 0)
(2.33015 0.180685 0)
(2.32997 0.183986 0)
(2.33308 0.189181 0)
(2.34282 0.194865 0)
(2.35603 0.202559 0)
(2.36878 0.212784 0)
(2.37796 0.221409 0)
(2.38683 0.221853 0)
(2.40312 0.218706 0)
(2.41993 0.213634 0)
(2.43287 0.207195 0)
(2.4439 0.201433 0)
(2.44507 0.203474 0)
(2.44195 0.213041 0)
(2.44715 0.219647 0)
(2.46123 0.221301 0)
(2.47586 0.2223 0)
(2.49334 0.223038 0)
(2.51571 0.224563 0)
(1.5674 0.843631 0)
(1.62585 0.830367 0)
(1.68259 0.813479 0)
(1.75485 0.781316 0)
(1.82339 0.749971 0)
(1.87284 0.732823 0)
(1.93198 0.698433 0)
(2.01475 0.638693 0)
(2.07711 0.593196 0)
(2.11001 0.579783 0)
(2.1521 0.542992 0)
(2.22515 0.474158 0)
(2.28252 0.412629 0)
(2.3131 0.394357 0)
(2.33026 0.371998 0)
(2.37846 0.315646 0)
(2.42236 0.253472 0)
(2.45482 0.21797 0)
(2.47136 0.199442 0)
(2.49535 0.153974 0)
(2.51848 0.121319 0)
(2.54282 0.0958047 0)
(2.56448 0.0649247 0)
(2.54979 -0.010662 0)
(2.44977 -0.196885 0)
(2.11494 -0.5545 0)
(1.99409 -0.701465 0)
(1.97983 -0.782446 0)
(2.00904 -0.784845 0)
(2.03972 -0.788928 0)
(2.05884 -0.797133 0)
(2.07526 -0.810581 0)
(2.09063 -0.820295 0)
(2.10647 -0.829235 0)
(2.12843 -0.839775 0)
(2.15427 -0.848986 0)
(2.18235 -0.854355 0)
(2.20841 -0.860133 0)
(2.2318 -0.869097 0)
(2.2519 -0.876188 0)
(2.26233 -0.868797 0)
(2.26228 -0.848102 0)
(2.27353 -0.844588 0)
(2.29001 -0.842981 0)
(2.31254 -0.834803 0)
(2.34055 -0.815927 0)
(2.36236 -0.793657 0)
(2.37564 -0.77588 0)
(2.37783 -0.741166 0)
(2.37565 -0.686882 0)
(2.37509 -0.633192 0)
(2.36997 -0.582271 0)
(2.37576 -0.541946 0)
(2.39009 -0.527334 0)
(2.40521 -0.500184 0)
(2.3928 -0.40976 0)
(2.33304 -0.247657 0)
(2.29002 -0.113044 0)
(2.21767 0.0277216 0)
(2.16015 0.129523 0)
(2.14335 0.160413 0)
(2.15055 0.176094 0)
(2.16966 0.174725 0)
(2.18909 0.177375 0)
(2.20997 0.176466 0)
(2.22886 0.176238 0)
(2.24655 0.179616 0)
(2.25454 0.181136 0)
(2.25667 0.187461 0)
(2.26119 0.199183 0)
(2.26691 0.211866 0)
(2.27183 0.219574 0)
(2.28513 0.218003 0)
(2.30054 0.212869 0)
(2.3155 0.20728 0)
(2.33012 0.203712 0)
(2.34339 0.201837 0)
(2.35284 0.202112 0)
(2.35698 0.20569 0)
(2.35756 0.211428 0)
(2.36261 0.216497 0)
(2.37466 0.221357 0)
(2.38831 0.226479 0)
(2.40057 0.233119 0)
(2.40704 0.240484 0)
(2.41186 0.242551 0)
(2.42133 0.237355 0)
(2.43471 0.229534 0)
(2.44765 0.222693 0)
(2.45832 0.218327 0)
(2.46461 0.223082 0)
(2.46947 0.2378 0)
(2.47409 0.25114 0)
(2.48162 0.256894 0)
(2.49624 0.258693 0)
(2.52298 0.25809 0)
(1.5671 0.862193 0)
(1.62006 0.851802 0)
(1.68078 0.82966 0)
(1.74631 0.798583 0)
(1.79898 0.780189 0)
(1.84918 0.761547 0)
(1.92141 0.716295 0)
(1.98982 0.661686 0)
(2.02997 0.642969 0)
(2.06502 0.625032 0)
(2.1344 0.570588 0)
(2.2014 0.498441 0)
(2.23738 0.469509 0)
(2.24967 0.46387 0)
(2.29635 0.420371 0)
(2.35731 0.347089 0)
(2.39513 0.298595 0)
(2.40214 0.299738 0)
(2.42069 0.27402 0)
(2.46666 0.213582 0)
(2.5031 0.1639 0)
(2.52544 0.139723 0)
(2.50792 0.0722528 0)
(2.39345 -0.114541 0)
(2.08159 -0.459424 0)
(1.94896 -0.625883 0)
(1.94782 -0.708881 0)
(1.97647 -0.710551 0)
(2.009 -0.717915 0)
(2.03509 -0.731838 0)
(2.05821 -0.744192 0)
(2.07993 -0.752904 0)
(2.09614 -0.761313 0)
(2.11146 -0.773611 0)
(2.13352 -0.788607 0)
(2.1595 -0.801931 0)
(2.18678 -0.813217 0)
(2.21513 -0.821453 0)
(2.2419 -0.824701 0)
(2.26398 -0.82367 0)
(2.27804 -0.827807 0)
(2.28354 -0.829075 0)
(2.28921 -0.822821 0)
(2.3072 -0.812913 0)
(2.33293 -0.808156 0)
(2.35539 -0.807068 0)
(2.37941 -0.802672 0)
(2.40081 -0.795242 0)
(2.41666 -0.78964 0)
(2.42371 -0.780171 0)
(2.42612 -0.738735 0)
(2.42724 -0.691165 0)
(2.43439 -0.657899 0)
(2.43742 -0.613287 0)
(2.45063 -0.575372 0)
(2.46789 -0.552752 0)
(2.47011 -0.496949 0)
(2.4445 -0.386227 0)
(2.37942 -0.22276 0)
(2.32819 -0.0716842 0)
(2.25872 0.0689192 0)
(2.20738 0.165866 0)
(2.19847 0.199584 0)
(2.20917 0.199922 0)
(2.23811 0.195425 0)
(2.25504 0.195217 0)
(2.27598 0.200078 0)
(2.28313 0.208409 0)
(2.28032 0.209662 0)
(2.28681 0.213462 0)
(2.29785 0.22244 0)
(2.30452 0.231848 0)
(2.30965 0.235685 0)
(2.31972 0.233293 0)
(2.33296 0.230695 0)
(2.3472 0.228794 0)
(2.36138 0.227696 0)
(2.37447 0.227729 0)
(2.38396 0.229683 0)
(2.3865 0.235016 0)
(2.38608 0.241339 0)
(2.39453 0.244043 0)
(2.40831 0.244997 0)
(2.42273 0.2468 0)
(2.43396 0.251724 0)
(2.43729 0.258494 0)
(2.43691 0.260901 0)
(2.44262 0.258828 0)
(2.45399 0.256863 0)
(2.46756 0.256379 0)
(2.48117 0.256855 0)
(2.4947 0.258739 0)
(2.50516 0.263359 0)
(2.50905 0.27285 0)
(2.51306 0.27632 0)
(2.5284 0.27558 0)
(1.58021 0.86404 0)
(1.62914 0.851502 0)
(1.68912 0.828966 0)
(1.7451 0.807819 0)
(1.79029 0.79461 0)
(1.84762 0.764774 0)
(1.91873 0.717775 0)
(1.96908 0.689159 0)
(1.99928 0.67905 0)
(2.05207 0.639443 0)
(2.12626 0.573545 0)
(2.17621 0.529955 0)
(2.19541 0.5271 0)
(2.21971 0.500443 0)
(2.28322 0.437961 0)
(2.33636 0.372721 0)
(2.36111 0.360074 0)
(2.37119 0.348278 0)
(2.40435 0.304038 0)
(2.44938 0.252192 0)
(2.47583 0.220526 0)
(2.45705 0.140186 0)
(2.34358 -0.0598029 0)
(2.02852 -0.405359 0)
(1.91552 -0.5411 0)
(1.92211 -0.619352 0)
(1.94884 -0.626385 0)
(1.97796 -0.639887 0)
(2.0074 -0.664769 0)
(2.03285 -0.682993 0)
(2.05929 -0.694044 0)
(2.08334 -0.701797 0)
(2.10282 -0.709526 0)
(2.11933 -0.720182 0)
(2.13841 -0.731366 0)
(2.16193 -0.740663 0)
(2.18776 -0.748251 0)
(2.2146 -0.755646 0)
(2.24173 -0.763929 0)
(2.26762 -0.771268 0)
(2.28973 -0.773553 0)
(2.30202 -0.772446 0)
(2.30662 -0.771164 0)
(2.31832 -0.773629 0)
(2.34328 -0.774932 0)
(2.36895 -0.774927 0)
(2.39524 -0.773745 0)
(2.42073 -0.772259 0)
(2.44265 -0.77133 0)
(2.45884 -0.765698 0)
(2.46315 -0.756489 0)
(2.46023 -0.734941 0)
(2.47245 -0.708664 0)
(2.48252 -0.687719 0)
(2.49657 -0.669303 0)
(2.51038 -0.641705 0)
(2.5279 -0.623276 0)
(2.53453 -0.588835 0)
(2.52589 -0.523678 0)
(2.48458 -0.38725 0)
(2.43198 -0.220526 0)
(2.36786 -0.0505093 0)
(2.28319 0.11459 0)
(2.26451 0.19173 0)
(2.27124 0.202041 0)
(2.29408 0.209235 0)
(2.30024 0.213317 0)
(2.30605 0.225033 0)
(2.30577 0.232332 0)
(2.30778 0.239321 0)
(2.32107 0.247313 0)
(2.33283 0.253583 0)
(2.33853 0.254024 0)
(2.34366 0.249461 0)
(2.35427 0.247388 0)
(2.3681 0.249114 0)
(2.38216 0.252266 0)
(2.39583 0.255821 0)
(2.40762 0.259373 0)
(2.41392 0.26236 0)
(2.41343 0.264954 0)
(2.41738 0.265837 0)
(2.43014 0.265128 0)
(2.44414 0.264728 0)
(2.45686 0.266282 0)
(2.46377 0.272142 0)
(2.46161 0.278982 0)
(2.46389 0.281132 0)
(2.47894 0.282596 0)
(2.49371 0.284693 0)
(2.50971 0.2859 0)
(2.52404 0.286412 0)
(2.53537 0.28583 0)
(2.53848 0.287357 0)
(2.53514 0.288909 0)
(2.53719 0.289149 0)
(1.59001 0.884497 0)
(1.63484 0.8668 0)
(1.68496 0.847056 0)
(1.73227 0.831903 0)
(1.78053 0.812612 0)
(1.84068 0.777351 0)
(1.89658 0.74128 0)
(1.93569 0.728156 0)
(1.97605 0.706634 0)
(2.04125 0.656032 0)
(2.09778 0.600667 0)
(2.12922 0.586168 0)
(2.14969 0.577425 0)
(2.20377 0.529409 0)
(2.26368 0.458456 0)
(2.29776 0.423987 0)
(2.30693 0.427624 0)
(2.33291 0.402742 0)
(2.38907 0.342449 0)
(2.42039 0.301502 0)
(2.40168 0.209552 0)
(2.26374 -0.018208 0)
(1.98559 -0.345986 0)
(1.8849 -0.485188 0)
(1.88347 -0.547308 0)
(1.9172 -0.559405 0)
(1.94517 -0.571196 0)
(1.97742 -0.595595 0)
(2.00457 -0.620205 0)
(2.03211 -0.635689 0)
(2.06033 -0.647554 0)
(2.08696 -0.656831 0)
(2.10969 -0.663477 0)
(2.12765 -0.669567 0)
(2.1452 -0.678347 0)
(2.16738 -0.689603 0)
(2.19335 -0.700477 0)
(2.22082 -0.709432 0)
(2.24851 -0.715593 0)
(2.27494 -0.718423 0)
(2.2982 -0.719397 0)
(2.31525 -0.719539 0)
(2.32426 -0.719645 0)
(2.33329 -0.719773 0)
(2.35167 -0.720226 0)
(2.3758 -0.722161 0)
(2.40145 -0.725253 0)
(2.42712 -0.728397 0)
(2.4508 -0.733267 0)
(2.47311 -0.736201 0)
(2.49172 -0.73307 0)
(2.501 -0.719256 0)
(2.49642 -0.702749 0)
(2.49956 -0.691306 0)
(2.51995 -0.68189 0)
(2.53987 -0.67694 0)
(2.55669 -0.66657 0)
(2.57256 -0.652562 0)
(2.58627 -0.639604 0)
(2.58944 -0.612996 0)
(2.56969 -0.534177 0)
(2.53145 -0.391368 0)
(2.49654 -0.253002 0)
(2.38399 -0.00866052 0)
(2.34975 0.132765 0)
(2.35156 0.180609 0)
(2.33675 0.223103 0)
(2.33352 0.233462 0)
(2.33028 0.242991 0)
(2.33168 0.25911 0)
(2.33618 0.274296 0)
(2.34482 0.284816 0)
(2.35555 0.282831 0)
(2.3659 0.270107 0)
(2.37504 0.263093 0)
(2.39044 0.265234 0)
(2.40611 0.27037 0)
(2.42015 0.277289 0)
(2.43105 0.284235 0)
(2.4376 0.288896 0)
(2.43744 0.290866 0)
(2.43679 0.292905 0)
(2.44385 0.294219 0)
(2.45695 0.293766 0)
(2.47158 0.292147 0)
(2.48388 0.290287 0)
(2.49055 0.292337 0)
(2.49273 0.301644 0)
(2.49596 0.311394 0)
(2.50392 0.316023 0)
(2.51817 0.317042 0)
(2.53404 0.317419 0)
(2.54675 0.317623 0)
(2.55692 0.316644 0)
(2.55866 0.308419 0)
(2.55354 0.303858 0)
(1.61709 0.891906 0)
(1.65543 0.871907 0)
(1.69714 0.852911 0)
(1.73667 0.840107 0)
(1.78237 0.820039 0)
(1.84055 0.784897 0)
(1.88874 0.758522 0)
(1.92191 0.749002 0)
(1.96762 0.720648 0)
(2.03159 0.668547 0)
(2.07782 0.630509 0)
(2.10255 0.626117 0)
(2.13239 0.600815 0)
(2.19403 0.543285 0)
(2.23974 0.487966 0)
(2.2623 0.479454 0)
(2.27365 0.472081 0)
(2.32816 0.421937 0)
(2.36184 0.378223 0)
(2.34089 0.274728 0)
(2.18638 0.0217439 0)
(1.9242 -0.300219 0)
(1.85607 -0.418018 0)
(1.86403 -0.459942 0)
(1.89057 -0.485554 0)
(1.91237 -0.501588 0)
(1.94397 -0.527697 0)
(1.97568 -0.55309 0)
(2.00483 -0.572585 0)
(2.03487 -0.589127 0)
(2.06477 -0.601449 0)
(2.09257 -0.609157 0)
(2.11588 -0.614503 0)
(2.13489 -0.621748 0)
(2.15379 -0.632261 0)
(2.17627 -0.642724 0)
(2.20185 -0.650981 0)
(2.22875 -0.657559 0)
(2.25585 -0.662525 0)
(2.28233 -0.66565 0)
(2.30679 -0.666964 0)
(2.32687 -0.668338 0)
(2.34079 -0.671496 0)
(2.35174 -0.674274 0)
(2.36791 -0.67581 0)
(2.39022 -0.678183 0)
(2.41459 -0.681372 0)
(2.43826 -0.685712 0)
(2.46143 -0.687934 0)
(2.48453 -0.686623 0)
(2.50513 -0.686395 0)
(2.52046 -0.685445 0)
(2.52714 -0.678157 0)
(2.52552 -0.664525 0)
(2.53413 -0.654612 0)
(2.55429 -0.652468 0)
(2.56916 -0.648528 0)
(2.58468 -0.646634 0)
(2.60245 -0.639716 0)
(2.61886 -0.625709 0)
(2.62913 -0.622238 0)
(2.62988 -0.586468 0)
(2.61886 -0.528941 0)
(2.57991 -0.415127 0)
(2.54253 -0.266732 0)
(2.45295 -0.0199343 0)
(2.39959 0.152699 0)
(2.40137 0.180364 0)
(2.38077 0.233996 0)
(2.37108 0.26682 0)
(2.35698 0.281191 0)
(2.35648 0.300639 0)
(2.36122 0.31056 0)
(2.37168 0.306949 0)
(2.38498 0.303937 0)
(2.40267 0.299053 0)
(2.4203 0.296387 0)
(2.43927 0.29847 0)
(2.45184 0.305942 0)
(2.45343 0.315405 0)
(2.45224 0.316478 0)
(2.45652 0.312516 0)
(2.46597 0.310871 0)
(2.478 0.313285 0)
(2.49011 0.31828 0)
(2.50185 0.323549 0)
(2.5127 0.327484 0)
(2.52069 0.327263 0)
(2.5223 0.326432 0)
(2.52571 0.330391 0)
(2.53356 0.336778 0)
(2.54332 0.341668 0)
(2.55452 0.341993 0)
(2.56396 0.340777 0)
(2.56684 0.329804 0)
(2.56677 0.320262 0)
(1.64779 0.915638 0)
(1.67806 0.896706 0)
(1.70945 0.880565 0)
(1.74538 0.862421 0)
(1.79228 0.832634 0)
(1.83642 0.803478 0)
(1.86987 0.792776 0)
(1.90683 0.777724 0)
(1.96657 0.733255 0)
(2.01933 0.683006 0)
(2.04982 0.670879 0)
(2.06955 0.667098 0)
(2.12145 0.626969 0)
(2.18047 0.560818 0)
(2.21607 0.525368 0)
(2.22644 0.532341 0)
(2.2637 0.505085 0)
(2.29966 0.456887 0)
(2.28 0.33857 0)
(2.10168 0.052128 0)
(1.86274 -0.242219 0)
(1.80803 -0.37675 0)
(1.82266 -0.42142 0)
(1.86215 -0.434289 0)
(1.88514 -0.447727 0)
(1.9098 -0.47093 0)
(1.94132 -0.487646 0)
(1.97427 -0.502431 0)
(2.0086 -0.520975 0)
(2.04135 -0.539367 0)
(2.07232 -0.55463 0)
(2.10013 -0.566723 0)
(2.1228 -0.575039 0)
(2.14201 -0.580458 0)
(2.16276 -0.586377 0)
(2.18715 -0.593998 0)
(2.21382 -0.601613 0)
(2.24098 -0.608516 0)
(2.26748 -0.614553 0)
(2.29291 -0.618675 0)
(2.3167 -0.620007 0)
(2.33783 -0.619806 0)
(2.3552 -0.620611 0)
(2.36897 -0.621124 0)
(2.38219 -0.620219 0)
(2.39869 -0.620018 0)
(2.41932 -0.621022 0)
(2.44201 -0.624368 0)
(2.46579 -0.629396 0)
(2.49035 -0.633117 0)
(2.51369 -0.633155 0)
(2.5319 -0.631231 0)
(2.54311 -0.633476 0)
(2.54762 -0.640051 0)
(2.55657 -0.636775 0)
(2.57454 -0.62616 0)
(2.59177 -0.61703 0)
(2.60738 -0.610376 0)
(2.62101 -0.603538 0)
(2.63221 -0.600009 0)
(2.6409 -0.601582 0)
(2.65361 -0.586501 0)
(2.65632 -0.576984 0)
(2.66467 -0.551483 0)
(2.66065 -0.520098 0)
(2.6345 -0.434034 0)
(2.58407 -0.274375 0)
(2.52475 -0.0648465 0)
(2.44327 0.170298 0)
(2.44406 0.211345 0)
(2.41926 0.256161 0)
(2.40264 0.28168 0)
(2.38756 0.320554 0)
(2.38978 0.338063 0)
(2.39713 0.344803 0)
(2.4061 0.338141 0)
(2.41965 0.330901 0)
(2.43721 0.328724 0)
(2.45451 0.330303 0)
(2.46948 0.330138 0)
(2.47229 0.332272 0)
(2.4708 0.336892 0)
(2.47796 0.338607 0)
(2.48915 0.341952 0)
(2.50116 0.347847 0)
(2.51214 0.353969 0)
(2.51993 0.356482 0)
(2.5261 0.355305 0)
(2.53573 0.35367 0)
(2.5449 0.352211 0)
(2.55413 0.353641 0)
(2.56286 0.35662 0)
(2.57126 0.358161 0)
(2.57691 0.362129 0)
(2.57882 0.355349 0)
(2.57801 0.345323 0)
(1.66163 0.939575 0)
(1.69813 0.920233 0)
(1.72906 0.900435 0)
(1.76489 0.875899 0)
(1.79864 0.85335 0)
(1.83438 0.830467 0)
(1.87096 0.809816 0)
(1.91463 0.781204 0)
(1.96121 0.744093 0)
(1.99877 0.714685 0)
(2.02439 0.710121 0)
(2.0616 0.683854 0)
(2.12093 0.629805 0)
(2.16292 0.581385 0)
(2.18008 0.581442 0)
(2.20808 0.570848 0)
(2.24356 0.525398 0)
(2.20873 0.389479 0)
(2.03194 0.0765506 0)
(1.79216 -0.218295 0)
(1.76749 -0.295863 0)
(1.79359 -0.323729 0)
(1.83569 -0.353266 0)
(1.86972 -0.387014 0)
(1.8887 -0.415736 0)
(1.91136 -0.436363 0)
(1.94427 -0.450283 0)
(1.98082 -0.463624 0)
(2.01713 -0.479135 0)
(2.05094 -0.496765 0)
(2.08156 -0.513056 0)
(2.10809 -0.525227 0)
(2.12985 -0.532667 0)
(2.15039 -0.53738 0)
(2.17447 -0.542864 0)
(2.20171 -0.549595 0)
(2.22973 -0.555932 0)
(2.25688 -0.561071 0)
(2.28201 -0.564963 0)
(2.30495 -0.567843 0)
(2.32677 -0.570163 0)
(2.34837 -0.573573 0)
(2.36866 -0.578772 0)
(2.38624 -0.583457 0)
(2.40209 -0.585258 0)
(2.41867 -0.583424 0)
(2.43669 -0.578733 0)
(2.45466 -0.575232 0)
(2.47248 -0.575409 0)
(2.49189 -0.576923 0)
(2.51394 -0.57716 0)
(2.53523 -0.576407 0)
(2.5512 -0.575855 0)
(2.55964 -0.575461 0)
(2.56665 -0.573305 0)
(2.58088 -0.570887 0)
(2.59929 -0.571108 0)
(2.61654 -0.570452 0)
(2.63209 -0.566254 0)
(2.6461 -0.561569 0)
(2.65663 -0.563441 0)
(2.66337 -0.561117 0)
(2.67169 -0.551638 0)
(2.67358 -0.541319 0)
(2.68871 -0.533473 0)
(2.70404 -0.52556 0)
(2.70448 -0.499374 0)
(2.68633 -0.432719 0)
(2.62888 -0.269387 0)
(2.58452 -0.0767836 0)
(2.51226 0.137642 0)
(2.45936 0.256715 0)
(2.45106 0.274237 0)
(2.44952 0.317226 0)
(2.43805 0.352891 0)
(2.42558 0.36439 0)
(2.42899 0.364762 0)
(2.43983 0.361336 0)
(2.44947 0.357065 0)
(2.45915 0.357855 0)
(2.4719 0.363413 0)
(2.48454 0.366824 0)
(2.4956 0.36718 0)
(2.50724 0.365253 0)
(2.51847 0.365918 0)
(2.52734 0.369814 0)
(2.53424 0.372923 0)
(2.53914 0.377098 0)
(2.54178 0.378552 0)
(2.54861 0.378404 0)
(2.56319 0.37737 0)
(2.57774 0.374164 0)
(2.58916 0.371664 0)
(2.59517 0.374701 0)
(2.59867 0.370433 0)
(2.59934 0.367258 0)
(1.67729 0.961194 0)
(1.71114 0.940317 0)
(1.74858 0.916586 0)
(1.77726 0.898009 0)
(1.8106 0.87225 0)
(1.84668 0.845188 0)
(1.88198 0.824359 0)
(1.91109 0.806115 0)
(1.95548 0.768819 0)
(1.99353 0.73909 0)
(2.0238 0.726291 0)
(2.05883 0.700136 0)
(2.10593 0.65487 0)
(2.138 0.627138 0)
(2.16159 0.619295 0)
(2.19232 0.57791 0)
(2.15224 0.444431 0)
(1.93253 0.102312 0)
(1.7259 -0.173697 0)
(1.70978 -0.296097 0)
(1.7457 -0.305371 0)
(1.79561 -0.309594 0)
(1.84092 -0.325857 0)
(1.87292 -0.350375 0)
(1.89754 -0.381491 0)
(1.92122 -0.402154 0)
(1.95303 -0.411753 0)
(1.99051 -0.423871 0)
(2.02812 -0.439369 0)
(2.06255 -0.456668 0)
(2.09296 -0.473215 0)
(2.11928 -0.486193 0)
(2.14232 -0.493497 0)
(2.16479 -0.495947 0)
(2.18978 -0.497962 0)
(2.21751 -0.502512 0)
(2.24604 -0.508585 0)
(2.27351 -0.514965 0)
(2.29866 -0.521099 0)
(2.32107 -0.525312 0)
(2.34149 -0.525717 0)
(2.36073 -0.523595 0)
(2.37904 -0.523143 0)
(2.39676 -0.526515 0)
(2.41439 -0.531922 0)
(2.43284 -0.536097 0)
(2.45255 -0.537545 0)
(2.47228 -0.537917 0)
(2.49065 -0.538587 0)
(2.50759 -0.537677 0)
(2.52424 -0.533109 0)
(2.54111 -0.528374 0)
(2.55752 -0.529165 0)
(2.57131 -0.533243 0)
(2.58362 -0.533989 0)
(2.59909 -0.529882 0)
(2.61693 -0.52531 0)
(2.63314 -0.524808 0)
(2.64648 -0.528179 0)
(2.65809 -0.529982 0)
(2.6692 -0.526415 0)
(2.67327 -0.520335 0)
(2.67523 -0.514399 0)
(2.68812 -0.510508 0)
(2.70487 -0.505407 0)
(2.71746 -0.498939 0)
(2.7269 -0.492627 0)
(2.73767 -0.487023 0)
(2.73957 -0.466616 0)
(2.73002 -0.409169 0)
(2.69397 -0.278479 0)
(2.61249 -0.0582316 0)
(2.57894 0.103238 0)
(2.4978 0.289755 0)
(2.49181 0.320282 0)
(2.4767 0.349898 0)
(2.47065 0.366295 0)
(2.46016 0.375998 0)
(2.45442 0.383264 0)
(2.46174 0.392322 0)
(2.47416 0.395066 0)
(2.487 0.396514 0)
(2.49705 0.395288 0)
(2.50714 0.391498 0)
(2.52239 0.391532 0)
(2.53738 0.391781 0)
(2.55187 0.390472 0)
(2.56216 0.389668 0)
(2.56209 0.393011 0)
(2.56004 0.397101 0)
(2.56413 0.39425 0)
(2.5724 0.392989 0)
(2.58624 0.395612 0)
(2.60162 0.399625 0)
(2.61647 0.399034 0)
(2.62559 0.397417 0)
(1.72629 0.96489 0)
(1.72489 0.960875 0)
(1.76078 0.938946 0)
(1.79431 0.916087 0)
(1.82524 0.891384 0)
(1.85879 0.867081 0)
(1.88477 0.852414 0)
(1.91946 0.822723 0)
(1.96188 0.782053 0)
(1.99128 0.766291 0)
(2.01344 0.758047 0)
(2.05688 0.722131 0)
(2.10531 0.672488 0)
(2.12388 0.664629 0)
(2.14836 0.626916 0)
(2.08528 0.479547 0)
(1.86043 0.131643 0)
(1.69379 -0.103258 0)
(1.68255 -0.198277 0)
(1.71067 -0.226331 0)
(1.75743 -0.245493 0)
(1.8087 -0.271736 0)
(1.8471 -0.295007 0)
(1.87971 -0.316751 0)
(1.90772 -0.337935 0)
(1.93354 -0.357091 0)
(1.96691 -0.375443 0)
(2.00439 -0.390893 0)
(2.04127 -0.405312 0)
(2.07561 -0.420114 0)
(2.10648 -0.433669 0)
(2.13388 -0.443326 0)
(2.15848 -0.447928 0)
(2.18184 -0.449113 0)
(2.20637 -0.450903 0)
(2.23335 -0.455457 0)
(2.26146 -0.461412 0)
(2.28874 -0.467771 0)
(2.31396 -0.474666 0)
(2.33703 -0.481087 0)
(2.35864 -0.4848 0)
(2.37887 -0.485008 0)
(2.39679 -0.483463 0)
(2.41202 -0.482706 0)
(2.42611 -0.48339 0)
(2.44186 -0.483751 0)
(2.46085 -0.482964 0)
(2.48166 -0.483167 0)
(2.50203 -0.486165 0)
(2.52045 -0.489698 0)
(2.53677 -0.489267 0)
(2.55053 -0.48328 0)
(2.56094 -0.476544 0)
(2.5702 -0.473852 0)
(2.58162 -0.472645 0)
(2.59674 -0.468597 0)
(2.61453 -0.462256 0)
(2.63305 -0.458932 0)
(2.65185 -0.462416 0)
(2.66781 -0.469498 0)
(2.67984 -0.479826 0)
(2.6879 -0.489318 0)
(2.69324 -0.489431 0)
(2.69937 -0.479194 0)
(2.70395 -0.466806 0)
(2.71825 -0.456319 0)
(2.73576 -0.452262 0)
(2.75045 -0.452098 0)
(2.76465 -0.450142 0)
(2.77577 -0.449256 0)
(2.77823 -0.431652 0)
(2.76757 -0.376953 0)
(2.73867 -0.26738 0)
(2.65845 -0.0635693 0)
(2.63829 0.0720363 0)
(2.56081 0.258384 0)
(2.50384 0.380717 0)
(2.49414 0.376001 0)
(2.48607 0.390838 0)
(2.4887 0.405567 0)
(2.49083 0.405408 0)
(2.4965 0.40794 0)
(2.50502 0.413974 0)
(2.51466 0.417864 0)
(2.52617 0.418891 0)
(2.53832 0.41882 0)
(2.54952 0.41921 0)
(2.56293 0.419942 0)
(2.57444 0.4169 0)
(2.57901 0.413115 0)
(2.56789 0.414806 0)
(2.56975 0.41985 0)
(2.58268 0.424771 0)
(2.59773 0.430489 0)
(2.61255 0.435215 0)
(2.62914 0.437261 0)
(1.94144 0.90217 0)
(1.75738 0.971066 0)
(1.7703 0.960995 0)
(1.80474 0.939495 0)
(1.84047 0.911659 0)
(1.87101 0.888934 0)
(1.89335 0.873362 0)
(1.92823 0.843023 0)
(1.96461 0.80923 0)
(1.99161 0.794253 0)
(2.01528 0.776989 0)
(2.06866 0.731285 0)
(2.08667 0.718975 0)
(2.10248 0.66594 0)
(2.03248 0.505333 0)
(1.7767 0.143152 0)
(1.6152 -0.102112 0)
(1.63576 -0.195507 0)
(1.67777 -0.199217 0)
(1.72313 -0.206532 0)
(1.77371 -0.22626 0)
(1.82152 -0.251242 0)
(1.86306 -0.274132 0)
(1.89993 -0.295392 0)
(1.9296 -0.314596 0)
(1.95535 -0.328295 0)
(1.98468 -0.338797 0)
(2.01875 -0.350729 0)
(2.05439 -0.364366 0)
(2.08896 -0.378827 0)
(2.12107 -0.392228 0)
(2.15025 -0.402492 0)
(2.17653 -0.408768 0)
(2.20079 -0.411403 0)
(2.22482 -0.412346 0)
(2.24995 -0.41395 0)
(2.27602 -0.416522 0)
(2.30188 -0.419956 0)
(2.32667 -0.424949 0)
(2.35029 -0.430615 0)
(2.37293 -0.434641 0)
(2.39393 -0.436086 0)
(2.41177 -0.436424 0)
(2.42606 -0.438181 0)
(2.43917 -0.441362 0)
(2.4546 -0.442944 0)
(2.47362 -0.441383 0)
(2.49407 -0.438708 0)
(2.51377 -0.438047 0)
(2.53188 -0.440736 0)
(2.54864 -0.443405 0)
(2.56405 -0.442396 0)
(2.577 -0.440101 0)
(2.58746 -0.440288 0)
(2.59749 -0.440641 0)
(2.61148 -0.437055 0)
(2.62754 -0.42765 0)
(2.64047 -0.41597 0)
(2.64953 -0.410309 0)
(2.65974 -0.41129 0)
(2.67328 -0.41465 0)
(2.69083 -0.422005 0)
(2.70548 -0.432624 0)
(2.71389 -0.443101 0)
(2.71921 -0.441428 0)
(2.73006 -0.426213 0)
(2.73836 -0.414233 0)
(2.74859 -0.407629 0)
(2.76261 -0.409712 0)
(2.77899 -0.408289 0)
(2.7941 -0.405176 0)
(2.80537 -0.400556 0)
(2.81036 -0.384987 0)
(2.80041 -0.342983 0)
(2.78226 -0.26778 0)
(2.71441 -0.0935181 0)
(2.67295 0.0537422 0)
(2.62213 0.205396 0)
(2.52868 0.408379 0)
(2.51136 0.443979 0)
(2.51174 0.427784 0)
(2.51757 0.418783 0)
(2.5224 0.415906 0)
(2.53122 0.421893 0)
(2.54091 0.43361 0)
(2.5486 0.443828 0)
(2.55635 0.451863 0)
(2.56452 0.453466 0)
(2.57117 0.449071 0)
(2.57763 0.44332 0)
(2.58257 0.436674 0)
(2.58626 0.439422 0)
(2.59172 0.444419 0)
(2.60436 0.452859 0)
(2.61445 0.462106 0)
(2.63139 0.463811 0)
(2.50347 0.56612 0)
(1.90322 0.9347 0)
(1.78564 0.972442 0)
(1.80789 0.959512 0)
(1.85162 0.929503 0)
(1.87628 0.915248 0)
(1.90161 0.896579 0)
(1.93967 0.861101 0)
(1.97698 0.825392 0)
(1.98818 0.823143 0)
(2.03288 0.79321 0)
(2.05904 0.779149 0)
(2.05422 0.697912 0)
(1.9708 0.50975 0)
(1.7056 0.139283 0)
(1.60046 -0.0319746 0)
(1.61644 -0.0960813 0)
(1.66125 -0.137549 0)
(1.70258 -0.159686 0)
(1.74691 -0.176706 0)
(1.79243 -0.19825 0)
(1.83526 -0.21984 0)
(1.87699 -0.237744 0)
(1.91525 -0.256068 0)
(1.94793 -0.27515 0)
(1.97707 -0.294306 0)
(2.00667 -0.308839 0)
(2.03855 -0.319064 0)
(2.07154 -0.32846 0)
(2.10412 -0.338635 0)
(2.13515 -0.348959 0)
(2.16406 -0.358155 0)
(2.19068 -0.365623 0)
(2.21565 -0.37084 0)
(2.24028 -0.373908 0)
(2.26547 -0.375822 0)
(2.29124 -0.376745 0)
(2.31672 -0.377069 0)
(2.34096 -0.378705 0)
(2.36378 -0.382359 0)
(2.38541 -0.386042 0)
(2.40562 -0.387823 0)
(2.42305 -0.387944 0)
(2.43676 -0.388892 0)
(2.44903 -0.391791 0)
(2.46405 -0.394391 0)
(2.48338 -0.394876 0)
(2.50472 -0.394169 0)
(2.52516 -0.393174 0)
(2.54186 -0.392578 0)
(2.55264 -0.392165 0)
(2.5604 -0.389785 0)
(2.5728 -0.384946 0)
(2.59091 -0.383014 0)
(2.60872 -0.386021 0)
(2.62551 -0.391072 0)
(2.64161 -0.392512 0)
(2.65593 -0.387463 0)
(2.66797 -0.381191 0)
(2.67515 -0.374175 0)
(2.6789 -0.366532 0)
(2.68586 -0.365057 0)
(2.7007 -0.371046 0)
(2.71681 -0.380246 0)
(2.72958 -0.389865 0)
(2.73958 -0.393139 0)
(2.75106 -0.386252 0)
(2.76309 -0.373709 0)
(2.77004 -0.367276 0)
(2.77553 -0.362377 0)
(2.78409 -0.367868 0)
(2.80222 -0.366097 0)
(2.81748 -0.362954 0)
(2.82987 -0.351736 0)
(2.83494 -0.348895 0)
(2.82868 -0.319205 0)
(2.81693 -0.260235 0)
(2.76865 -0.11922 0)
(2.69226 0.0904491 0)
(2.69372 0.202946 0)
(2.58395 0.385073 0)
(2.5466 0.474077 0)
(2.53009 0.452248 0)
(2.54561 0.437927 0)
(2.56331 0.446383 0)
(2.56883 0.451344 0)
(2.57609 0.463079 0)
(2.57825 0.475198 0)
(2.57778 0.480389 0)
(2.57705 0.477992 0)
(2.58076 0.476323 0)
(2.58967 0.478139 0)
(2.59992 0.475499 0)
(2.61292 0.475661 0)
(2.6263 0.480417 0)
(2.64391 0.483731 0)
(2.96234 0.0877763 0)
(2.35266 0.67954 0)
(1.88945 0.957517 0)
(1.81575 0.969577 0)
(1.84476 0.953938 0)
(1.88006 0.935212 0)
(1.91173 0.911879 0)
(1.9557 0.870682 0)
(1.96628 0.865479 0)
(2.0025 0.839445 0)
(2.03275 0.833819 0)
(2.019 0.739087 0)
(1.90041 0.500571 0)
(1.63352 0.142741 0)
(1.55829 -0.0336494 0)
(1.59596 -0.102775 0)
(1.63829 -0.101699 0)
(1.6847 -0.111475 0)
(1.73134 -0.138071 0)
(1.77723 -0.165977 0)
(1.81986 -0.184966 0)
(1.85945 -0.197561 0)
(1.8975 -0.212033 0)
(1.93408 -0.231795 0)
(1.96747 -0.251997 0)
(1.99787 -0.265783 0)
(2.02724 -0.273513 0)
(2.05723 -0.280367 0)
(2.08822 -0.289251 0)
(2.11931 -0.299972 0)
(2.14936 -0.311046 0)
(2.17771 -0.320821 0)
(2.20423 -0.328406 0)
(2.22925 -0.333068 0)
(2.2537 -0.334709 0)
(2.27843 -0.334575 0)
(2.30387 -0.333342 0)
(2.32947 -0.331491 0)
(2.35386 -0.331016 0)
(2.37604 -0.333465 0)
(2.3958 -0.337544 0)
(2.41379 -0.34068 0)
(2.43053 -0.341753 0)
(2.44572 -0.342326 0)
(2.45977 -0.344052 0)
(2.47495 -0.345685 0)
(2.49296 -0.345773 0)
(2.51345 -0.346086 0)
(2.53515 -0.34792 0)
(2.55506 -0.35078 0)
(2.56906 -0.353346 0)
(2.57653 -0.351374 0)
(2.58118 -0.342807 0)
(2.58647 -0.335582 0)
(2.59751 -0.33569 0)
(2.6149 -0.337376 0)
(2.63787 -0.337474 0)
(2.66104 -0.336781 0)
(2.68103 -0.335989 0)
(2.69406 -0.33453 0)
(2.69785 -0.330839 0)
(2.69768 -0.328329 0)
(2.69813 -0.328315 0)
(2.70452 -0.330163 0)
(2.71981 -0.331527 0)
(2.73902 -0.333744 0)
(2.75653 -0.336934 0)
(2.77153 -0.337245 0)
(2.78256 -0.330049 0)
(2.78719 -0.320076 0)
(2.78582 -0.312777 0)
(2.79816 -0.3117 0)
(2.81942 -0.314823 0)
(2.83848 -0.314669 0)
(2.85531 -0.317817 0)
(2.86432 -0.308738 0)
(2.85845 -0.313058 0)
(2.86385 -0.28177 0)
(2.8502 -0.225187 0)
(2.82275 -0.105239 0)
(2.74514 0.0830743 0)
(2.73205 0.188079 0)
(2.61845 0.357977 0)
(2.57675 0.466483 0)
(2.57539 0.4644 0)
(2.58834 0.484876 0)
(2.59381 0.481677 0)
(2.59725 0.480577 0)
(2.59733 0.489149 0)
(2.59152 0.503215 0)
(2.59061 0.513531 0)
(2.59299 0.514641 0)
(2.60072 0.511321 0)
(2.61168 0.511838 0)
(2.62534 0.506782 0)
(2.64777 0.503313 0)
(2.9992 0.0044785 0)
(2.90521 0.162245 0)
(2.26269 0.753417 0)
(1.88774 0.96592 0)
(1.8491 0.971214 0)
(1.87093 0.956358 0)
(1.92272 0.919052 0)
(1.94431 0.904797 0)
(1.97564 0.879619 0)
(2.00147 0.867194 0)
(1.97936 0.764867 0)
(1.83092 0.468968 0)
(1.58368 0.146041 0)
(1.53051 0.0310069 0)
(1.57688 -0.0347694 0)
(1.63621 -0.0678746 0)
(1.67544 -0.0811362 0)
(1.70845 -0.0929206 0)
(1.74867 -0.111611 0)
(1.7937 -0.135533 0)
(1.83598 -0.154648 0)
(1.87508 -0.166715 0)
(1.91188 -0.17841 0)
(1.94671 -0.192374 0)
(1.97974 -0.208312 0)
(2.01141 -0.223454 0)
(2.04257 -0.235343 0)
(2.07361 -0.244815 0)
(2.10434 -0.253572 0)
(2.13425 -0.262406 0)
(2.16282 -0.271183 0)
(2.18994 -0.279067 0)
(2.21586 -0.285093 0)
(2.24078 -0.289217 0)
(2.2652 -0.291017 0)
(2.28971 -0.291014 0)
(2.31495 -0.289945 0)
(2.34094 -0.28814 0)
(2.36625 -0.286833 0)
(2.38911 -0.287515 0)
(2.40844 -0.29006 0)
(2.4242 -0.292725 0)
(2.43736 -0.293786 0)
(2.45049 -0.293912 0)
(2.46451 -0.295254 0)
(2.48084 -0.297111 0)
(2.5003 -0.297426 0)
(2.52087 -0.297495 0)
(2.54091 -0.298717 0)
(2.5602 -0.301073 0)
(2.57799 -0.304481 0)
(2.59198 -0.30719 0)
(2.60136 -0.306686 0)
(2.6086 -0.30186 0)
(2.61602 -0.295481 0)
(2.623 -0.290814 0)
(2.63129 -0.289182 0)
(2.64576 -0.288935 0)
(2.66636 -0.286801 0)
(2.69039 -0.284234 0)
(2.70903 -0.284113 0)
(2.71598 -0.287164 0)
(2.71335 -0.291562 0)
(2.71333 -0.293453 0)
(2.71859 -0.288938 0)
(2.7261 -0.282407 0)
(2.74146 -0.27808 0)
(2.76082 -0.277753 0)
(2.781 -0.276755 0)
(2.7976 -0.275588 0)
(2.80924 -0.27409 0)
(2.81971 -0.268316 0)
(2.82679 -0.265795 0)
(2.83239 -0.267524 0)
(2.84185 -0.275418 0)
(2.85581 -0.277879 0)
(2.86783 -0.286599 0)
(2.88049 -0.274318 0)
(2.88168 -0.268599 0)
(2.88181 -0.240048 0)
(2.86829 -0.198378 0)
(2.84833 -0.113877 0)
(2.77794 0.052432 0)
(2.73505 0.180199 0)
(2.69886 0.299806 0)
(2.62108 0.480836 0)
(2.62023 0.50469 0)
(2.61526 0.514312 0)
(2.614 0.512353 0)
(2.61226 0.511459 0)
(2.611 0.517366 0)
(2.60827 0.533471 0)
(2.60979 0.54612 0)
(2.6159 0.545451 0)
(2.62837 0.537818 0)
(2.64733 0.528401 0)
(2.99999 2.66048e-05 0)
(2.99728 0.0103692 0)
(2.83328 0.252299 0)
(2.20579 0.802716 0)
(1.88898 0.972425 0)
(1.88103 0.969889 0)
(1.91183 0.945319 0)
(1.94499 0.923083 0)
(1.97169 0.896098 0)
(1.9272 0.771124 0)
(1.72175 0.425292 0)
(1.5481 0.136058 0)
(1.5007 0.0241353 0)
(1.53964 0.00241298 0)
(1.58089 -0.00683332 0)
(1.64325 -0.0341366 0)
(1.6947 -0.0662746 0)
(1.73243 -0.0851395 0)
(1.76838 -0.0973894 0)
(1.80538 -0.111969 0)
(1.84319 -0.128527 0)
(1.88111 -0.142237 0)
(1.91901 -0.153718 0)
(1.95639 -0.165918 0)
(1.99191 -0.178648 0)
(2.02454 -0.190449 0)
(2.0551 -0.200402 0)
(2.08517 -0.208438 0)
(2.1156 -0.2161 0)
(2.14614 -0.224354 0)
(2.17587 -0.232763 0)
(2.204 -0.240373 0)
(2.23024 -0.246006 0)
(2.25448 -0.248812 0)
(2.27722 -0.249022 0)
(2.29942 -0.247627 0)
(2.32164 -0.245477 0)
(2.34423 -0.242904 0)
(2.36711 -0.240931 0)
(2.38929 -0.240401 0)
(2.41 -0.241271 0)
(2.43007 -0.242685 0)
(2.44965 -0.244035 0)
(2.46738 -0.2464 0)
(2.48153 -0.249327 0)
(2.49139 -0.250255 0)
(2.5036 -0.249656 0)
(2.52149 -0.250871 0)
(2.54284 -0.253551 0)
(2.56322 -0.255271 0)
(2.57911 -0.256367 0)
(2.59093 -0.256577 0)
(2.60265 -0.254535 0)
(2.61698 -0.250812 0)
(2.63258 -0.247249 0)
(2.64636 -0.246311 0)
(2.65799 -0.24859 0)
(2.66922 -0.251001 0)
(2.6803 -0.249859 0)
(2.68987 -0.243399 0)
(2.69905 -0.238153 0)
(2.70658 -0.23861 0)
(2.71762 -0.244544 0)
(2.72614 -0.252585 0)
(2.73141 -0.251492 0)
(2.74394 -0.241818 0)
(2.75658 -0.233868 0)
(2.76775 -0.233128 0)
(2.77696 -0.236549 0)
(2.78591 -0.235473 0)
(2.79654 -0.225189 0)
(2.81085 -0.218706 0)
(2.82554 -0.217993 0)
(2.83794 -0.222607 0)
(2.84833 -0.227216 0)
(2.85853 -0.230134 0)
(2.86859 -0.233724 0)
(2.87377 -0.233008 0)
(2.87551 -0.228768 0)
(2.87614 -0.21762 0)
(2.87617 -0.214196 0)
(2.89567 -0.206308 0)
(2.89372 -0.185368 0)
(2.88242 -0.122916 0)
(2.83474 0.0161079 0)
(2.75665 0.212982 0)
(2.77721 0.296651 0)
(2.67712 0.454017 0)
(2.63826 0.563123 0)
(2.61882 0.552843 0)
(2.62495 0.543945 0)
(2.62736 0.542578 0)
(2.63173 0.547758 0)
(2.63455 0.55863 0)
(2.64215 0.564468 0)
(2.65679 0.560117 0)
(3 4.01663e-08 0)
(2.99997 0.000109113 0)
(2.99315 0.0197775 0)
(2.76301 0.339959 0)
(2.15212 0.841976 0)
(1.92265 0.960904 0)
(1.91696 0.96844 0)
(1.93889 0.935867 0)
(1.8551 0.753009 0)
(1.62326 0.398681 0)
(1.48197 0.164486 0)
(1.46385 0.0796346 0)
(1.50488 0.038414 0)
(1.55069 0.018383 0)
(1.58734 -0.00263892 0)
(1.63619 -0.0255519 0)
(1.68847 -0.0464787 0)
(1.73374 -0.0622397 0)
(1.7718 -0.0731822 0)
(1.80619 -0.0840471 0)
(1.84023 -0.0958742 0)
(1.87664 -0.107923 0)
(1.91521 -0.119671 0)
(1.95331 -0.130554 0)
(1.98955 -0.140254 0)
(2.02371 -0.14947 0)
(2.05561 -0.158627 0)
(2.087 -0.167458 0)
(2.11843 -0.175369 0)
(2.14926 -0.182249 0)
(2.17846 -0.188278 0)
(2.20507 -0.193351 0)
(2.2287 -0.196897 0)
(2.24986 -0.198207 0)
(2.26983 -0.197928 0)
(2.29073 -0.197394 0)
(2.31397 -0.196845 0)
(2.33905 -0.195563 0)
(2.36433 -0.194087 0)
(2.38809 -0.193669 0)
(2.40903 -0.193837 0)
(2.4272 -0.193059 0)
(2.44455 -0.192337 0)
(2.46302 -0.194142 0)
(2.48505 -0.199089 0)
(2.5072 -0.20613 0)
(2.5262 -0.211482 0)
(2.54122 -0.213611 0)
(2.55391 -0.213473 0)
(2.56824 -0.212119 0)
(2.58372 -0.210761 0)
(2.59733 -0.210581 0)
(2.60978 -0.208861 0)
(2.62261 -0.203455 0)
(2.63366 -0.198107 0)
(2.64548 -0.194474 0)
(2.6589 -0.193649 0)
(2.67355 -0.196787 0)
(2.68872 -0.203207 0)
(2.70312 -0.207107 0)
(2.71638 -0.205467 0)
(2.72232 -0.200832 0)
(2.71249 -0.199045 0)
(2.71491 -0.201895 0)
(2.7361 -0.203317 0)
(2.75455 -0.199631 0)
(2.77474 -0.195026 0)
(2.79092 -0.196205 0)
(2.79648 -0.199512 0)
(2.7946 -0.200186 0)
(2.80337 -0.192808 0)
(2.81611 -0.186165 0)
(2.83067 -0.1811 0)
(2.84426 -0.180506 0)
(2.85744 -0.180469 0)
(2.87033 -0.183213 0)
(2.88243 -0.186775 0)
(2.89065 -0.192237 0)
(2.89336 -0.195193 0)
(2.88863 -0.186061 0)
(2.88874 -0.186849 0)
(2.89961 -0.179059 0)
(2.90508 -0.176429 0)
(2.92169 -0.173786 0)
(2.92212 -0.157688 0)
(2.90402 -0.0946458 0)
(2.88428 0.0138429 0)
(2.79352 0.219997 0)
(2.77748 0.332112 0)
(2.73562 0.437501 0)
(2.65474 0.568674 0)
(2.63626 0.599564 0)
(2.63519 0.581128 0)
(2.65301 0.573446 0)
(2.6679 0.577305 0)
(2.6761 0.578293 0)
(3 1.46685e-11 0)
(3 1.97014e-07 0)
(2.99988 0.000351517 0)
(2.98834 0.0311736 0)
(2.68288 0.419892 0)
(2.11228 0.825907 0)
(2.01911 1.00904 0)
(1.75584 0.730986 0)
(1.46973 0.350961 0)
(1.38361 0.161492 0)
(1.3964 0.105777 0)
(1.43009 0.083272 0)
(1.48939 0.0600036 0)
(1.54444 0.0356253 0)
(1.58257 0.0142672 0)
(1.62415 -0.00348742 0)
(1.6748 -0.0144586 0)
(1.72115 -0.0282529 0)
(1.76227 -0.0432552 0)
(1.80089 -0.055669 0)
(1.8389 -0.0663886 0)
(1.87697 -0.0765777 0)
(1.91563 -0.0865997 0)
(1.95507 -0.0967143 0)
(1.99323 -0.1062 0)
(2.02877 -0.114981 0)
(2.06237 -0.123519 0)
(2.09404 -0.131142 0)
(2.12516 -0.137312 0)
(2.15612 -0.142145 0)
(2.18601 -0.145968 0)
(2.21353 -0.148534 0)
(2.23784 -0.150384 0)
(2.25909 -0.152121 0)
(2.27852 -0.153154 0)
(2.29861 -0.153574 0)
(2.3214 -0.153473 0)
(2.34695 -0.152596 0)
(2.37402 -0.151247 0)
(2.40097 -0.150451 0)
(2.42557 -0.152196 0)
(2.44475 -0.155367 0)
(2.45787 -0.153645 0)
(2.47253 -0.151109 0)
(2.48891 -0.150955 0)
(2.50802 -0.154182 0)
(2.52768 -0.15877 0)
(2.5461 -0.163454 0)
(2.56197 -0.16685 0)
(2.57349 -0.166453 0)
(2.58311 -0.163046 0)
(2.601 -0.158418 0)
(2.61767 -0.158979 0)
(2.63006 -0.158795 0)
(2.64414 -0.157676 0)
(2.66029 -0.157172 0)
(2.67569 -0.153657 0)
(2.68813 -0.149054 0)
(2.69751 -0.149017 0)
(2.70439 -0.153559 0)
(2.71245 -0.154686 0)
(2.72196 -0.154085 0)
(2.72887 -0.157682 0)
(2.73272 -0.15739 0)
(2.73919 -0.158292 0)
(2.75132 -0.160608 0)
(2.76707 -0.159348 0)
(2.78091 -0.158128 0)
(2.7896 -0.15528 0)
(2.79391 -0.155399 0)
(2.79699 -0.15392 0)
(2.8042 -0.147585 0)
(2.81502 -0.140907 0)
(2.82853 -0.139687 0)
(2.84345 -0.140149 0)
(2.85818 -0.144799 0)
(2.87153 -0.14845 0)
(2.88154 -0.148488 0)
(2.88737 -0.145799 0)
(2.89176 -0.140974 0)
(2.89177 -0.140878 0)
(2.89008 -0.139134 0)
(2.89484 -0.142048 0)
(2.90381 -0.144802 0)
(2.91672 -0.140314 0)
(2.93037 -0.134998 0)
(2.93482 -0.115749 0)
(2.92808 -0.0673839 0)
(2.90541 0.0371283 0)
(2.83067 0.224157 0)
(2.78798 0.338918 0)
(2.74781 0.438003 0)
(2.66854 0.572173 0)
(2.67075 0.615335 0)
(2.6792 0.613783 0)
(2.69325 0.603302 0)
(3 3.92243e-15 0)
(3 1.24602e-10 0)
(3 6.75901e-07 0)
(2.99974 0.000949884 0)
(2.99351 0.0330578 0)
(2.54565 0.535854 0)
(2.04799 0.733645 0)
(1.29206 0.335831 0)
(1.24793 0.18633 0)
(1.28894 0.0961502 0)
(1.33929 0.0963378 0)
(1.38182 0.08892 0)
(1.44117 0.0683708 0)
(1.50025 0.0447871 0)
(1.5501 0.0298533 0)
(1.59799 0.019716 0)
(1.64576 0.00935926 0)
(1.69327 -0.00386654 0)
(1.73946 -0.0198187 0)
(1.78292 -0.0345532 0)
(1.82492 -0.0452049 0)
(1.86811 -0.0522455 0)
(1.912 -0.0576168 0)
(1.95397 -0.0628898 0)
(1.99279 -0.0698762 0)
(2.02832 -0.0780205 0)
(2.0608 -0.0856538 0)
(2.09196 -0.0927695 0)
(2.12289 -0.098658 0)
(2.15349 -0.10284 0)
(2.18266 -0.105608 0)
(2.20924 -0.107082 0)
(2.23199 -0.108185 0)
(2.2509 -0.109741 0)
(2.26827 -0.11092 0)
(2.28722 -0.1116 0)
(2.30967 -0.111956 0)
(2.33525 -0.111782 0)
(2.36233 -0.111337 0)
(2.38832 -0.110503 0)
(2.41096 -0.108875 0)
(2.43463 -0.106803 0)
(2.46129 -0.105431 0)
(2.48318 -0.105311 0)
(2.50281 -0.107969 0)
(2.52169 -0.111999 0)
(2.54033 -0.114448 0)
(2.55829 -0.116206 0)
(2.5751 -0.11867 0)
(2.58984 -0.120463 0)
(2.59836 -0.119674 0)
(2.59234 -0.115062 0)
(2.6036 -0.110409 0)
(2.62837 -0.10991 0)
(2.64832 -0.110703 0)
(2.66786 -0.109139 0)
(2.68546 -0.107103 0)
(2.70184 -0.107664 0)
(2.71738 -0.109822 0)
(2.72855 -0.112925 0)
(2.73127 -0.115122 0)
(2.73297 -0.112679 0)
(2.74094 -0.111931 0)
(2.7535 -0.113486 0)
(2.76173 -0.113115 0)
(2.76987 -0.113153 0)
(2.78013 -0.112133 0)
(2.79051 -0.111343 0)
(2.799 -0.109183 0)
(2.80468 -0.107736 0)
(2.80831 -0.105407 0)
(2.81152 -0.098338 0)
(2.81837 -0.0933473 0)
(2.83045 -0.0927247 0)
(2.84545 -0.0936737 0)
(2.8608 -0.098048 0)
(2.87461 -0.101424 0)
(2.88625 -0.102816 0)
(2.89528 -0.101025 0)
(2.90162 -0.0965281 0)
(2.90316 -0.0942654 0)
(2.89895 -0.0946338 0)
(2.90006 -0.0955368 0)
(2.90947 -0.0984303 0)
(2.9226 -0.0976834 0)
(2.93693 -0.096315 0)
(2.95097 -0.0940799 0)
(2.96133 -0.0909061 0)
(2.96458 -0.0797665 0)
(2.94961 -0.0397059 0)
(2.91877 0.0471449 0)
(2.84898 0.204843 0)
(2.81508 0.311882 0)
(2.74531 0.478978 0)
(2.74324 0.550036 0)
(2.72959 0.624097 0)
(3 -9.31032e-16 0)
(3 1.05983e-14 0)
(3 5.98137e-10 0)
(3 3.03687e-06 0)
(3.00002 0.00113541 0)
(2.92453 0.0660128 0)
(1.39204 0.0665632 0)
(0.968372 0.111254 0)
(1.05368 0.149397 0)
(1.13813 0.12077 0)
(1.20135 0.0708406 0)
(1.26957 0.0466379 0)
(1.3427 0.0308346 0)
(1.41835 0.0159721 0)
(1.48757 0.00439475 0)
(1.54868 -0.0017629 0)
(1.60591 -0.00471051 0)
(1.6576 -0.00763797 0)
(1.70935 -0.014695 0)
(1.76006 -0.0230622 0)
(1.80992 -0.0284643 0)
(1.85861 -0.0321672 0)
(1.9058 -0.0349485 0)
(1.95068 -0.0376853 0)
(1.99183 -0.0410742 0)
(2.02864 -0.0451959 0)
(2.06244 -0.0503918 0)
(2.09502 -0.0560097 0)
(2.12717 -0.0605361 0)
(2.15868 -0.0632047 0)
(2.18858 -0.0642438 0)
(2.21568 -0.064567 0)
(2.23879 -0.0644921 0)
(2.25712 -0.0644233 0)
(2.27231 -0.065347 0)
(2.28961 -0.0665046 0)
(2.31273 -0.0668455 0)
(2.34022 -0.0668351 0)
(2.36918 -0.0673812 0)
(2.39733 -0.0682968 0)
(2.42281 -0.0673123 0)
(2.44345 -0.0640791 0)
(2.45999 -0.0644606 0)
(2.47607 -0.0655171 0)
(2.49259 -0.0659129 0)
(2.51078 -0.0669858 0)
(2.53012 -0.067894 0)
(2.54941 -0.0689314 0)
(2.56717 -0.0705632 0)
(2.58152 -0.0718064 0)
(2.59187 -0.0718258 0)
(2.60134 -0.0715175 0)
(2.61023 -0.0672364 0)
(2.62145 -0.0667235 0)
(2.63851 -0.0670447 0)
(2.65677 -0.0659628 0)
(2.67501 -0.0652441 0)
(2.69209 -0.0674639 0)
(2.70571 -0.0706807 0)
(2.71491 -0.0687922 0)
(2.72169 -0.0663633 0)
(2.72337 -0.0678337 0)
(2.72546 -0.0693221 0)
(2.74866 -0.0686493 0)
(2.76785 -0.0722496 0)
(2.78462 -0.0740118 0)
(2.79652 -0.0721163 0)
(2.80568 -0.0687968 0)
(2.81364 -0.0663618 0)
(2.82018 -0.0660331 0)
(2.8238 -0.0646895 0)
(2.82578 -0.0595967 0)
(2.83016 -0.0569752 0)
(2.84002 -0.0576629 0)
(2.85394 -0.0596875 0)
(2.86861 -0.0635663 0)
(2.88212 -0.0636785 0)
(2.89448 -0.0609785 0)
(2.90636 -0.0581417 0)
(2.91581 -0.0557995 0)
(2.91727 -0.0549073 0)
(2.91057 -0.0579133 0)
(2.91053 -0.05983 0)
(2.92102 -0.0627284 0)
(2.93437 -0.0631542 0)
(2.94809 -0.0638098 0)
(2.96158 -0.0621964 0)
(2.97373 -0.0618538 0)
(2.98111 -0.0621159 0)
(2.98261 -0.0541902 0)
(2.96296 -0.0194237 0)
(2.94895 0.00567139 0)
(2.92568 0.0679572 0)
(2.87638 0.200663 0)
(2.84952 0.328684 0)
(2.82143 0.519996 0)
(3 -1.00085e-15 0)
(3 -1.28076e-15 0)
(3 7.84631e-14 0)
(3 1.1523e-09 0)
(3 6.4028e-06 0)
(2.7708 -0.0137073 0)
(0.844681 0.0130293 0)
(0.684279 0.0906815 0)
(0.821029 0.121296 0)
(0.9611 0.117544 0)
(1.08524 0.0913345 0)
(1.19184 0.0669116 0)
(1.28434 0.0486199 0)
(1.37356 0.0344348 0)
(1.45398 0.0226747 0)
(1.52226 0.014006 0)
(1.58545 0.0126745 0)
(1.64662 0.00726268 0)
(1.70288 0.000510695 0)
(1.758 -0.00361974 0)
(1.8114 -0.00631375 0)
(1.86213 -0.00834268 0)
(1.90956 -0.00986815 0)
(1.95335 -0.0110275 0)
(1.99345 -0.0120963 0)
(2.03046 -0.0135084 0)
(2.06567 -0.015562 0)
(2.10002 -0.0177748 0)
(2.13374 -0.0194256 0)
(2.1666 -0.0202886 0)
(2.19779 -0.0206027 0)
(2.22542 -0.020653 0)
(2.24735 -0.0207247 0)
(2.26343 -0.0212937 0)
(2.27907 -0.0224606 0)
(2.30041 -0.023582 0)
(2.32619 -0.0239375 0)
(2.35336 -0.0235925 0)
(2.38042 -0.0230905 0)
(2.40721 -0.0226 0)
(2.43342 -0.0221473 0)
(2.45659 -0.0220981 0)
(2.47318 -0.0219322 0)
(2.48474 -0.0211767 0)
(2.49726 -0.0209208 0)
(2.51401 -0.0211735 0)
(2.53425 -0.021547 0)
(2.55603 -0.0222993 0)
(2.57728 -0.0240416 0)
(2.59601 -0.0266884 0)
(2.61118 -0.028423 0)
(2.62237 -0.0268429 0)
(2.62989 -0.0241841 0)
(2.63616 -0.0225503 0)
(2.64713 -0.0217356 0)
(2.66302 -0.0212846 0)
(2.68095 -0.0209487 0)
(2.69836 -0.0216318 0)
(2.71216 -0.0230016 0)
(2.72234 -0.0235757 0)
(2.72892 -0.0222682 0)
(2.7314 -0.0210893 0)
(2.73231 -0.025484 0)
(2.73666 -0.034088 0)
(2.74824 -0.0380674 0)
(2.76066 -0.0373363 0)
(2.77303 -0.0358733 0)
(2.78517 -0.0354268 0)
(2.79536 -0.0358476 0)
(2.80184 -0.0367074 0)
(2.80475 -0.0367613 0)
(2.80663 -0.0338483 0)
(2.81059 -0.0332199 0)
(2.81882 -0.0333 0)
(2.83154 -0.0330708 0)
(2.84612 -0.0339055 0)
(2.86135 -0.0328339 0)
(2.87668 -0.0317285 0)
(2.89155 -0.0313373 0)
(2.90213 -0.0309312 0)
(2.9025 -0.0308483 0)
(2.89344 -0.0331745 0)
(2.89148 -0.0336983 0)
(2.90083 -0.0346273 0)
(2.914 -0.0345309 0)
(2.92852 -0.0350523 0)
(2.94351 -0.0342102 0)
(2.95801 -0.0345656 0)
(2.96817 -0.0350538 0)
(2.96907 -0.0346775 0)
(2.95182 -0.0325543 0)
(2.95239 -0.029423 0)
(2.95332 -0.0251061 0)
(2.95249 -0.00574025 0)
(2.93977 0.0404335 0)
(2.88517 0.181628 0)
)
;

boundaryField
{
    inlet
    {
        type            fixedValue;
        value           uniform (3 0 0);
    }
    outlet
    {
        type            inletOutlet;
        inletValue      uniform (3 0 0);
        value           nonuniform List<vector> 
32
(
(2.42276 0.00783799 0)
(2.4241 0.0257099 0)
(2.42731 0.0470748 0)
(2.43415 0.0611264 0)
(2.43751 0.0734938 0)
(2.43994 0.0867644 0)
(2.44227 0.102392 0)
(2.44728 0.11982 0)
(2.45802 0.137307 0)
(2.47583 0.149517 0)
(2.49139 0.168896 0)
(2.50308 0.193525 0)
(2.51571 0.224563 0)
(2.52298 0.25809 0)
(2.5284 0.27558 0)
(2.53719 0.289149 0)
(2.55354 0.303858 0)
(2.56677 0.320262 0)
(2.57801 0.345323 0)
(2.59934 0.367258 0)
(2.62559 0.397417 0)
(2.62914 0.437261 0)
(2.63139 0.463811 0)
(2.64391 0.483731 0)
(2.64777 0.503313 0)
(2.64733 0.528401 0)
(2.65679 0.560117 0)
(2.6761 0.578293 0)
(2.69325 0.603302 0)
(2.72959 0.624097 0)
(2.82143 0.519996 0)
(2.88517 0.181628 0)
)
;
    }
    bottom
    {
        type            symmetryPlane;
    }
    top
    {
        type            symmetryPlane;
    }
    obstacle
    {
        type            slip;
    }
    defaultFaces
    {
        type            empty;
    }
}


// ************************************************************************* //
