/*--------------------------------*- C++ -*----------------------------------*\
  =========                 |
  \\      /  F ield         | OpenFOAM: The Open Source CFD Toolbox
   \\    /   O peration     | Website:  https://openfoam.org
    \\  /    A nd           | Version:  7
     \\/     M anipulation  |
\*---------------------------------------------------------------------------*/
FoamFile
{
    version     2.0;
    format      ascii;
    class       volVectorField;
    location    "0.4";
    object      U;
}
// * * * * * * * * * * * * * * * * * * * * * * * * * * * * * * * * * * * * * //

dimensions      [0 1 -1 0 0 0 0];

internalField   nonuniform List<vector> 
4032
(
(3 -3.82174e-17 0)
(3 -1.92734e-16 0)
(3 -5.60832e-16 0)
(3 9.38934e-17 0)
(3 3.08065e-17 0)
(3 -5.16176e-16 0)
(3 -9.10616e-16 0)
(3 -1.00806e-16 0)
(3 -7.45949e-17 0)
(3 -1.6054e-16 0)
(3 -4.4777e-16 0)
(3 -8.40768e-16 0)
(3 -5.64549e-16 0)
(3 -4.47274e-16 0)
(3 -3.08028e-16 0)
(2.12847 0.0155094 0)
(0.71918 0.0289394 0)
(0.54762 0.0235297 0)
(0.48855 0.0320208 0)
(0.381606 0.0367281 0)
(0.289737 0.0421053 0)
(0.197692 0.0443208 0)
(0.114263 0.0431624 0)
(0.0409807 0.044713 0)
(3 -1.22275e-16 0)
(3 -1.16115e-16 0)
(3 -2.08382e-16 0)
(3 1.89961e-16 0)
(3 -9.18519e-17 0)
(3 -1.07047e-15 0)
(3 -1.44243e-15 0)
(3 -9.97024e-16 0)
(3 -4.77866e-16 0)
(3 -6.34061e-17 0)
(3 -4.80708e-16 0)
(3 -8.39856e-16 0)
(3 -4.20657e-16 0)
(3 -1.42043e-16 0)
(3 6.4206e-16 0)
(2.16183 0.0738138 0)
(0.712533 0.117091 0)
(0.527678 0.0824922 0)
(0.461871 0.0890918 0)
(0.360304 0.108591 0)
(0.270121 0.126017 0)
(0.181882 0.132831 0)
(0.103602 0.130514 0)
(0.0367905 0.1354 0)
(3 2.71734e-18 0)
(3 -8.43346e-17 0)
(3 5.99183e-17 0)
(3 -2.56167e-16 0)
(3 -1.24869e-15 0)
(3 -1.58022e-15 0)
(3 -1.88204e-15 0)
(3 -2.25126e-15 0)
(3 -2.14572e-15 0)
(3 -2.22371e-15 0)
(3 -1.36956e-15 0)
(3 -1.92498e-17 0)
(3 7.3459e-17 0)
(3 6.3996e-16 0)
(3 -5.90636e-16 0)
(2.29979 0.139289 0)
(0.744722 0.2069 0)
(0.539399 0.144885 0)
(0.47369 0.156998 0)
(0.370882 0.186148 0)
(0.276159 0.213408 0)
(0.183894 0.220174 0)
(0.103338 0.212922 0)
(0.0356272 0.217913 0)
(3 -6.85575e-17 0)
(3 -2.18687e-16 0)
(3 -2.09366e-16 0)
(3 -5.69774e-16 0)
(3 -1.17561e-15 0)
(3 -1.80459e-15 0)
(3 -1.51057e-15 0)
(3 -1.36103e-15 0)
(3 -1.45832e-15 0)
(3 -1.96032e-15 0)
(3 -1.80077e-15 0)
(3 -1.12087e-15 0)
(3 -1.44667e-16 0)
(3 -1.22677e-16 0)
(3 -9.27792e-16 0)
(2.51994 0.189992 0)
(0.799997 0.293904 0)
(0.569585 0.205538 0)
(0.513816 0.221469 0)
(0.408327 0.267588 0)
(0.30277 0.308436 0)
(0.20157 0.313967 0)
(0.115075 0.299598 0)
(0.0383664 0.302479 0)
(3 3.5997e-17 0)
(3 1.61283e-16 0)
(3 3.34505e-16 0)
(3 2.67746e-16 0)
(3 -1.98586e-17 0)
(3 -5.06746e-16 0)
(3 -1.20551e-16 0)
(3 1.57926e-16 0)
(3 -2.69626e-16 0)
(3 -8.93752e-16 0)
(3 -1.01786e-15 0)
(3 -8.9826e-16 0)
(3 -8.53112e-16 0)
(3 -1.36198e-15 0)
(3 -1.27444e-15 0)
(2.84711 0.147165 0)
(0.921101 0.345331 0)
(0.610751 0.254239 0)
(0.560683 0.293646 0)
(0.449954 0.362693 0)
(0.336509 0.412003 0)
(0.235955 0.411631 0)
(0.143073 0.390764 0)
(0.0528352 0.399129 0)
(3 1.84526e-16 0)
(3 5.8983e-17 0)
(3 2.14457e-16 0)
(3 3.06902e-16 0)
(3 3.06454e-16 0)
(3 8.38856e-16 0)
(3 1.25721e-15 0)
(3 9.47326e-16 0)
(3 2.28977e-16 0)
(3 -4.43492e-16 0)
(3 -7.70542e-16 0)
(3 -8.39293e-16 0)
(3 -6.4588e-16 0)
(3 -6.54303e-16 0)
(3 -8.29467e-16 0)
(3.01751 0.0165539 0)
(1.11365 0.375844 0)
(0.646721 0.315726 0)
(0.581524 0.383583 0)
(0.471645 0.468438 0)
(0.367016 0.516157 0)
(0.272467 0.519138 0)
(0.173539 0.504543 0)
(0.0571939 0.524352 0)
(3 -1.44763e-16 0)
(3 -3.99833e-16 0)
(3 -4.30461e-16 0)
(3 -3.90796e-16 0)
(3 -9.41751e-17 0)
(3 2.81214e-16 0)
(3 4.99703e-16 0)
(3 1.90704e-16 0)
(3 -5.44886e-17 0)
(3 -7.07086e-16 0)
(3 -1.30223e-15 0)
(3 -1.23629e-15 0)
(3 -8.95954e-16 0)
(3 -3.74715e-16 0)
(3 -3.97076e-16 0)
(3.00053 0.000133312 0)
(1.43889 0.414203 0)
(0.702939 0.39551 0)
(0.595487 0.478963 0)
(0.511264 0.562305 0)
(0.432871 0.604432 0)
(0.35848 0.618927 0)
(0.261003 0.621025 0)
(0.122315 0.680921 0)
(3 6.18358e-17 0)
(3 2.99586e-16 0)
(3 2.35478e-16 0)
(3 1.27669e-16 0)
(3 1.83604e-16 0)
(3 -4.14851e-16 0)
(3 -1.28236e-15 0)
(3 -6.55785e-16 0)
(3 -1.99121e-16 0)
(3 -2.53727e-16 0)
(3 -7.60146e-16 0)
(3 -1.03316e-15 0)
(3 -1.01496e-15 0)
(3 -8.24791e-16 0)
(3 -6.48567e-16 0)
(3 1.11161e-07 0)
(1.96098 0.426271 0)
(0.799231 0.494522 0)
(0.640925 0.578358 0)
(0.588269 0.629293 0)
(0.532045 0.66501 0)
(0.46593 0.711754 0)
(0.325646 0.804101 0)
(0.179438 0.99396 0)
(3 1.11471e-16 0)
(3 1.81912e-16 0)
(3 1.99967e-16 0)
(3 6.50303e-17 0)
(3 3.18067e-17 0)
(3 -1.70705e-16 0)
(3 -7.68142e-16 0)
(3 -5.05223e-16 0)
(3 1.12014e-16 0)
(3 9.82222e-16 0)
(3 8.36969e-16 0)
(3 4.0397e-17 0)
(3 -4.38621e-16 0)
(3 -6.11988e-16 0)
(3 -8.27876e-16 0)
(3 5.19006e-12 0)
(2.66746 0.288157 0)
(0.980109 0.580256 0)
(0.739299 0.640899 0)
(0.695412 0.667186 0)
(0.643933 0.71103 0)
(0.594756 0.814657 0)
(0.5715 1.00034 0)
(0.659691 1.30647 0)
(3 -2.16999e-16 0)
(3 -3.66186e-16 0)
(3 -6.12395e-16 0)
(3 -6.87295e-16 0)
(3 -5.47789e-16 0)
(3 1.39032e-16 0)
(3 4.13113e-16 0)
(3 1.63136e-16 0)
(3 3.25466e-16 0)
(3 5.76488e-16 0)
(3 6.80643e-16 0)
(3 4.34646e-16 0)
(3 -1.18047e-16 0)
(3 -1.73563e-16 0)
(3 -2.16091e-16 0)
(3 -3.34384e-16 0)
(3.05909 0.0377371 0)
(1.25279 0.624253 0)
(0.811401 0.726822 0)
(0.767728 0.739615 0)
(0.731001 0.799519 0)
(0.734485 0.910548 0)
(0.817506 1.0722 0)
(1.08228 1.25939 0)
(3 -1.40388e-16 0)
(3 2.64811e-16 0)
(3 1.92789e-16 0)
(3 1.39162e-16 0)
(3 2.47325e-16 0)
(3 5.01796e-16 0)
(3 8.94746e-16 0)
(3 1.21822e-15 0)
(3 6.4851e-16 0)
(3 -1.78082e-16 0)
(3 2.43509e-16 0)
(3 1.2532e-15 0)
(3 1.07661e-15 0)
(3 4.90989e-16 0)
(3 5.68581e-16 0)
(3 2.12957e-17 0)
(3.00326 0.000285655 0)
(1.82049 0.642324 0)
(0.92786 0.80424 0)
(0.855383 0.798741 0)
(0.84714 0.833597 0)
(0.880293 0.929695 0)
(0.991654 1.04499 0)
(1.27527 1.17695 0)
(3 -3.92802e-17 0)
(3 1.36067e-16 0)
(3 1.73664e-16 0)
(3 1.44271e-16 0)
(3 -2.3909e-16 0)
(3 -3.02409e-16 0)
(3 -1.58475e-16 0)
(3 1.18951e-16 0)
(3 -1.01031e-17 0)
(3 -6.71595e-16 0)
(3 -2.00561e-17 0)
(3 6.66646e-16 0)
(3 6.0276e-16 0)
(3 -1.63248e-16 0)
(3 -1.58709e-16 0)
(3 -1.14767e-16 0)
(3.00001 5.16037e-07 0)
(2.85027 0.287186 0)
(1.20933 0.827575 0)
(0.967751 0.852678 0)
(0.974132 0.869713 0)
(1.00485 0.951757 0)
(1.11449 1.04173 0)
(1.37346 1.12426 0)
(3 -1.19839e-16 0)
(3 -3.72712e-16 0)
(3 -5.5331e-16 0)
(3 -4.3999e-16 0)
(3 -4.56497e-16 0)
(3 -5.6076e-16 0)
(3 -4.66133e-16 0)
(3 -6.30835e-16 0)
(3 -1.63281e-15 0)
(3 -1.42708e-15 0)
(3 -6.47099e-16 0)
(3 -1.29588e-15 0)
(3 -1.54636e-15 0)
(3 -1.24439e-15 0)
(3 -9.96722e-16 0)
(3 -7.30018e-16 0)
(3 -2.76676e-11 0)
(3.03662 0.014847 0)
(1.69489 0.808022 0)
(1.04726 0.946354 0)
(1.0682 0.941658 0)
(1.10841 0.970462 0)
(1.21616 1.01468 0)
(1.43271 1.05466 0)
(3 5.60779e-17 0)
(3 5.62606e-17 0)
(3 -7.83064e-18 0)
(3 1.19403e-16 0)
(3 3.06432e-16 0)
(3 3.0832e-16 0)
(3 1.06762e-16 0)
(3 1.3065e-17 0)
(3 -5.07563e-16 0)
(3 -6.03568e-16 0)
(3 -9.42546e-16 0)
(3 -1.1242e-15 0)
(3 -8.01852e-16 0)
(3 -8.83822e-16 0)
(3 -7.25698e-16 0)
(3 -4.72167e-16 0)
(3 -1.01228e-14 0)
(3.00046 0.000153015 0)
(2.80331 0.376621 0)
(1.33118 0.946902 0)
(1.14707 0.986066 0)
(1.21461 0.999884 0)
(1.30373 1.02631 0)
(1.47414 1.03897 0)
(3 2.24654e-16 0)
(3 2.71138e-16 0)
(3 4.30835e-16 0)
(3 5.70709e-16 0)
(3 5.29188e-16 0)
(3 3.10052e-16 0)
(3 6.88586e-17 0)
(3 4.09495e-17 0)
(3 5.0357e-16 0)
(3 2.90288e-16 0)
(3 -5.11024e-16 0)
(3 -2.94254e-16 0)
(3 -1.9094e-16 0)
(3 -3.54919e-16 0)
(3 -8.45146e-16 0)
(3 -5.70265e-16 0)
(3 -1.50642e-14 0)
(3 7.98486e-08 0)
(3.03298 0.0207918 0)
(1.97382 0.836614 0)
(1.25927 1.04512 0)
(1.28784 1.03894 0)
(1.39554 1.02801 0)
(1.52092 1.02743 0)
(3 6.91223e-17 0)
(3 1.01708e-16 0)
(3 2.00428e-16 0)
(3 1.82426e-16 0)
(3 3.96927e-17 0)
(3 2.85499e-16 0)
(3 1.97564e-16 0)
(3 -1.82883e-16 0)
(3 -4.55824e-16 0)
(3 -4.82891e-16 0)
(3 -2.26931e-16 0)
(3 9.77324e-17 0)
(3 1.34981e-16 0)
(3 4.6162e-16 0)
(3 -1.635e-16 0)
(3 -5.40022e-16 0)
(3 -6.20376e-15 0)
(3 2.71412e-12 0)
(3.00042 0.000319711 0)
(2.94167 0.240034 0)
(1.647 0.975753 0)
(1.36273 1.077 0)
(1.45069 1.06372 0)
(1.56468 1.05441 0)
(3 3.66496e-17 0)
(3 -6.6384e-17 0)
(3 -4.1695e-16 0)
(3 -4.92085e-16 0)
(3 -6.69802e-16 0)
(3 4.18647e-16 0)
(3 5.35362e-16 0)
(3 5.76537e-17 0)
(3 -5.09347e-16 0)
(3 -5.43801e-16 0)
(3 -3.70562e-16 0)
(3 -1.65767e-16 0)
(3 -5.11166e-16 0)
(3 -2.703e-16 0)
(3 5.79654e-16 0)
(3 5.7295e-16 0)
(3 -1.13892e-15 0)
(3 -1.7077e-15 0)
(3 2.68308e-07 0)
(3.00821 0.0111961 0)
(2.53967 0.572063 0)
(1.58276 1.03882 0)
(1.48417 1.09675 0)
(1.60272 1.07316 0)
(3 2.51197e-16 0)
(3 1.29789e-16 0)
(3 9.02545e-17 0)
(3 3.11495e-17 0)
(3 5.00159e-16 0)
(3 3.34264e-16 0)
(3 2.22048e-16 0)
(3 -1.54925e-16 0)
(3 -3.44485e-16 0)
(3 -7.05023e-16 0)
(3 -6.20511e-16 0)
(3 -6.39137e-16 0)
(3 -9.21048e-16 0)
(3 -2.25715e-16 0)
(3 5.80205e-16 0)
(3 6.03073e-16 0)
(3 -2.14877e-16 0)
(3 -5.31062e-16 0)
(3 2.23453e-11 0)
(3.00003 7.68043e-05 0)
(3.00515 0.0598355 0)
(2.2008 0.801974 0)
(1.60056 1.09633 0)
(1.62919 1.09319 0)
(3 -4.30815e-17 0)
(3 -1.80687e-16 0)
(3 3.71818e-16 0)
(3 4.24096e-16 0)
(3 5.72208e-16 0)
(3 -2.5567e-16 0)
(3 -8.6298e-16 0)
(3 -1.15135e-15 0)
(3 -9.9884e-16 0)
(3 -1.23365e-15 0)
(3 -1.54809e-15 0)
(3 -1.8512e-15 0)
(3 -7.90483e-17 0)
(3 4.97253e-16 0)
(3 4.99298e-16 0)
(3 1.64148e-16 0)
(3 1.40707e-16 0)
(3 6.01394e-16 0)
(3 1.35272e-15 0)
(3 3.34341e-08 0)
(3.00041 0.00143298 0)
(2.93033 0.179758 0)
(2.07041 0.896428 0)
(1.70731 1.10702 0)
(3 -1.43879e-16 0)
(3 -3.22365e-16 0)
(3 -4.5658e-16 0)
(3 -3.33397e-16 0)
(3 -7.78569e-16 0)
(3 -1.53112e-15 0)
(3 -1.83175e-15 0)
(3 -1.95107e-15 0)
(3 -1.63464e-15 0)
(3 -1.4099e-15 0)
(3 -1.49139e-15 0)
(3 -9.53502e-16 0)
(3 2.17013e-18 0)
(3 6.82535e-16 0)
(3 9.77283e-16 0)
(3 1.44787e-15 0)
(3 2.10972e-15 0)
(3 1.80706e-15 0)
(3 5.43073e-16 0)
(3 1.87339e-12 0)
(3 2.45152e-06 0)
(3.00053 0.00810769 0)
(2.82283 0.304036 0)
(2.07713 0.924938 0)
(3 4.19101e-17 0)
(3 -1.78398e-16 0)
(3 -5.89581e-16 0)
(3 -4.19624e-16 0)
(3 -6.63097e-16 0)
(3 -8.66089e-16 0)
(3 -8.86238e-16 0)
(3 -7.99638e-16 0)
(3 -9.72429e-16 0)
(3 -5.90881e-16 0)
(3 5.09085e-18 0)
(3 5.7083e-16 0)
(3 3.60997e-16 0)
(3 4.45775e-16 0)
(3 9.74699e-16 0)
(3 1.19402e-15 0)
(3 9.96592e-16 0)
(3 2.91135e-16 0)
(3 -5.1908e-16 0)
(3 -9.5901e-17 0)
(3 5.43858e-10 0)
(3 3.449e-05 0)
(2.99724 0.020391 0)
(2.77203 0.358769 0)
(3 4.97547e-17 0)
(3 5.93342e-17 0)
(3 -2.63738e-17 0)
(3 6.88587e-17 0)
(3 2.73279e-16 0)
(3 4.49652e-16 0)
(3 5.58544e-16 0)
(3 6.63077e-16 0)
(3 4.4823e-16 0)
(3 1.21792e-15 0)
(3 1.21018e-15 0)
(3 1.03114e-15 0)
(3 2.10643e-16 0)
(3 -8.36611e-16 0)
(3 -4.90886e-16 0)
(3 -7.65313e-16 0)
(3 -7.92041e-16 0)
(3 -8.68651e-16 0)
(3 -1.30201e-15 0)
(3 -1.68799e-15 0)
(3 2.70555e-14 0)
(3 1.70743e-08 0)
(2.99999 0.000156133 0)
(2.9947 0.0272948 0)
(3 -5.01871e-17 0)
(3 1.25986e-16 0)
(3 2.06996e-16 0)
(3 1.27367e-16 0)
(3 6.26857e-18 0)
(3 3.67308e-16 0)
(3 5.79104e-16 0)
(3 7.95094e-16 0)
(3 2.41752e-16 0)
(3 1.00739e-15 0)
(3 9.01948e-16 0)
(3 1.10152e-15 0)
(3 4.24276e-16 0)
(3 -4.32566e-16 0)
(3 -1.01878e-15 0)
(3 -7.618e-16 0)
(3 -8.5507e-16 0)
(3 -1.16383e-15 0)
(3 -1.06975e-15 0)
(3 -1.32568e-15 0)
(3 -5.52193e-16 0)
(3 9.51044e-13 0)
(3 1.35686e-07 0)
(2.99998 0.000262866 0)
(3 -7.91695e-17 0)
(3 -5.31744e-17 0)
(3 1.30108e-16 0)
(3 -1.57967e-16 0)
(3 -4.67908e-16 0)
(3 -3.06805e-16 0)
(3 -2.70605e-16 0)
(3 5.44306e-18 0)
(3 1.62678e-16 0)
(3 -1.88906e-17 0)
(3 7.58831e-17 0)
(3 -2.80388e-16 0)
(3 -1.26979e-16 0)
(3 1.90787e-17 0)
(3 -3.87449e-16 0)
(3 -6.95297e-16 0)
(3 -8.11741e-16 0)
(3 -8.73289e-17 0)
(3 -8.02288e-17 0)
(3 -7.14526e-17 0)
(3 2.99775e-16 0)
(3 1.31551e-15 0)
(3 1.30531e-11 0)
(3 2.72002e-07 0)
(3 2.67439e-17 0)
(3 5.45353e-17 0)
(3 -5.60826e-17 0)
(3 -8.19424e-17 0)
(3 -1.6101e-16 0)
(3 -6.51977e-16 0)
(3 -1.02246e-15 0)
(3 -8.87779e-16 0)
(3 -4.37429e-16 0)
(3 -7.58496e-16 0)
(3 -1.02912e-15 0)
(3 -1.50828e-15 0)
(3 -1.29656e-15 0)
(3 -2.36467e-16 0)
(3 -3.61505e-16 0)
(3 -4.72576e-16 0)
(3 -5.89102e-17 0)
(3 7.15574e-16 0)
(3 9.12336e-16 0)
(3 9.90001e-16 0)
(3 1.13568e-15 0)
(3 1.71438e-15 0)
(3 3.38794e-15 0)
(3 2.73035e-11 0)
(3 8.01283e-18 0)
(3 5.58077e-17 0)
(3 2.95995e-16 0)
(3 3.42619e-16 0)
(3 -2.20859e-16 0)
(3 -2.91085e-16 0)
(3 -1.41314e-16 0)
(3 -2.82592e-16 0)
(3 3.57772e-17 0)
(3 -3.99717e-17 0)
(3 -2.59724e-17 0)
(3 -2.52425e-17 0)
(3 -5.93423e-16 0)
(3 -2.22532e-16 0)
(3 3.59096e-16 0)
(3 8.74226e-16 0)
(3 7.51975e-16 0)
(3 5.40968e-16 0)
(3 1.01888e-15 0)
(3 1.094e-15 0)
(3 1.13325e-15 0)
(3 1.70978e-15 0)
(3 1.8829e-15 0)
(3 1.91799e-15 0)
(3 1.23579e-16 0)
(3 6.09952e-17 0)
(3 1.72773e-16 0)
(3 2.11437e-16 0)
(3 2.02837e-16 0)
(3 5.07363e-16 0)
(3 1.02217e-15 0)
(3 8.99671e-16 0)
(3 9.87688e-16 0)
(3 1.23278e-15 0)
(3 1.7223e-15 0)
(3 1.92696e-15 0)
(3 7.29176e-16 0)
(3 5.63819e-16 0)
(3 1.87829e-15 0)
(3 2.05572e-15 0)
(3 1.94176e-15 0)
(3 1.92284e-15 0)
(3 1.86425e-15 0)
(3 1.93062e-15 0)
(3 2.07766e-15 0)
(3 1.37319e-15 0)
(3 7.07656e-16 0)
(3 -2.59102e-16 0)
(3 2.21163e-16 0)
(3 1.31246e-16 0)
(3 5.53657e-17 0)
(3 -1.90007e-16 0)
(3 -1.97217e-16 0)
(3 4.21537e-16 0)
(3 7.54204e-16 0)
(3 3.70564e-16 0)
(3 2.4059e-16 0)
(3 9.97193e-16 0)
(3 1.42972e-15 0)
(3 2.01498e-15 0)
(3 2.15702e-15 0)
(3 9.91919e-16 0)
(3 5.05028e-17 0)
(3 2.50956e-16 0)
(3 7.05788e-16 0)
(3 9.99584e-16 0)
(3 1.33409e-15 0)
(3 1.83216e-15 0)
(3 2.37093e-15 0)
(3 1.11507e-15 0)
(3 -6.8526e-17 0)
(3 -1.62192e-16 0)
(3 -1.17658e-16 0)
(3 -4.75995e-17 0)
(3 -2.09518e-16 0)
(3 -1.74346e-16 0)
(3 -4.29422e-16 0)
(3 -6.41067e-16 0)
(3 -6.11388e-16 0)
(3 -4.60626e-16 0)
(3 7.39096e-17 0)
(3 2.92101e-16 0)
(3 6.16177e-16 0)
(3 1.30467e-15 0)
(3 2.13614e-15 0)
(3 2.3606e-15 0)
(3 -8.37162e-17 0)
(3 -2.45656e-16 0)
(3 -2.25254e-16 0)
(3 -2.44606e-17 0)
(3 4.44994e-16 0)
(3 8.22008e-16 0)
(3 6.98664e-16 0)
(3 -2.40159e-16 0)
(3 -9.44881e-16 0)
(3 -1.40651e-15 0)
(3 -2.72638e-16 0)
(3 -3.10399e-16 0)
(3 -6.69176e-16 0)
(3 -3.82196e-16 0)
(3 -1.58345e-16 0)
(3 -3.71341e-16 0)
(3 -5.19577e-16 0)
(3 -2.73167e-16 0)
(3 -3.16103e-16 0)
(3 -3.59399e-16 0)
(3 -1.48683e-16 0)
(3 5.37506e-16 0)
(3 1.69876e-15 0)
(3 2.38109e-15 0)
(3 1.99214e-15 0)
(3 1.25217e-15 0)
(3 8.45645e-16 0)
(3 9.98706e-16 0)
(3 6.93799e-16 0)
(3 6.82685e-16 0)
(3 -8.58681e-16 0)
(3 -1.62638e-15 0)
(3 -2.61432e-15 0)
(3 -2.72898e-15 0)
(3 2.02639e-17 0)
(3 5.26367e-17 0)
(3 1.33354e-18 0)
(3 4.55692e-18 0)
(3 2.4739e-16 0)
(3 3.39141e-16 0)
(3 4.26786e-16 0)
(3 7.21954e-16 0)
(3 2.52711e-16 0)
(3 -1.78555e-16 0)
(3 -4.14214e-16 0)
(3 1.94295e-17 0)
(3 1.03354e-15 0)
(3 1.2262e-15 0)
(3 1.24571e-15 0)
(3 8.76787e-16 0)
(3 5.21477e-16 0)
(3 1.14226e-16 0)
(3 -1.09464e-15 0)
(3 -1.91143e-15 0)
(3 -2.25917e-15 0)
(3 -2.61851e-15 0)
(3 -2.7728e-15 0)
(3 -1.80641e-15 0)
(3 1.01433e-16 0)
(3 1.22181e-16 0)
(3 3.2645e-16 0)
(3 4.79819e-16 0)
(3 1.73895e-16 0)
(3 4.95525e-17 0)
(3 1.01298e-16 0)
(3 -1.45292e-18 0)
(3 2.75003e-16 0)
(3 1.67079e-16 0)
(3 3.20369e-16 0)
(3 1.19597e-16 0)
(3 4.35483e-16 0)
(3 5.47095e-16 0)
(3 5.09964e-16 0)
(3 2.92011e-16 0)
(3 -4.69722e-16 0)
(3 -7.99924e-16 0)
(3 -1.64996e-15 0)
(3 -2.11822e-15 0)
(3 -1.91638e-15 0)
(3 -1.10323e-15 0)
(3 -2.51032e-16 0)
(3 1.24706e-16 0)
(3 -1.10124e-16 0)
(3 -5.43252e-16 0)
(3 -4.90303e-16 0)
(3 -3.71639e-16 0)
(3 -5.17833e-16 0)
(3 -7.40016e-16 0)
(3 -8.46263e-16 0)
(3 -5.82673e-16 0)
(3 -1.4621e-16 0)
(3 1.35094e-16 0)
(3 2.54927e-16 0)
(3 3.55474e-16 0)
(3 2.23403e-16 0)
(3 9.58664e-17 0)
(3 6.60024e-16 0)
(3 8.25822e-16 0)
(3 4.92916e-16 0)
(3 -4.52568e-16 0)
(3 -1.30394e-15 0)
(3 -1.98093e-15 0)
(3 -1.64123e-15 0)
(3 -3.20129e-16 0)
(3 1.15619e-15 0)
(3 1.47738e-15 0)
(3 -1.68264e-16 0)
(3 -4.02957e-16 0)
(3 -7.72344e-16 0)
(3 -9.038e-16 0)
(3 -6.59055e-16 0)
(3 -9.9258e-16 0)
(3 -1.20236e-15 0)
(3 -3.96381e-16 0)
(3 -3.99922e-16 0)
(3 -7.25994e-17 0)
(3 3.07976e-17 0)
(3 1.64451e-16 0)
(3 -4.191e-16 0)
(3 -4.16627e-16 0)
(3 1.66585e-17 0)
(3 4.07804e-16 0)
(3 1.62601e-15 0)
(3 1.33363e-15 0)
(3 -5.7951e-16 0)
(3 -1.18658e-15 0)
(3 -6.54698e-16 0)
(3 -3.99521e-16 0)
(3 -2.8969e-16 0)
(3 1.22063e-16 0)
(3 6.0927e-17 0)
(3 8.41854e-17 0)
(3 -3.75108e-17 0)
(3 -3.96116e-16 0)
(3 -1.17364e-15 0)
(3 -1.26961e-15 0)
(3 -2.90602e-16 0)
(3 -2.73791e-16 0)
(3 -1.81698e-16 0)
(3 -1.85672e-16 0)
(3 1.16996e-16 0)
(3 -1.89031e-16 0)
(3 -1.00978e-15 0)
(3 -1.2599e-15 0)
(3 -1.54822e-15 0)
(3 -9.42744e-16 0)
(3 -4.95977e-16 0)
(3 9.93915e-16 0)
(3 1.25565e-15 0)
(3 5.65447e-16 0)
(3 -3.39379e-16 0)
(3 -5.43453e-16 0)
(3 -1.38415e-15 0)
(3 -1.89263e-15 0)
(3 1.04912e-16 0)
(3 3.75067e-16 0)
(3 6.84821e-16 0)
(3 5.90404e-16 0)
(3 3.96521e-16 0)
(3 1.2502e-16 0)
(3 8.32138e-16 0)
(3 1.07799e-15 0)
(3 1.14834e-15 0)
(3 8.72997e-16 0)
(3 3.61902e-16 0)
(3 -7.842e-16 0)
(3 -8.61474e-16 0)
(3 -8.98966e-16 0)
(3 -5.17446e-16 0)
(3 -7.13551e-16 0)
(3 -8.85999e-16 0)
(3 1.89199e-16 0)
(3 7.14212e-16 0)
(3 -1.02494e-17 0)
(3 -1.03026e-15 0)
(3 -9.65724e-16 0)
(3 -6.96456e-16 0)
(3 -7.09931e-16 0)
(3 2.14528e-16 0)
(3 7.97774e-16 0)
(3 1.05841e-15 0)
(3 1.34876e-15 0)
(3 2.6394e-15 0)
(3 2.75794e-15 0)
(3 1.68132e-15 0)
(3 1.23255e-15 0)
(3 6.82145e-16 0)
(3 5.93293e-16 0)
(3 -9.39895e-17 0)
(3 -4.73298e-16 0)
(3 -3.62348e-16 0)
(3 -2.11553e-16 0)
(3 -2.35348e-16 0)
(3 -5.90584e-16 0)
(3 -3.10393e-16 0)
(3 -2.55898e-16 0)
(3 4.86392e-17 0)
(3 7.47105e-16 0)
(3 1.01713e-15 0)
(3 1.46237e-16 0)
(3 -2.8365e-16 0)
(3 6.3167e-17 0)
(3 3.38035e-17 0)
(3 1.93081e-16 0)
(3 2.35884e-16 0)
(3 3.40219e-16 0)
(3 9.67249e-16 0)
(3 1.2976e-15 0)
(3 8.52207e-16 0)
(3 2.33138e-17 0)
(3 -6.20164e-16 0)
(3 -1.12446e-15 0)
(3 -1.57941e-15 0)
(3 -1.26675e-15 0)
(3 -1.02525e-15 0)
(3 -1.4277e-15 0)
(3 -1.76193e-15 0)
(3 -1.1005e-15 0)
(3 -4.14539e-16 0)
(3 -5.94533e-16 0)
(3 4.08631e-16 0)
(3 1.1976e-15 0)
(3 1.37041e-15 0)
(3 2.64882e-16 0)
(3 1.47844e-16 0)
(3 6.25951e-18 0)
(3 -6.60884e-17 0)
(3 -2.95921e-16 0)
(3 -2.39867e-16 0)
(3 -5.01113e-16 0)
(3 -1.32205e-15 0)
(3 -1.12582e-15 0)
(3 -8.16369e-16 0)
(3 -8.57265e-16 0)
(3 -1.1889e-15 0)
(3 -1.56427e-15 0)
(3 -1.5512e-15 0)
(3 -1.43017e-15 0)
(3 -1.5909e-15 0)
(3 -1.8183e-15 0)
(3 -1.79396e-15 0)
(3 -6.83098e-17 0)
(3 -2.98689e-16 0)
(3 -1.91951e-16 0)
(3 1.89442e-16 0)
(3 3.0548e-16 0)
(3 3.06265e-16 0)
(3 -6.44114e-17 0)
(3 -5.60124e-17 0)
(3 -6.68195e-16 0)
(3 5.32044e-17 0)
(3 -5.49387e-17 0)
(3 -2.10033e-16 0)
(3 -2.80731e-16 0)
(3 -1.20852e-15 0)
(3 -1.26803e-15 0)
(3 -9.7335e-16 0)
(3 -8.61633e-16 0)
(3 -6.9228e-16 0)
(3 -4.99947e-16 0)
(3 -3.98122e-16 0)
(3 -4.59355e-16 0)
(3 -6.17701e-16 0)
(3 -6.90753e-16 0)
(3 -7.65182e-16 0)
(3 -3.41657e-16 0)
(3 -7.84564e-16 0)
(3 -8.30343e-16 0)
(3 -5.22482e-16 0)
(3 -6.48061e-17 0)
(3 -5.61996e-17 0)
(3 1.13321e-16 0)
(3 6.71423e-17 0)
(3 -2.15957e-16 0)
(1.70632 1.43613 0)
(2.21476 1.50595 0)
(2.68229 1.40299 0)
(2.87222 0.798251 0)
(2.90069 0.361265 0)
(2.89334 0.0507777 0)
(2.79494 -0.229214 0)
(2.81811 -0.336816 0)
(2.82833 -0.222436 0)
(2.80727 -0.226452 0)
(2.73746 -0.202341 0)
(2.70108 -0.15324 0)
(2.69863 -0.141728 0)
(2.69726 -0.0933288 0)
(2.65076 -0.0148706 0)
(2.63927 0.00475986 0)
(2.6581 0.0029664 0)
(2.72524 0.00242596 0)
(2.78227 0.00415712 0)
(2.80716 0.00104952 0)
(2.83237 -0.00632346 0)
(2.84076 -0.00826048 0)
(2.82534 -0.00670842 0)
(2.80817 -0.00431386 0)
(2.80096 -0.00343831 0)
(2.78914 -0.00299713 0)
(2.78965 -0.00530963 0)
(2.83176 -0.00815486 0)
(2.89827 -0.0100391 0)
(2.91351 -0.00970053 0)
(2.9026 -0.00919404 0)
(2.87885 -0.00804435 0)
(2.85292 -0.00200227 0)
(2.83408 0.0013537 0)
(2.81466 0.0037809 0)
(2.80673 0.00343021 0)
(2.81326 0.00111886 0)
(2.83326 -0.00218556 0)
(2.8575 -0.00621019 0)
(2.87273 -0.0150439 0)
(2.87617 -0.0233016 0)
(2.87433 -0.0251492 0)
(2.87957 -0.0210289 0)
(2.90764 -0.0147204 0)
(2.94459 -0.0119671 0)
(2.95266 -0.0120738 0)
(2.95375 -0.0120357 0)
(2.95922 -0.00958154 0)
(2.96645 -0.0072849 0)
(2.97171 -0.00495459 0)
(2.97842 -0.00299321 0)
(2.99304 -0.00132698 0)
(3.01575 -0.000515565 0)
(3.03378 -0.00036748 0)
(3.03759 -0.000104599 0)
(3.0377 3.76292e-05 0)
(3.03739 0.000299976 0)
(3.03618 0.00044332 0)
(3.03374 0.000476426 0)
(3.02906 0.000458807 0)
(3.02 0.000353078 0)
(3.00735 0.000133594 0)
(3.00071 1.23569e-05 0)
(3.00001 1.03488e-07 0)
(3 -1.37007e-08 0)
(3 -1.35193e-08 0)
(3 -1.30928e-08 0)
(3 -1.07487e-08 0)
(3 -5.19213e-09 0)
(3 -9.49163e-10 0)
(3 -2.97618e-11 0)
(3 4.05583e-13 0)
(3 4.09724e-13 0)
(3 3.55554e-13 0)
(3 1.90678e-13 0)
(3 4.9964e-14 0)
(3 2.48573e-15 0)
(3 -1.11875e-15 0)
(3 -1.22933e-15 0)
(3 -1.18377e-15 0)
(3 2.12773e-16 0)
(3 2.36007e-16 0)
(3 2.33709e-16 0)
(3 -8.61059e-16 0)
(3 -1.22759e-15 0)
(3 -7.96999e-16 0)
(3 -1.11492e-16 0)
(3 5.22776e-16 0)
(3 4.49172e-16 0)
(3 8.54329e-17 0)
(3 -2.29909e-16 0)
(3 -1.53073e-16 0)
(3 -3.08838e-16 0)
(3 -6.93032e-16 0)
(3 -1.32135e-15 0)
(3 -1.26217e-15 0)
(1.99815 1.20925 0)
(2.56844 0.946135 0)
(2.84442 0.402535 0)
(2.99765 0.032724 0)
(3.09261 -0.188474 0)
(3.01454 -0.48728 0)
(2.98681 -0.656684 0)
(3.01325 -0.645503 0)
(2.98782 -0.466017 0)
(2.96686 -0.301756 0)
(2.91399 -0.17318 0)
(2.868 -0.100239 0)
(2.75931 -0.0911898 0)
(2.70958 -0.0650573 0)
(2.68844 -0.0126321 0)
(2.69773 -0.00250779 0)
(2.73422 0.0154458 0)
(2.78235 0.0509137 0)
(2.80153 0.0612028 0)
(2.82937 0.0548328 0)
(2.85322 0.0241886 0)
(2.85987 -0.00755249 0)
(2.85268 -0.0254699 0)
(2.84697 -0.0345686 0)
(2.83789 -0.0371895 0)
(2.8304 -0.0365006 0)
(2.83846 -0.0314914 0)
(2.87739 -0.01812 0)
(2.92659 0.00422412 0)
(2.93003 0.0116858 0)
(2.91652 0.0126639 0)
(2.89178 0.00847487 0)
(2.87288 0.00675797 0)
(2.85039 0.0153715 0)
(2.83983 0.0265692 0)
(2.83793 0.0309642 0)
(2.84316 0.0290601 0)
(2.85455 0.0237732 0)
(2.86781 0.0153445 0)
(2.87502 0.00209507 0)
(2.87608 -0.0163258 0)
(2.87846 -0.032958 0)
(2.8903 -0.0372545 0)
(2.91991 -0.0277672 0)
(2.94593 -0.0195176 0)
(2.95108 -0.0183404 0)
(2.95198 -0.0181826 0)
(2.95625 -0.0173429 0)
(2.96116 -0.0161839 0)
(2.96624 -0.0133605 0)
(2.97523 -0.00996962 0)
(2.99005 -0.00585052 0)
(3.01212 -0.00276529 0)
(3.03275 -0.00155466 0)
(3.03855 -0.000985575 0)
(3.03883 -0.000768443 0)
(3.03882 -4.48523e-05 0)
(3.03789 0.000935481 0)
(3.03554 0.00170576 0)
(3.03044 0.00210272 0)
(3.02014 0.00171479 0)
(3.00669 0.00065233 0)
(3.00054 5.43314e-05 0)
(3 3.88749e-07 0)
(3 -3.36612e-08 0)
(3 -3.31818e-08 0)
(3 -3.1758e-08 0)
(3 -2.76414e-08 0)
(3 -1.60562e-08 0)
(3 -3.24481e-09 0)
(3 -9.86048e-11 0)
(3 1.10909e-12 0)
(3 1.2717e-12 0)
(3 1.1293e-12 0)
(3 6.96955e-13 0)
(3 1.61582e-13 0)
(3 7.59165e-15 0)
(3 -1.58239e-16 0)
(3 -1.74952e-15 0)
(3 -1.92649e-15 0)
(3 -9.07065e-16 0)
(3 -3.53629e-16 0)
(3 -1.2697e-16 0)
(3 -1.04471e-15 0)
(3 -2.07653e-15 0)
(3 -1.40224e-15 0)
(3 1.52341e-16 0)
(3 1.05504e-15 0)
(3 3.72207e-16 0)
(3 -2.10198e-16 0)
(3 -4.59449e-17 0)
(3 -7.59672e-16 0)
(3 -1.25614e-15 0)
(3 -1.1014e-15 0)
(3 -1.73803e-15 0)
(3 -1.90343e-15 0)
(1.86191 1.15427 0)
(2.22725 1.08626 0)
(2.56856 0.761182 0)
(2.84064 0.285482 0)
(2.95661 0.191753 0)
(2.97085 0.120187 0)
(2.99753 -0.147001 0)
(3.02502 -0.203182 0)
(3.08031 -0.213834 0)
(3.06696 -0.248838 0)
(3.04742 -0.274442 0)
(3.01665 -0.311296 0)
(2.96902 -0.287887 0)
(2.86267 -0.149207 0)
(2.83211 -0.0447215 0)
(2.84215 -0.0160916 0)
(2.87413 0.0320687 0)
(2.88324 0.0479559 0)
(2.88896 0.0467523 0)
(2.89119 0.032745 0)
(2.90963 -0.00701574 0)
(2.91832 -0.0378567 0)
(2.92489 -0.0455424 0)
(2.9267 -0.0485219 0)
(2.92118 -0.0555765 0)
(2.91688 -0.0699053 0)
(2.93034 -0.067824 0)
(2.96149 -0.0430039 0)
(2.97855 -0.0141347 0)
(2.96748 -0.0028397 0)
(2.94866 0.00614675 0)
(2.92751 0.0128116 0)
(2.90449 0.011015 0)
(2.8847 0.00170981 0)
(2.88344 -0.00832661 0)
(2.89503 -0.0130339 0)
(2.91042 -0.0126015 0)
(2.9217 -0.00634518 0)
(2.92306 -0.00237705 0)
(2.91456 -0.0144847 0)
(2.9048 -0.0403798 0)
(2.90565 -0.0624743 0)
(2.92408 -0.0605311 0)
(2.95137 -0.039657 0)
(2.96097 -0.02994 0)
(2.96032 -0.0293531 0)
(2.9599 -0.0281613 0)
(2.96335 -0.0263621 0)
(2.96666 -0.0254221 0)
(2.97067 -0.023815 0)
(2.98088 -0.0197186 0)
(2.99679 -0.0131947 0)
(3.01813 -0.00697937 0)
(3.03559 -0.00254571 0)
(3.04003 -0.000522602 0)
(3.04 0.000177301 0)
(3.03956 0.00102165 0)
(3.03814 0.00236888 0)
(3.03536 0.00375942 0)
(3.02981 0.00415924 0)
(3.01848 0.00303608 0)
(3.00512 0.000886872 0)
(3.00029 4.90575e-05 0)
(3 1.57152e-07 0)
(3 -5.60949e-08 0)
(3 -5.50035e-08 0)
(3 -5.20153e-08 0)
(3 -4.31177e-08 0)
(3 -2.1572e-08 0)
(3 -3.3123e-09 0)
(3 -6.30422e-11 0)
(3 2.18131e-12 0)
(3 2.16354e-12 0)
(3 1.87598e-12 0)
(3 1.02316e-12 0)
(3 1.74184e-13 0)
(3 4.48229e-15 0)
(3 4.17075e-16 0)
(3 -2.77105e-16 0)
(3 -9.79879e-16 0)
(3 -1.1725e-15 0)
(3 -6.99989e-16 0)
(3 -1.11515e-16 0)
(3 5.97981e-17 0)
(3 -6.09659e-16 0)
(3 -7.85e-16 0)
(3 9.19103e-17 0)
(3 3.37462e-16 0)
(3 -1.49139e-17 0)
(3 -2.53971e-16 0)
(3 -2.05402e-17 0)
(3 -1.34286e-15 0)
(3 -1.8886e-15 0)
(3 -1.80392e-15 0)
(3 -1.93645e-15 0)
(3 -2.20798e-15 0)
(1.75825 1.11505 0)
(2.09034 1.00956 0)
(2.39259 0.782586 0)
(2.57747 0.589921 0)
(2.70556 0.507348 0)
(2.87124 0.307411 0)
(2.97294 -0.012596 0)
(2.99662 -0.159754 0)
(3.05547 -0.159258 0)
(3.09081 -0.217927 0)
(3.06861 -0.358658 0)
(3.07394 -0.395034 0)
(3.07894 -0.360576 0)
(3.03748 -0.266761 0)
(2.99023 -0.142139 0)
(2.98298 -0.100597 0)
(2.99517 -0.0605013 0)
(2.98215 -0.00786321 0)
(2.97692 0.0155355 0)
(2.97811 0.0128942 0)
(2.99162 -0.000320526 0)
(3.00242 -0.00172331 0)
(3.00692 0.00525421 0)
(3.01157 0.0245237 0)
(3.01286 0.029766 0)
(3.01178 0.0180221 0)
(3.02526 0.00250857 0)
(3.03707 -0.00476943 0)
(3.02523 -0.00679542 0)
(3.00513 -0.0116415 0)
(2.98261 -0.02088 0)
(2.96292 -0.0233303 0)
(2.94101 -0.030197 0)
(2.93464 -0.0370024 0)
(2.94513 -0.0332657 0)
(2.96355 -0.019684 0)
(2.98036 -0.0136361 0)
(2.98778 -0.0189894 0)
(2.98236 -0.0325354 0)
(2.96737 -0.0566694 0)
(2.9548 -0.0800552 0)
(2.95662 -0.0793519 0)
(2.97683 -0.0539285 0)
(2.98612 -0.0382732 0)
(2.9785 -0.0373556 0)
(2.97451 -0.037789 0)
(2.96989 -0.0377961 0)
(2.97287 -0.0360114 0)
(2.9755 -0.0333408 0)
(2.98062 -0.0285408 0)
(2.99083 -0.0220385 0)
(3.00586 -0.0160833 0)
(3.02451 -0.0101745 0)
(3.03895 -0.00391225 0)
(3.04184 -0.000276317 0)
(3.0412 0.00115133 0)
(3.04039 0.00252013 0)
(3.03875 0.00390044 0)
(3.03564 0.00526429 0)
(3.02895 0.00546133 0)
(3.01574 0.00338943 0)
(3.00316 0.000703579 0)
(3.0001 2.14434e-05 0)
(3 -3.89671e-08 0)
(3 -7.94069e-08 0)
(3 -7.90254e-08 0)
(3 -7.53732e-08 0)
(3 -5.79576e-08 0)
(3 -2.25899e-08 0)
(3 -2.1135e-09 0)
(3 -1.60285e-11 0)
(3 3.06273e-12 0)
(3 2.91297e-12 0)
(3 2.33536e-12 0)
(3 9.81758e-13 0)
(3 1.00014e-13 0)
(3 1.60967e-15 0)
(3 -4.3922e-16 0)
(3 -2.44693e-16 0)
(3 -2.47218e-16 0)
(3 -3.11266e-16 0)
(3 2.49122e-16 0)
(3 4.11331e-16 0)
(3 4.22234e-16 0)
(3 9.67994e-16 0)
(3 6.54203e-16 0)
(3 7.36606e-16 0)
(3 6.31724e-16 0)
(3 7.86859e-16 0)
(3 2.30442e-16 0)
(3 -4.75313e-16 0)
(3 1.46039e-16 0)
(3 2.09233e-16 0)
(3 -1.71253e-16 0)
(3 -9.62829e-16 0)
(3 -1.95512e-15 0)
(1.71514 1.04733 0)
(1.96853 1.00081 0)
(2.21692 0.866121 0)
(2.4391 0.667138 0)
(2.58612 0.579844 0)
(2.69381 0.517472 0)
(2.81917 0.304795 0)
(2.88888 0.101358 0)
(2.95439 0.0653784 0)
(2.97228 0.0453145 0)
(3.00979 -0.104833 0)
(3.02582 -0.18019 0)
(3.07957 -0.174826 0)
(3.08712 -0.153395 0)
(3.07229 -0.154781 0)
(3.05695 -0.160655 0)
(3.04907 -0.160019 0)
(3.0416 -0.112414 0)
(3.04746 -0.067473 0)
(3.05888 -0.0504062 0)
(3.06559 -0.046423 0)
(3.07075 -0.0442414 0)
(3.06773 -0.0242149 0)
(3.06713 0.0155042 0)
(3.07459 0.0433638 0)
(3.08054 0.0349234 0)
(3.07103 0.00896379 0)
(3.06426 0.00437412 0)
(3.05205 -0.000843995 0)
(3.0271 -0.00618512 0)
(3.01393 -0.0069597 0)
(2.99431 -0.00939048 0)
(2.98339 -0.0219852 0)
(2.99146 -0.0420961 0)
(3.01238 -0.0424569 0)
(3.02926 -0.0246573 0)
(3.03363 -0.0187375 0)
(3.02745 -0.0186523 0)
(3.01702 -0.0245203 0)
(3.00676 -0.0442203 0)
(3.00382 -0.0596471 0)
(3.01437 -0.0473378 0)
(3.01631 -0.0342496 0)
(3.00184 -0.0356456 0)
(2.99423 -0.0389273 0)
(2.98247 -0.0422235 0)
(2.98141 -0.0432359 0)
(2.98229 -0.0425443 0)
(2.98534 -0.039465 0)
(2.99106 -0.0332454 0)
(2.99964 -0.0262407 0)
(3.01248 -0.01906 0)
(3.02954 -0.0108311 0)
(3.04268 -0.0026396 0)
(3.04455 0.00148523 0)
(3.0437 0.00311584 0)
(3.04263 0.00482786 0)
(3.04027 0.00663399 0)
(3.03604 0.00798089 0)
(3.02691 0.00718099 0)
(3.0115 0.00330125 0)
(3.0014 0.000388832 0)
(3.00002 4.83601e-06 0)
(3 -1.11258e-07 0)
(3 -1.12651e-07 0)
(3 -1.10647e-07 0)
(3 -1.0129e-07 0)
(3 -6.44639e-08 0)
(3 -1.59068e-08 0)
(3 -6.64631e-10 0)
(3 2.3605e-12 0)
(3 4.10738e-12 0)
(3 3.82689e-12 0)
(3 2.56032e-12 0)
(3 6.79269e-13 0)
(3 2.82647e-14 0)
(3 -3.29771e-16 0)
(3 -4.05794e-16 0)
(3 5.88796e-18 0)
(3 3.14165e-16 0)
(3 3.39119e-16 0)
(3 3.94678e-16 0)
(3 3.02002e-16 0)
(3 4.43091e-16 0)
(3 1.11706e-15 0)
(3 1.40511e-15 0)
(3 1.13657e-15 0)
(3 9.89644e-16 0)
(3 9.37268e-16 0)
(3 1.13568e-15 0)
(3 1.41721e-15 0)
(3 1.53462e-15 0)
(3 1.69397e-15 0)
(3 1.69584e-15 0)
(3 -9.86525e-17 0)
(3 -1.95249e-15 0)
(1.6872 1.02909 0)
(1.91395 0.97376 0)
(2.13068 0.86486 0)
(2.27623 0.781303 0)
(2.41952 0.728985 0)
(2.6038 0.599862 0)
(2.74254 0.390557 0)
(2.78501 0.274274 0)
(2.82922 0.279508 0)
(2.87357 0.228194 0)
(2.96944 0.0428884 0)
(2.99314 -0.107825 0)
(3.0424 -0.120924 0)
(3.09695 -0.146378 0)
(3.09956 -0.169385 0)
(3.08497 -0.220149 0)
(3.09634 -0.217576 0)
(3.09867 -0.184832 0)
(3.10254 -0.141673 0)
(3.0955 -0.100619 0)
(3.08823 -0.0827754 0)
(3.08393 -0.0776168 0)
(3.08292 -0.0667476 0)
(3.08476 -0.0335582 0)
(3.08847 -0.00824048 0)
(3.09549 -0.0121025 0)
(3.08624 -0.026241 0)
(3.06895 -0.0299779 0)
(3.06237 -0.0288343 0)
(3.04849 -0.0165819 0)
(3.03943 -0.00985574 0)
(3.02834 -0.00501803 0)
(3.03182 -0.0053113 0)
(3.05003 -0.0125116 0)
(3.06607 -0.0103016 0)
(3.06683 0.00400612 0)
(3.05699 0.00886127 0)
(3.04344 0.00734189 0)
(3.03315 0.00661311 0)
(3.03649 0.00227895 0)
(3.05346 -0.0104534 0)
(3.04542 -0.0244325 0)
(3.02432 -0.0304191 0)
(3.01174 -0.0382202 0)
(2.9956 -0.0442699 0)
(2.9901 -0.0485217 0)
(2.99008 -0.0486623 0)
(2.99036 -0.0479906 0)
(2.9932 -0.0457228 0)
(3.00052 -0.0397824 0)
(3.00949 -0.0308315 0)
(3.02053 -0.0221502 0)
(3.03563 -0.0123739 0)
(3.04793 -0.00255045 0)
(3.04906 0.0024189 0)
(3.04776 0.0046258 0)
(3.04613 0.00683509 0)
(3.04265 0.00900264 0)
(3.03609 0.0100131 0)
(3.02295 0.00745354 0)
(3.00649 0.0021761 0)
(3.00037 0.000112555 0)
(3 2.69709e-07 0)
(3 -1.46868e-07 0)
(3 -1.42076e-07 0)
(3 -1.32801e-07 0)
(3 -1.04779e-07 0)
(3 -4.52659e-08 0)
(3 -5.0859e-09 0)
(3 -5.51701e-11 0)
(3 5.07355e-12 0)
(3 4.83711e-12 0)
(3 3.98303e-12 0)
(3 1.88352e-12 0)
(3 2.36436e-13 0)
(3 1.23525e-15 0)
(3 -1.96797e-15 0)
(3 -1.33102e-15 0)
(3 -5.76776e-16 0)
(3 6.46799e-16 0)
(3 1.17021e-15 0)
(3 4.01953e-16 0)
(3 5.66524e-17 0)
(3 4.25965e-16 0)
(3 9.71452e-16 0)
(3 1.81912e-15 0)
(3 1.21765e-15 0)
(3 8.16861e-16 0)
(3 6.62199e-16 0)
(3 2.06987e-15 0)
(3 2.48314e-15 0)
(3 1.80335e-15 0)
(3 5.57559e-16 0)
(3 -5.00954e-17 0)
(3 -8.28832e-16 0)
(3 -4.30899e-16 0)
(1.69516 1.00313 0)
(1.86857 0.975089 0)
(2.00761 0.945741 0)
(2.19295 0.835629 0)
(2.36946 0.708112 0)
(2.48479 0.683616 0)
(2.56692 0.609457 0)
(2.67866 0.432765 0)
(2.76135 0.335298 0)
(2.80919 0.322687 0)
(2.87688 0.21682 0)
(2.91677 0.0944049 0)
(2.96128 0.0752484 0)
(3.00366 0.059864 0)
(3.06221 -0.0238312 0)
(3.06894 -0.0992773 0)
(3.08585 -0.124981 0)
(3.10532 -0.106221 0)
(3.09951 -0.102411 0)
(3.07874 -0.112759 0)
(3.07561 -0.113203 0)
(3.08268 -0.107159 0)
(3.08595 -0.0995791 0)
(3.08705 -0.0837872 0)
(3.08947 -0.0648014 0)
(3.09498 -0.0650307 0)
(3.09642 -0.0764613 0)
(3.09153 -0.0756336 0)
(3.07623 -0.0583403 0)
(3.0693 -0.0235836 0)
(3.06978 -0.000821327 0)
(3.07663 0.00407525 0)
(3.09306 -0.00554284 0)
(3.10426 -0.0144363 0)
(3.09717 -0.00724323 0)
(3.07644 0.0166339 0)
(3.06011 0.040267 0)
(3.05278 0.0512 0)
(3.05413 0.0465882 0)
(3.06743 0.0231346 0)
(3.06195 -0.0067216 0)
(3.03946 -0.0216449 0)
(3.02504 -0.0317605 0)
(3.00882 -0.0392695 0)
(2.99614 -0.0484926 0)
(2.99519 -0.0516316 0)
(2.99524 -0.0515622 0)
(2.99615 -0.0507632 0)
(3.00009 -0.0479851 0)
(3.00968 -0.0411453 0)
(3.02151 -0.031295 0)
(3.03271 -0.0209228 0)
(3.04564 -0.00788696 0)
(3.05434 0.00368763 0)
(3.05356 0.00805239 0)
(3.05172 0.010032 0)
(3.04935 0.0120804 0)
(3.04424 0.0137423 0)
(3.03421 0.0127821 0)
(3.01626 0.00649767 0)
(3.00239 0.000899844 0)
(3.00004 1.41207e-05 0)
(3 -1.83073e-07 0)
(3 -1.88583e-07 0)
(3 -1.80605e-07 0)
(3 -1.55539e-07 0)
(3 -9.0953e-08 0)
(3 -1.95663e-08 0)
(3 -6.48054e-10 0)
(3 5.03253e-12 0)
(3 6.04522e-12 0)
(3 5.4402e-12 0)
(3 3.45851e-12 0)
(3 8.60274e-13 0)
(3 3.33371e-14 0)
(3 -1.90069e-15 0)
(3 -1.81386e-15 0)
(3 -1.06629e-15 0)
(3 4.20665e-16 0)
(3 1.06651e-15 0)
(3 1.61455e-15 0)
(3 1.14076e-15 0)
(3 7.9662e-16 0)
(3 1.16936e-15 0)
(3 1.71824e-15 0)
(3 2.04394e-15 0)
(3 1.43848e-15 0)
(3 7.47636e-17 0)
(3 5.58222e-16 0)
(3 9.20323e-16 0)
(3 1.00139e-15 0)
(3 8.29645e-16 0)
(3 -6.40516e-16 0)
(3 -1.37746e-15 0)
(3 -5.86535e-16 0)
(3 9.51693e-16 0)
(1.7059 1.02597 0)
(1.85013 0.987048 0)
(1.98693 0.939946 0)
(2.13226 0.867626 0)
(2.25331 0.813407 0)
(2.38111 0.764078 0)
(2.52491 0.639384 0)
(2.59369 0.531883 0)
(2.63537 0.5149 0)
(2.70974 0.458337 0)
(2.82608 0.297232 0)
(2.86444 0.183516 0)
(2.90269 0.180722 0)
(2.92728 0.189574 0)
(2.9973 0.105707 0)
(3.04555 -0.0179002 0)
(3.06979 -0.0824967 0)
(3.10064 -0.0763768 0)
(3.09531 -0.0956507 0)
(3.07011 -0.130631 0)
(3.0472 -0.141112 0)
(3.07798 -0.142517 0)
(3.08712 -0.141816 0)
(3.09904 -0.134893 0)
(3.10646 -0.10791 0)
(3.10329 -0.100128 0)
(3.0987 -0.10508 0)
(3.09302 -0.104072 0)
(3.08461 -0.0888802 0)
(3.0811 -0.0689932 0)
(3.08879 -0.0517801 0)
(3.10902 -0.0494498 0)
(3.12713 -0.0656173 0)
(3.1281 -0.0720158 0)
(3.10857 -0.0636057 0)
(3.08232 -0.0396328 0)
(3.06668 -0.00399806 0)
(3.06471 0.0107941 0)
(3.06863 0.00662243 0)
(3.06846 -0.0105163 0)
(3.05442 -0.0356022 0)
(3.04306 -0.0526444 0)
(3.02985 -0.0629188 0)
(3.01167 -0.070045 0)
(3.00192 -0.0727225 0)
(2.9995 -0.0705784 0)
(2.9986 -0.0667976 0)
(3.00121 -0.0610249 0)
(3.00719 -0.0524585 0)
(3.01668 -0.0454408 0)
(3.02968 -0.038079 0)
(3.0449 -0.0243157 0)
(3.05951 -0.00532101 0)
(3.06268 0.00721615 0)
(3.06019 0.0113939 0)
(3.05759 0.0147799 0)
(3.05289 0.0177835 0)
(3.04414 0.0186811 0)
(3.02776 0.0132867 0)
(3.00764 0.00358466 0)
(3.0004 0.00016291 0)
(3 2.7965e-07 0)
(3 -2.16338e-07 0)
(3 -2.07108e-07 0)
(3 -1.84906e-07 0)
(3 -1.30505e-07 0)
(3 -4.42914e-08 0)
(3 -3.25366e-09 0)
(3 -1.31574e-11 0)
(3 6.74981e-12 0)
(3 6.33115e-12 0)
(3 4.76193e-12 0)
(3 1.83478e-12 0)
(3 1.6647e-13 0)
(3 3.23356e-15 0)
(3 -8.77399e-16 0)
(3 -9.55989e-16 0)
(3 -6.10155e-16 0)
(3 3.83429e-16 0)
(3 8.63617e-16 0)
(3 9.55507e-16 0)
(3 1.5209e-15 0)
(3 1.36628e-15 0)
(3 8.28356e-16 0)
(3 7.11609e-16 0)
(3 3.08374e-16 0)
(3 -3.33528e-16 0)
(3 -7.21834e-16 0)
(3 -6.96217e-16 0)
(3 -2.81967e-16 0)
(3 -5.05175e-16 0)
(3 -3.98967e-16 0)
(3 2.5513e-16 0)
(3 1.08102e-16 0)
(3 2.89499e-16 0)
(3 8.78903e-16 0)
(1.72912 1.03994 0)
(1.84105 1.01661 0)
(1.95663 0.989464 0)
(2.08731 0.925636 0)
(2.22154 0.826384 0)
(2.32789 0.777654 0)
(2.40531 0.768794 0)
(2.51278 0.658982 0)
(2.60491 0.533883 0)
(2.6587 0.509478 0)
(2.72298 0.446527 0)
(2.78994 0.334313 0)
(2.83389 0.311068 0)
(2.87185 0.282473 0)
(2.95484 0.176589 0)
(2.98432 0.0887729 0)
(3.01402 0.0691992 0)
(3.04645 0.0760281 0)
(3.03172 0.064282 0)
(3.02534 -0.0132063 0)
(3.01528 -0.0473791 0)
(3.04387 -0.0628849 0)
(3.07153 -0.0663097 0)
(3.0875 -0.0722734 0)
(3.09688 -0.0795355 0)
(3.09042 -0.0923866 0)
(3.09041 -0.107758 0)
(3.09652 -0.121516 0)
(3.10194 -0.115456 0)
(3.11162 -0.0862522 0)
(3.12598 -0.0736417 0)
(3.14075 -0.0877588 0)
(3.15404 -0.110649 0)
(3.15517 -0.12036 0)
(3.13906 -0.110718 0)
(3.11191 -0.0922304 0)
(3.08916 -0.0634635 0)
(3.08169 -0.0492701 0)
(3.08165 -0.0494935 0)
(3.06569 -0.0514269 0)
(3.05475 -0.0586433 0)
(3.0428 -0.074237 0)
(3.02638 -0.0828655 0)
(3.01319 -0.0860534 0)
(3.00656 -0.0853932 0)
(3.00058 -0.0829396 0)
(3.00213 -0.0774103 0)
(3.01097 -0.0665024 0)
(3.02267 -0.0508052 0)
(3.03103 -0.0357756 0)
(3.03935 -0.0232423 0)
(3.05525 -0.00744485 0)
(3.07044 0.00958208 0)
(3.06989 0.0172942 0)
(3.06653 0.0204901 0)
(3.0627 0.023764 0)
(3.0548 0.0256328 0)
(3.03959 0.0216211 0)
(3.01582 0.00880826 0)
(3.00163 0.000811226 0)
(3.00002 6.73433e-06 0)
(3 -2.43239e-07 0)
(3 -2.38928e-07 0)
(3 -2.19244e-07 0)
(3 -1.67821e-07 0)
(3 -7.29609e-08 0)
(3 -8.82547e-09 0)
(3 -1.1229e-10 0)
(3 7.10903e-12 0)
(3 6.90247e-12 0)
(3 5.63293e-12 0)
(3 2.77136e-12 0)
(3 4.11681e-13 0)
(3 8.00586e-15 0)
(3 1.02922e-15 0)
(3 8.4245e-16 0)
(3 7.0681e-16 0)
(3 4.94114e-16 0)
(3 6.58411e-17 0)
(3 1.73736e-16 0)
(3 8.95401e-16 0)
(3 1.69248e-15 0)
(3 1.76253e-15 0)
(3 1.76493e-15 0)
(3 1.7046e-15 0)
(3 6.23111e-16 0)
(3 -7.42913e-16 0)
(3 1.00934e-15 0)
(3 2.0404e-15 0)
(3 1.78215e-15 0)
(3 6.65054e-16 0)
(3 -2.02453e-16 0)
(3 4.87825e-16 0)
(3 7.33512e-16 0)
(3 5.69827e-16 0)
(3 6.27956e-16 0)
(1.7351 1.06759 0)
(1.85924 1.02152 0)
(1.96486 0.986907 0)
(2.04294 0.979295 0)
(2.14728 0.924187 0)
(2.27672 0.840542 0)
(2.38743 0.750699 0)
(2.46628 0.685976 0)
(2.50275 0.678138 0)
(2.57753 0.620769 0)
(2.68518 0.488288 0)
(2.73047 0.408512 0)
(2.7671 0.423729 0)
(2.80222 0.413071 0)
(2.89238 0.314209 0)
(2.9346 0.191754 0)
(2.96461 0.147472 0)
(3.00684 0.134733 0)
(3.00663 0.106902 0)
(3.00254 0.0381037 0)
(3.00347 0.00483963 0)
(3.02078 -0.0105337 0)
(3.07572 -0.0277132 0)
(3.09302 -0.0468952 0)
(3.08897 -0.079666 0)
(3.08422 -0.110516 0)
(3.09188 -0.136199 0)
(3.10697 -0.154323 0)
(3.12337 -0.15807 0)
(3.13856 -0.131226 0)
(3.15564 -0.108351 0)
(3.15728 -0.129092 0)
(3.15883 -0.154834 0)
(3.15859 -0.157137 0)
(3.15097 -0.146078 0)
(3.13408 -0.132517 0)
(3.11045 -0.11408 0)
(3.09391 -0.0963633 0)
(3.08383 -0.0998922 0)
(3.06845 -0.1165 0)
(3.05696 -0.12616 0)
(3.04356 -0.129368 0)
(3.02955 -0.122906 0)
(3.01833 -0.111262 0)
(3.011 -0.0984629 0)
(3.00815 -0.0864722 0)
(3.01069 -0.0759666 0)
(3.01914 -0.0679667 0)
(3.03123 -0.0634367 0)
(3.04464 -0.0531166 0)
(3.06028 -0.0298879 0)
(3.07861 0.00151881 0)
(3.08328 0.0222148 0)
(3.0787 0.0282666 0)
(3.07426 0.0324678 0)
(3.06671 0.0354449 0)
(3.0515 0.0322268 0)
(3.02511 0.0165786 0)
(3.0039 0.00235943 0)
(3.00008 3.89652e-05 0)
(3 -2.42103e-07 0)
(3 -2.64766e-07 0)
(3 -2.45311e-07 0)
(3 -1.93258e-07 0)
(3 -9.69041e-08 0)
(3 -1.61554e-08 0)
(3 -3.60795e-10 0)
(3 6.93299e-12 0)
(3 7.11693e-12 0)
(3 6.08664e-12 0)
(3 3.40375e-12 0)
(3 6.90031e-13 0)
(3 2.25511e-14 0)
(3 5.54112e-16 0)
(3 9.04173e-16 0)
(3 2.01093e-15 0)
(3 2.72412e-15 0)
(3 2.08279e-15 0)
(3 1.38058e-15 0)
(3 6.78666e-16 0)
(3 5.32715e-16 0)
(3 8.77173e-16 0)
(3 2.15803e-15 0)
(3 4.12849e-15 0)
(3 4.03284e-15 0)
(3 1.79668e-15 0)
(3 1.36297e-15 0)
(3 1.69955e-15 0)
(3 2.22446e-15 0)
(3 1.88428e-15 0)
(3 7.70951e-16 0)
(3 -4.62948e-16 0)
(3 3.40892e-16 0)
(3 8.46128e-16 0)
(3 6.51529e-16 0)
(3 1.27028e-16 0)
(1.73763 1.10388 0)
(1.84385 1.06682 0)
(1.95541 1.0255 0)
(2.04419 0.985898 0)
(2.14758 0.920713 0)
(2.22552 0.893493 0)
(2.29803 0.858506 0)
(2.40356 0.767894 0)
(2.48003 0.690517 0)
(2.53218 0.68259 0)
(2.59299 0.623705 0)
(2.67257 0.51771 0)
(2.72204 0.483328 0)
(2.77043 0.463824 0)
(2.84793 0.378031 0)
(2.88067 0.287717 0)
(2.90572 0.264196 0)
(2.93896 0.260615 0)
(2.95741 0.201943 0)
(2.96971 0.142006 0)
(2.98229 0.0885783 0)
(3.00521 0.0770588 0)
(3.05426 0.0701284 0)
(3.08171 0.0453831 0)
(3.07549 0.0207981 0)
(3.07222 -0.00254355 0)
(3.08057 -0.0270505 0)
(3.10159 -0.0579193 0)
(3.12592 -0.0721413 0)
(3.14419 -0.0694821 0)
(3.15466 -0.0688541 0)
(3.15453 -0.0837224 0)
(3.15073 -0.112993 0)
(3.14994 -0.138704 0)
(3.1461 -0.149052 0)
(3.13699 -0.149945 0)
(3.12284 -0.149551 0)
(3.10856 -0.151079 0)
(3.09481 -0.152048 0)
(3.08299 -0.151459 0)
(3.07104 -0.147349 0)
(3.05881 -0.140629 0)
(3.04834 -0.130377 0)
(3.04014 -0.11794 0)
(3.034 -0.103777 0)
(3.02977 -0.086989 0)
(3.02835 -0.0691838 0)
(3.03024 -0.0524988 0)
(3.03695 -0.0350978 0)
(3.05324 -0.0173607 0)
(3.08072 0.00769838 0)
(3.0972 0.0324081 0)
(3.0936 0.0414728 0)
(3.08834 0.0453096 0)
(3.08121 0.0486201 0)
(3.06468 0.0447891 0)
(3.03422 0.0256612 0)
(3.00645 0.00456544 0)
(3.00018 0.000108501 0)
(3 -1.18812e-07 0)
(3 -2.48016e-07 0)
(3 -2.35086e-07 0)
(3 -1.91896e-07 0)
(3 -1.02901e-07 0)
(3 -2.00305e-08 0)
(3 -6.02923e-10 0)
(3 5.80816e-12 0)
(3 6.78461e-12 0)
(3 5.91245e-12 0)
(3 3.52409e-12 0)
(3 8.38018e-13 0)
(3 3.3137e-14 0)
(3 -6.70882e-16 0)
(3 -4.83443e-16 0)
(3 -3.2825e-16 0)
(3 7.29769e-16 0)
(3 1.51452e-15 0)
(3 1.88127e-15 0)
(3 1.9804e-15 0)
(3 1.22303e-15 0)
(3 9.39165e-16 0)
(3 1.1096e-15 0)
(3 2.11761e-15 0)
(3 3.22522e-15 0)
(3 2.96237e-15 0)
(3 1.42313e-15 0)
(3 1.58433e-15 0)
(3 1.56516e-15 0)
(3 2.12231e-15 0)
(3 1.5548e-15 0)
(3 -2.76897e-17 0)
(3 -2.6879e-16 0)
(3 -9.86659e-16 0)
(3 -1.30244e-15 0)
(3 -1.28457e-15 0)
(3 -1.49168e-15 0)
(1.82839 1.10939 0)
(1.85536 1.10664 0)
(1.93854 1.08036 0)
(2.04431 1.02779 0)
(2.14107 0.961894 0)
(2.19795 0.937668 0)
(2.28526 0.886076 0)
(2.38123 0.80537 0)
(2.44132 0.761069 0)
(2.49978 0.743962 0)
(2.57745 0.674248 0)
(2.63117 0.598175 0)
(2.66279 0.584466 0)
(2.71577 0.555104 0)
(2.80373 0.460548 0)
(2.84137 0.36096 0)
(2.86488 0.333653 0)
(2.89354 0.32771 0)
(2.92283 0.276348 0)
(2.94313 0.241251 0)
(2.96648 0.185777 0)
(2.98686 0.162468 0)
(3.0379 0.146576 0)
(3.07413 0.104282 0)
(3.0702 0.0667096 0)
(3.07363 0.0489102 0)
(3.08579 0.0248376 0)
(3.10905 -0.0036387 0)
(3.13199 -0.0191728 0)
(3.14232 -0.0367315 0)
(3.14553 -0.0519118 0)
(3.14942 -0.070144 0)
(3.15568 -0.103849 0)
(3.15116 -0.134726 0)
(3.14049 -0.158772 0)
(3.13711 -0.170535 0)
(3.12866 -0.171879 0)
(3.11596 -0.167018 0)
(3.10465 -0.161299 0)
(3.09408 -0.155849 0)
(3.08269 -0.14793 0)
(3.07089 -0.137469 0)
(3.06083 -0.12647 0)
(3.05352 -0.117193 0)
(3.04897 -0.110102 0)
(3.04789 -0.102906 0)
(3.04926 -0.0909096 0)
(3.05265 -0.0699909 0)
(3.06424 -0.0412305 0)
(3.08775 0.000570061 0)
(3.11081 0.0436285 0)
(3.11087 0.0610801 0)
(3.10446 0.0647319 0)
(3.09779 0.0673291 0)
(3.07879 0.0608965 0)
(3.04199 0.0353722 0)
(3.00816 0.0066533 0)
(3.00024 0.000177189 0)
(3 1.24646e-08 0)
(3 -2.58564e-07 0)
(3 -2.46121e-07 0)
(3 -1.94172e-07 0)
(3 -1.00757e-07 0)
(3 -1.97019e-08 0)
(3 -6.31103e-10 0)
(3 4.75136e-12 0)
(3 6.06878e-12 0)
(3 5.34029e-12 0)
(3 3.21139e-12 0)
(3 8.02763e-13 0)
(3 3.52259e-14 0)
(3 -3.4398e-15 0)
(3 -3.51217e-15 0)
(3 -2.10694e-15 0)
(3 -1.12617e-15 0)
(3 -6.35926e-16 0)
(3 4.44746e-16 0)
(3 1.57962e-15 0)
(3 2.22416e-15 0)
(3 2.16434e-15 0)
(3 2.4715e-15 0)
(3 2.21412e-15 0)
(3 1.9243e-15 0)
(3 1.5662e-15 0)
(3 1.48541e-15 0)
(3 1.38866e-15 0)
(3 1.6577e-15 0)
(3 1.33121e-15 0)
(3 1.38534e-15 0)
(3 1.31233e-15 0)
(3 2.2559e-16 0)
(3 9.7953e-18 0)
(3 -6.28637e-16 0)
(3 -1.65643e-15 0)
(3 -2.20335e-15 0)
(3 -2.10332e-15 0)
(2.1376 0.922727 0)
(1.94785 1.10735 0)
(1.97669 1.10941 0)
(2.03986 1.08636 0)
(2.1243 1.03022 0)
(2.20446 0.96775 0)
(2.26065 0.943224 0)
(2.33877 0.889312 0)
(2.43143 0.80748 0)
(2.4973 0.760266 0)
(2.5543 0.73667 0)
(2.60323 0.680933 0)
(2.63964 0.64026 0)
(2.68954 0.606541 0)
(2.76538 0.531809 0)
(2.80583 0.446558 0)
(2.82688 0.422046 0)
(2.84645 0.410041 0)
(2.89504 0.352224 0)
(2.92952 0.324386 0)
(2.95979 0.260375 0)
(2.9791 0.239 0)
(3.02364 0.22985 0)
(3.05798 0.189067 0)
(3.05808 0.157006 0)
(3.06427 0.140947 0)
(3.08649 0.102245 0)
(3.10663 0.0752919 0)
(3.12284 0.057307 0)
(3.13029 0.0295685 0)
(3.1307 0.0099937 0)
(3.13609 0.000618348 0)
(3.13792 -0.0232225 0)
(3.13536 -0.0449308 0)
(3.12838 -0.0557626 0)
(3.11764 -0.0694279 0)
(3.10111 -0.085027 0)
(3.09625 -0.0901199 0)
(3.09196 -0.0923678 0)
(3.08681 -0.0956041 0)
(3.07999 -0.0950617 0)
(3.07167 -0.0890362 0)
(3.06316 -0.0788786 0)
(3.05584 -0.0659835 0)
(3.05088 -0.0518077 0)
(3.04929 -0.0371734 0)
(3.05542 -0.0234818 0)
(3.0706 -0.00502375 0)
(3.09451 0.0268448 0)
(3.12198 0.0663544 0)
(3.12848 0.0884176 0)
(3.12258 0.09232 0)
(3.11596 0.0919344 0)
(3.0916 0.0793745 0)
(3.04631 0.0433856 0)
(3.00825 0.00759954 0)
(3.00022 0.000188149 0)
(3 5.65703e-08 0)
(3 -2.17489e-07 0)
(3 -2.0683e-07 0)
(3 -1.59167e-07 0)
(3 -7.81466e-08 0)
(3 -1.40546e-08 0)
(3 -4.17277e-10 0)
(3 4.03937e-12 0)
(3 4.98451e-12 0)
(3 4.35287e-12 0)
(3 2.5295e-12 0)
(3 6.05291e-13 0)
(3 2.73958e-14 0)
(3 -1.46269e-15 0)
(3 -3.36265e-15 0)
(3 -2.50239e-15 0)
(3 -1.22989e-15 0)
(3 2.53738e-16 0)
(3 9.3399e-16 0)
(3 1.45353e-15 0)
(3 2.04219e-15 0)
(3 2.36232e-15 0)
(3 2.28894e-15 0)
(3 2.89497e-15 0)
(3 2.69082e-15 0)
(3 1.54715e-15 0)
(3 1.01387e-15 0)
(3 1.48109e-15 0)
(3 1.62799e-15 0)
(3 1.74699e-15 0)
(3 1.28327e-15 0)
(3 3.77252e-16 0)
(3 3.70902e-17 0)
(3 4.62986e-16 0)
(3 6.20707e-16 0)
(3 7.60779e-16 0)
(3 8.53168e-17 0)
(3 -8.73598e-16 0)
(3 -6.56223e-16 0)
(2.73521 0.377829 0)
(2.28622 0.87137 0)
(2.09 1.04981 0)
(2.08613 1.11171 0)
(2.11949 1.11894 0)
(2.18507 1.07653 0)
(2.2651 0.997879 0)
(2.34149 0.923709 0)
(2.41677 0.862924 0)
(2.48979 0.805491 0)
(2.53947 0.785014 0)
(2.57281 0.763079 0)
(2.63219 0.701176 0)
(2.68436 0.646382 0)
(2.74226 0.580072 0)
(2.78224 0.513204 0)
(2.80526 0.499828 0)
(2.81701 0.492944 0)
(2.86718 0.441278 0)
(2.92531 0.394846 0)
(2.95982 0.330795 0)
(2.97833 0.310185 0)
(3.00881 0.30097 0)
(3.04135 0.259405 0)
(3.0478 0.233224 0)
(3.06065 0.2135 0)
(3.08473 0.166253 0)
(3.09426 0.147696 0)
(3.11161 0.12329 0)
(3.11807 0.0828139 0)
(3.11945 0.0645997 0)
(3.12742 0.0479705 0)
(3.13229 0.0167229 0)
(3.13267 -0.010675 0)
(3.12746 -0.0372575 0)
(3.12242 -0.0666558 0)
(3.11431 -0.0940605 0)
(3.11223 -0.106969 0)
(3.11296 -0.112244 0)
(3.11132 -0.117956 0)
(3.10697 -0.118222 0)
(3.10054 -0.110854 0)
(3.09338 -0.0969998 0)
(3.08761 -0.0784844 0)
(3.08464 -0.0554507 0)
(3.08572 -0.0261554 0)
(3.09344 0.0102238 0)
(3.11046 0.0543154 0)
(3.13444 0.0993263 0)
(3.1432 0.122932 0)
(3.14042 0.125737 0)
(3.13108 0.119889 0)
(3.09954 0.0970338 0)
(3.04622 0.0473369 0)
(3.00687 0.00694907 0)
(3.00014 0.000137004 0)
(3 -1.87199e-08 0)
(3 -1.8115e-07 0)
(3 -1.71671e-07 0)
(3 -1.23104e-07 0)
(3 -5.18874e-08 0)
(3 -7.43281e-09 0)
(3 -1.67731e-10 0)
(3 3.4164e-12 0)
(3 3.82275e-12 0)
(3 3.24835e-12 0)
(3 1.73683e-12 0)
(3 3.62886e-13 0)
(3 1.39663e-14 0)
(3 -8.9546e-16 0)
(3 -8.06526e-16 0)
(3 -2.64981e-16 0)
(3 -5.36695e-16 0)
(3 2.93618e-16 0)
(3 6.34795e-16 0)
(3 1.42911e-15 0)
(3 1.98899e-15 0)
(3 2.40137e-15 0)
(3 3.0218e-15 0)
(3 3.21487e-15 0)
(3 2.81865e-15 0)
(3 2.42312e-15 0)
(3 1.41183e-15 0)
(3 1.12998e-15 0)
(3 1.65869e-15 0)
(3 2.07081e-15 0)
(3 1.92314e-15 0)
(3 2.16373e-15 0)
(3 1.30482e-15 0)
(3 8.73032e-16 0)
(3 8.93417e-16 0)
(3 7.83769e-16 0)
(3 4.49163e-16 0)
(3 3.10704e-16 0)
(3 2.70733e-16 0)
(3 1.32756e-17 0)
(2.98764 0.0309217 0)
(2.84294 0.293666 0)
(2.36265 0.817777 0)
(2.21285 1.021 0)
(2.19631 1.10245 0)
(2.21844 1.10081 0)
(2.26085 1.07468 0)
(2.32547 1.01313 0)
(2.39837 0.950424 0)
(2.47118 0.893993 0)
(2.53393 0.842785 0)
(2.58072 0.798284 0)
(2.62045 0.75421 0)
(2.67137 0.698287 0)
(2.73245 0.622973 0)
(2.76752 0.568837 0)
(2.79042 0.575275 0)
(2.8096 0.559316 0)
(2.87962 0.503839 0)
(2.92476 0.443549 0)
(2.95076 0.398373 0)
(2.97248 0.375836 0)
(2.98821 0.368069 0)
(3.01585 0.329934 0)
(3.03718 0.299533 0)
(3.06074 0.268233 0)
(3.07712 0.222061 0)
(3.0829 0.210661 0)
(3.09595 0.179842 0)
(3.10346 0.140327 0)
(3.10934 0.126697 0)
(3.11848 0.105047 0)
(3.11969 0.0857887 0)
(3.11809 0.0667142 0)
(3.1173 0.0467238 0)
(3.11395 0.0316312 0)
(3.11078 0.0223469 0)
(3.10966 0.0198751 0)
(3.1092 0.0186354 0)
(3.10817 0.0156321 0)
(3.10688 0.0131554 0)
(3.10552 0.013835 0)
(3.1043 0.0191091 0)
(3.10396 0.0300716 0)
(3.10607 0.0483882 0)
(3.11303 0.0760267 0)
(3.12776 0.112731 0)
(3.14646 0.147909 0)
(3.15324 0.162135 0)
(3.15171 0.160169 0)
(3.13806 0.145402 0)
(3.10028 0.109485 0)
(3.04133 0.0456468 0)
(3.00474 0.0051612 0)
(3.00007 7.17455e-05 0)
(3 -6.94107e-08 0)
(3 -1.3171e-07 0)
(3 -1.21239e-07 0)
(3 -7.78998e-08 0)
(3 -2.65865e-08 0)
(3 -2.74457e-09 0)
(3 -3.96222e-11 0)
(3 2.53594e-12 0)
(3 2.67819e-12 0)
(3 2.16379e-12 0)
(3 1.01458e-12 0)
(3 1.65859e-13 0)
(3 2.29629e-15 0)
(3 -2.34325e-15 0)
(3 -1.87054e-15 0)
(3 -9.1099e-16 0)
(3 -5.17833e-16 0)
(3 -6.71534e-16 0)
(3 -9.32402e-16 0)
(3 -7.07511e-16 0)
(3 3.51984e-16 0)
(3 1.03409e-15 0)
(3 1.21805e-15 0)
(3 1.49328e-15 0)
(3 1.53491e-15 0)
(3 1.20825e-15 0)
(3 8.29999e-16 0)
(3 9.73743e-16 0)
(3 8.39905e-16 0)
(3 1.96254e-15 0)
(3 1.44928e-15 0)
(3 7.14791e-16 0)
(3 9.32372e-16 0)
(3 1.38314e-15 0)
(3 1.89648e-15 0)
(3 1.40935e-15 0)
(3 8.90972e-16 0)
(3 2.86274e-16 0)
(3 6.72364e-16 0)
(3 7.60626e-16 0)
(3 -4.64628e-17 0)
(2.99993 0.000304499 0)
(2.99541 0.0187244 0)
(2.86351 0.226765 0)
(2.56174 0.669488 0)
(2.33396 0.979666 0)
(2.2876 1.04751 0)
(2.31401 1.06575 0)
(2.34345 1.07175 0)
(2.39379 1.05198 0)
(2.4558 1.0109 0)
(2.51722 0.951857 0)
(2.57078 0.878267 0)
(2.62258 0.80103 0)
(2.65686 0.758043 0)
(2.71706 0.696547 0)
(2.76375 0.632441 0)
(2.7901 0.630461 0)
(2.81226 0.621525 0)
(2.88364 0.566318 0)
(2.9223 0.482272 0)
(2.93527 0.462807 0)
(2.95196 0.452768 0)
(2.98209 0.417271 0)
(2.99731 0.380779 0)
(3.03265 0.350202 0)
(3.05855 0.315235 0)
(3.06593 0.284899 0)
(3.06557 0.268425 0)
(3.07992 0.226537 0)
(3.09268 0.196972 0)
(3.10346 0.183309 0)
(3.10846 0.166406 0)
(3.10941 0.146645 0)
(3.11495 0.118085 0)
(3.11801 0.0939492 0)
(3.12002 0.0812035 0)
(3.12198 0.0762081 0)
(3.12485 0.0725398 0)
(3.12747 0.0691914 0)
(3.12879 0.0688641 0)
(3.12907 0.0739147 0)
(3.12918 0.0841021 0)
(3.12949 0.100382 0)
(3.13127 0.122304 0)
(3.13624 0.150062 0)
(3.14621 0.178603 0)
(3.15549 0.196358 0)
(3.15704 0.197567 0)
(3.15311 0.187532 0)
(3.134 0.163202 0)
(3.0915 0.111591 0)
(3.03156 0.0375073 0)
(3.00256 0.0030172 0)
(3.00002 2.70486e-05 0)
(3 -6.69043e-08 0)
(3 -8.72186e-08 0)
(3 -7.58999e-08 0)
(3 -4.18479e-08 0)
(3 -1.05377e-08 0)
(3 -6.88789e-10 0)
(3 -4.51036e-12 0)
(3 1.69619e-12 0)
(3 1.74433e-12 0)
(3 1.28679e-12 0)
(3 4.90326e-13 0)
(3 5.71176e-14 0)
(3 -2.54476e-15 0)
(3 -2.85023e-15 0)
(3 -2.13081e-15 0)
(3 -8.21093e-16 0)
(3 -1.15068e-15 0)
(3 -1.79707e-15 0)
(3 -1.7585e-15 0)
(3 -2.03591e-15 0)
(3 -2.18203e-15 0)
(3 -9.2043e-16 0)
(3 6.17203e-17 0)
(3 3.49476e-16 0)
(3 -6.84291e-17 0)
(3 6.30868e-16 0)
(3 3.4968e-16 0)
(3 3.58558e-16 0)
(3 1.09465e-15 0)
(3 1.06459e-15 0)
(3 1.09788e-15 0)
(3 4.28606e-16 0)
(3 1.31621e-17 0)
(3 3.83464e-16 0)
(3 2.19623e-15 0)
(3 2.67065e-15 0)
(3 2.12303e-15 0)
(3 2.73562e-16 0)
(3 -1.18663e-15 0)
(3 -1.11378e-15 0)
(3 -5.06691e-16 0)
(3 -4.23468e-16 0)
(3 3.37937e-07 0)
(2.99997 0.000133716 0)
(2.99642 0.0103061 0)
(2.93278 0.140212 0)
(2.74288 0.476608 0)
(2.47456 0.827677 0)
(2.39224 0.972267 0)
(2.41809 1.04015 0)
(2.43519 1.04573 0)
(2.47142 1.05216 0)
(2.51131 1.03531 0)
(2.55593 0.979847 0)
(2.60426 0.908951 0)
(2.64979 0.85401 0)
(2.7023 0.800633 0)
(2.75604 0.736472 0)
(2.78843 0.704416 0)
(2.81062 0.691721 0)
(2.87377 0.629822 0)
(2.9163 0.547336 0)
(2.92449 0.520725 0)
(2.93234 0.512437 0)
(2.96765 0.478398 0)
(3.00197 0.440598 0)
(3.02149 0.408065 0)
(3.04298 0.375421 0)
(3.05132 0.350639 0)
(3.05435 0.319628 0)
(3.06984 0.279137 0)
(3.08394 0.263951 0)
(3.09213 0.253166 0)
(3.10009 0.237326 0)
(3.10648 0.213917 0)
(3.112 0.190887 0)
(3.11591 0.180675 0)
(3.11849 0.178116 0)
(3.12315 0.176195 0)
(3.12761 0.175976 0)
(3.13148 0.178104 0)
(3.1353 0.18306 0)
(3.13927 0.191205 0)
(3.14325 0.20284 0)
(3.14738 0.216825 0)
(3.15252 0.229812 0)
(3.15611 0.236206 0)
(3.15696 0.234405 0)
(3.1538 0.222381 0)
(3.14334 0.202808 0)
(3.12021 0.167392 0)
(3.0724 0.0973915 0)
(3.01835 0.0240406 0)
(3.00093 0.00125814 0)
(3 6.76244e-06 0)
(3 -4.45033e-08 0)
(3 -5.12723e-08 0)
(3 -4.08365e-08 0)
(3 -1.83237e-08 0)
(3 -3.12929e-09 0)
(3 -1.15265e-10 0)
(3 4.18838e-13 0)
(3 1.05786e-12 0)
(3 1.04209e-12 0)
(3 6.58965e-13 0)
(3 1.91863e-13 0)
(3 1.24887e-14 0)
(3 -2.55432e-15 0)
(3 -2.22169e-15 0)
(3 -1.78021e-15 0)
(3 -8.55056e-16 0)
(3 -7.82347e-16 0)
(3 -1.30411e-15 0)
(3 -1.52536e-15 0)
(3 -2.13074e-15 0)
(3 -2.19162e-15 0)
(3 -1.97146e-15 0)
(3 -1.54203e-15 0)
(3 -5.79869e-16 0)
(3 -1.20261e-16 0)
(3 3.59928e-16 0)
(3 1.01462e-15 0)
(3 1.17907e-15 0)
(3 6.73761e-16 0)
(3 6.7371e-16 0)
(3 1.48378e-16 0)
(3 -8.16293e-17 0)
(3 5.03909e-16 0)
(3 1.50756e-15 0)
(3 1.94129e-15 0)
(3 2.38541e-15 0)
(3 1.96468e-15 0)
(3 1.59473e-15 0)
(3 -3.28023e-16 0)
(3 -6.00646e-17 0)
(3 1.72651e-16 0)
(3 8.02999e-16 0)
(3 6.37847e-16 0)
(3 3.48576e-11 0)
(3 1.00571e-07 0)
(2.99999 5.73875e-05 0)
(2.99893 0.0035469 0)
(2.98084 0.0529163 0)
(2.86581 0.258786 0)
(2.6722 0.58909 0)
(2.51404 0.889716 0)
(2.5164 0.951607 0)
(2.52017 0.998278 0)
(2.53636 1.01271 0)
(2.57251 1.00414 0)
(2.60922 0.978188 0)
(2.64384 0.954628 0)
(2.6927 0.920028 0)
(2.73921 0.869157 0)
(2.77257 0.823979 0)
(2.80733 0.780844 0)
(2.8492 0.728127 0)
(2.89447 0.656232 0)
(2.91308 0.609179 0)
(2.9209 0.590096 0)
(2.94782 0.550879 0)
(2.99217 0.52153 0)
(3.01557 0.485886 0)
(3.0292 0.456372 0)
(3.03728 0.429102 0)
(3.04288 0.386959 0)
(3.0619 0.3629 0)
(3.07599 0.352226 0)
(3.08484 0.341359 0)
(3.0958 0.324187 0)
(3.105 0.302792 0)
(3.11122 0.291963 0)
(3.11751 0.288489 0)
(3.12374 0.286716 0)
(3.12954 0.287004 0)
(3.13502 0.288837 0)
(3.14016 0.291476 0)
(3.14527 0.293426 0)
(3.15024 0.293798 0)
(3.15334 0.291282 0)
(3.15478 0.285036 0)
(3.15338 0.270515 0)
(3.14929 0.25381 0)
(3.14261 0.235826 0)
(3.12761 0.206574 0)
(3.0954 0.149456 0)
(3.04424 0.0663903 0)
(3.00709 0.0106357 0)
(3.0002 0.000327354 0)
(3 9.54471e-07 0)
(3 -2.46837e-08 0)
(3 -2.7001e-08 0)
(3 -1.92672e-08 0)
(3 -6.62506e-09 0)
(3 -7.04346e-10 0)
(3 -1.27432e-11 0)
(3 5.12778e-13 0)
(3 6.25224e-13 0)
(3 5.57599e-13 0)
(3 2.85991e-13 0)
(3 5.86729e-14 0)
(3 -3.15131e-16 0)
(3 -1.68845e-15 0)
(3 -1.3655e-15 0)
(3 -6.00815e-16 0)
(3 7.25018e-17 0)
(3 -1.295e-16 0)
(3 -6.90167e-18 0)
(3 4.61805e-16 0)
(3 4.62627e-16 0)
(3 -2.00419e-16 0)
(3 -4.86891e-16 0)
(3 -3.55214e-16 0)
(3 -4.65455e-16 0)
(3 -5.59042e-16 0)
(3 -2.5474e-16 0)
(3 9.69684e-16 0)
(3 2.23169e-15 0)
(3 2.897e-15 0)
(3 1.09643e-15 0)
(3 -1.08605e-15 0)
(3 -1.63048e-15 0)
(3 -1.73233e-15 0)
(3 -4.44344e-16 0)
(3 9.71222e-16 0)
(3 1.08596e-15 0)
(3 1.00925e-15 0)
(3 3.77258e-17 0)
(3 -3.05212e-16 0)
(3 3.18862e-16 0)
(3 1.04321e-15 0)
(3 2.38649e-15 0)
(3 2.57769e-15 0)
(3 1.16441e-15 0)
(3 3.65327e-16 0)
(3 7.12778e-12 0)
(3 3.15088e-08 0)
(3 9.05701e-06 0)
(2.99985 0.000590609 0)
(2.99543 0.0130496 0)
(2.95507 0.102219 0)
(2.83179 0.353989 0)
(2.69489 0.649926 0)
(2.64182 0.795177 0)
(2.5795 0.935523 0)
(2.60228 0.933985 0)
(2.65322 0.94986 0)
(2.67075 0.949807 0)
(2.70174 0.941654 0)
(2.73458 0.921479 0)
(2.76519 0.896193 0)
(2.80336 0.859991 0)
(2.83582 0.821862 0)
(2.86317 0.781751 0)
(2.89322 0.734324 0)
(2.91315 0.699149 0)
(2.93041 0.671115 0)
(2.97369 0.636114 0)
(3.00477 0.600272 0)
(3.01931 0.568118 0)
(3.02588 0.534914 0)
(3.03261 0.497812 0)
(3.05375 0.480666 0)
(3.06926 0.469184 0)
(3.08229 0.455751 0)
(3.09383 0.438762 0)
(3.10362 0.423009 0)
(3.11182 0.413295 0)
(3.11932 0.406049 0)
(3.12631 0.398801 0)
(3.13254 0.3901 0)
(3.13751 0.378655 0)
(3.14088 0.364108 0)
(3.14287 0.346572 0)
(3.14372 0.327295 0)
(3.14357 0.307709 0)
(3.14203 0.288506 0)
(3.1358 0.267247 0)
(3.12335 0.236016 0)
(3.09968 0.183409 0)
(3.06 0.104634 0)
(3.01793 0.0305907 0)
(3.00153 0.00279298 0)
(3.00002 4.60068e-05 0)
(3 5.98153e-08 0)
(3 -1.23571e-08 0)
(3 -1.28881e-08 0)
(3 -7.87849e-09 0)
(3 -1.94716e-09 0)
(3 -1.21562e-10 0)
(3 -8.24283e-13 0)
(3 3.0055e-13 0)
(3 3.30387e-13 0)
(3 2.54026e-13 0)
(3 9.95151e-14 0)
(3 1.12549e-14 0)
(3 -2.14218e-16 0)
(3 -4.36739e-16 0)
(3 -5.26119e-16 0)
(3 -4.85021e-16 0)
(3 5.40439e-16 0)
(3 5.29588e-16 0)
(3 7.64615e-16 0)
(3 1.1585e-15 0)
(3 1.36766e-15 0)
(3 9.56471e-16 0)
(3 8.52521e-16 0)
(3 7.84767e-16 0)
(3 6.01788e-16 0)
(3 9.83053e-17 0)
(3 -1.31016e-16 0)
(3 3.38712e-16 0)
(3 1.01809e-15 0)
(3 1.51392e-15 0)
(3 1.74016e-15 0)
(3 2.03428e-16 0)
(3 -3.49602e-16 0)
(3 -1.15151e-15 0)
(3 -7.47995e-16 0)
(3 4.3535e-16 0)
(3 7.7407e-16 0)
(3 4.51431e-16 0)
(3 -1.05983e-16 0)
(3 -6.39241e-16 0)
(3 1.56049e-17 0)
(3 1.00102e-15 0)
(3 1.44979e-15 0)
(3 7.55166e-16 0)
(3 1.01224e-15 0)
(3 1.70357e-16 0)
(3 -8.42461e-17 0)
(3 -1.45983e-16 0)
(3 1.50604e-12 0)
(3 1.85415e-09 0)
(3 6.13621e-07 0)
(2.99998 7.04059e-05 0)
(2.99935 0.00215473 0)
(2.99107 0.0251788 0)
(2.95247 0.121379 0)
(2.86448 0.327012 0)
(2.76499 0.556939 0)
(2.70791 0.721271 0)
(2.69657 0.833522 0)
(2.70857 0.870745 0)
(2.7321 0.894813 0)
(2.74783 0.887694 0)
(2.77535 0.874256 0)
(2.80987 0.853341 0)
(2.83818 0.830285 0)
(2.85747 0.811698 0)
(2.88061 0.78604 0)
(2.91116 0.758054 0)
(2.93367 0.738875 0)
(2.95997 0.717724 0)
(2.99098 0.684445 0)
(3.00789 0.651252 0)
(3.01668 0.623589 0)
(3.02799 0.599348 0)
(3.04504 0.580024 0)
(3.0625 0.561723 0)
(3.07761 0.542082 0)
(3.08968 0.52121 0)
(3.09902 0.500574 0)
(3.10656 0.480237 0)
(3.113 0.459321 0)
(3.11844 0.437385 0)
(3.12254 0.414498 0)
(3.12537 0.391076 0)
(3.12728 0.367922 0)
(3.12766 0.345517 0)
(3.1249 0.321738 0)
(3.1193 0.293384 0)
(3.10854 0.254908 0)
(3.09024 0.198784 0)
(3.05973 0.122995 0)
(3.02389 0.0473546 0)
(3.00385 0.00793331 0)
(3.00016 0.000377052 0)
(3 2.99108e-06 0)
(3 -2.2313e-09 0)
(3 -5.77203e-09 0)
(3 -5.58542e-09 0)
(3 -2.71455e-09 0)
(3 -4.63227e-10 0)
(3 -1.59733e-11 0)
(3 5.79963e-14 0)
(3 1.528e-13 0)
(3 1.57809e-13 0)
(3 9.8177e-14 0)
(3 2.71151e-14 0)
(3 1.92523e-15 0)
(3 -1.31917e-17 0)
(3 -7.68426e-16 0)
(3 1.72165e-16 0)
(3 3.70829e-16 0)
(3 -1.71736e-17 0)
(3 -3.3233e-16 0)
(3 -5.58356e-16 0)
(3 1.9816e-16 0)
(3 1.2183e-16 0)
(3 -4.00441e-16 0)
(3 -4.21148e-16 0)
(3 1.79224e-16 0)
(3 1.40643e-15 0)
(3 1.59398e-15 0)
(3 1.05537e-15 0)
(3 1.02779e-15 0)
(3 1.10774e-15 0)
(3 7.51746e-16 0)
(3 2.82183e-16 0)
(3 1.1469e-16 0)
(3 -2.19632e-16 0)
(3 -3.18346e-16 0)
(3 -3.27394e-16 0)
(3 2.49235e-16 0)
(3 4.05355e-17 0)
(3 1.39554e-16 0)
(3 -1.04215e-15 0)
(3 -1.88896e-15 0)
(3 -1.18829e-15 0)
(3 1.23191e-16 0)
(3 3.86293e-16 0)
(3 7.57337e-16 0)
(3 -2.54315e-17 0)
(3 -3.62079e-16 0)
(3 -2.98785e-16 0)
(3 -7.15573e-16 0)
(3 -7.18715e-16 0)
(3 1.25049e-15 0)
(3 7.34249e-14 0)
(3 5.25823e-11 0)
(3 3.48447e-08 0)
(3 4.18193e-06 0)
(2.99996 0.000168812 0)
(2.99924 0.00259118 0)
(2.99283 0.0207316 0)
(2.96546 0.0933127 0)
(2.91645 0.234359 0)
(2.85555 0.422018 0)
(2.81297 0.587857 0)
(2.79765 0.689038 0)
(2.78706 0.755151 0)
(2.80003 0.78666 0)
(2.82174 0.794752 0)
(2.85213 0.78418 0)
(2.86445 0.776583 0)
(2.88165 0.763836 0)
(2.91247 0.742611 0)
(2.93466 0.724254 0)
(2.9561 0.706662 0)
(2.98256 0.679067 0)
(2.99974 0.651331 0)
(3.00991 0.629632 0)
(3.02133 0.610124 0)
(3.03718 0.58945 0)
(3.05377 0.568355 0)
(3.06806 0.546777 0)
(3.07941 0.524266 0)
(3.08804 0.50112 0)
(3.09486 0.477924 0)
(3.09967 0.454373 0)
(3.10231 0.429555 0)
(3.10326 0.402842 0)
(3.10215 0.373452 0)
(3.09854 0.339902 0)
(3.09231 0.299454 0)
(3.08314 0.249287 0)
(3.06785 0.18663 0)
(3.04522 0.114117 0)
(3.0203 0.0482381 0)
(3.00457 0.010915 0)
(3.00036 0.000957201 0)
(3.00001 2.17665e-05 0)
(3 7.69847e-08 0)
(3 -1.98219e-09 0)
(3 -2.53813e-09 0)
(3 -2.1067e-09 0)
(3 -7.73206e-10 0)
(3 -8.56879e-11 0)
(3 -1.52174e-12 0)
(3 5.74049e-14 0)
(3 7.57786e-14 0)
(3 6.75119e-14 0)
(3 3.05577e-14 0)
(3 4.40192e-15 0)
(3 -7.78713e-16 0)
(3 -4.06521e-16 0)
(3 3.93116e-16 0)
(3 8.85736e-16 0)
(3 1.54489e-15 0)
(3 1.66579e-15 0)
(3 8.29212e-16 0)
(3 4.49073e-17 0)
(3 -5.18994e-16 0)
(3 -9.52634e-16 0)
(3 -1.38424e-15 0)
(3 -7.04696e-16 0)
(3 -2.93542e-17 0)
(3 5.46172e-16 0)
(3 1.70589e-15 0)
(3 2.37148e-15 0)
(3 2.20801e-15 0)
(3 1.41308e-15 0)
(3 7.909e-16 0)
(3 2.90696e-16 0)
(3 -4.58106e-16 0)
(3 -2.38562e-16 0)
(3 1.23052e-16 0)
(3 6.14303e-20 0)
(3 -7.46191e-17 0)
(3 4.02663e-17 0)
(3 -1.82566e-16 0)
(3 -2.04235e-16 0)
(3 -6.44347e-16 0)
(3 -1.21102e-15 0)
(3 -1.52234e-15 0)
(3 -9.54183e-16 0)
(3 -7.70749e-16 0)
(3 -8.63311e-16 0)
(3 -4.72356e-16 0)
(3 -7.78708e-16 0)
(3 -7.70517e-16 0)
(3 -2.34186e-15 0)
(3 -4.16329e-16 0)
(3 1.83128e-15 0)
(3 2.64311e-15 0)
(3 5.0953e-15 0)
(3 1.48814e-12 0)
(3 5.77732e-10 0)
(3 8.59086e-08 0)
(3 4.70907e-06 0)
(2.99997 0.000126836 0)
(2.99952 0.00168999 0)
(2.99689 0.0107395 0)
(2.98675 0.0438481 0)
(2.96546 0.118161 0)
(2.93559 0.227485 0)
(2.90308 0.3516 0)
(2.88305 0.46412 0)
(2.87697 0.550528 0)
(2.88079 0.605182 0)
(2.88118 0.640959 0)
(2.89381 0.661015 0)
(2.91285 0.671171 0)
(2.94176 0.66169 0)
(2.95571 0.652509 0)
(2.97432 0.636865 0)
(2.99086 0.615445 0)
(3.0015 0.596956 0)
(3.01252 0.579817 0)
(3.02652 0.561022 0)
(3.04088 0.540061 0)
(3.0528 0.516897 0)
(3.06126 0.491118 0)
(3.06624 0.462382 0)
(3.06829 0.430222 0)
(3.06863 0.394129 0)
(3.0676 0.35354 0)
(3.06436 0.30737 0)
(3.05847 0.254884 0)
(3.04964 0.196457 0)
(3.03782 0.134874 0)
(3.02376 0.07658 0)
(3.01065 0.0318319 0)
(3.00278 0.00812023 0)
(3.00033 0.00100039 0)
(3.00001 4.33357e-05 0)
(3 4.48035e-07 0)
(3 1.5908e-10 0)
(3 -8.42892e-10 0)
(3 -9.70814e-10 0)
(3 -6.47487e-10 0)
(3 -1.7333e-10 0)
(3 -1.15288e-11 0)
(3 -8.55269e-14 0)
(3 2.57498e-14 0)
(3 2.98897e-14 0)
(3 2.32054e-14 0)
(3 1.20972e-14 0)
(3 1.30033e-15 0)
(3 -1.29187e-15 0)
(3 -1.97278e-15 0)
(3 -1.16401e-15 0)
(3 1.02452e-15 0)
(3 1.83511e-15 0)
(3 1.0447e-15 0)
(3 4.76354e-16 0)
(3 2.30289e-16 0)
(3 4.38447e-16 0)
(3 -4.72198e-16 0)
(3 -1.43595e-15 0)
(3 -1.78863e-15 0)
(3 -9.92937e-16 0)
(3 1.98358e-15 0)
(3 2.54178e-15 0)
(3 2.65389e-15 0)
(3 1.49743e-15 0)
(3 1.48222e-15 0)
(3 1.11233e-15 0)
(3 1.03912e-16 0)
(3 -1.16834e-15 0)
(3 -1.81321e-15 0)
(3 -1.82387e-15 0)
(3 -4.32113e-16 0)
(3 4.58634e-16 0)
(3 5.90101e-16 0)
(3 -3.4391e-16 0)
(3 -3.19739e-16 0)
(3 -7.232e-16 0)
(3 -1.53306e-16 0)
(3 -2.67882e-16 0)
(3 -3.68598e-16 0)
(3 1.41773e-16 0)
(3 8.44311e-16 0)
(3 7.42737e-17 0)
(3 -6.48116e-16 0)
(3 -1.19426e-15 0)
(3 -8.34666e-16 0)
(3 -1.18658e-15 0)
(3 -2.54023e-16 0)
(3 1.76522e-15 0)
(3 1.75519e-15 0)
(3 2.07921e-15 0)
(3 2.28362e-15 0)
(3 2.09168e-14 0)
(3 3.1537e-12 0)
(3 6.12901e-10 0)
(3 6.06886e-08 0)
(3 2.47331e-06 0)
(2.99999 4.17997e-05 0)
(2.9999 0.000416504 0)
(2.99937 0.00250354 0)
(2.99735 0.0101417 0)
(2.99196 0.0307446 0)
(2.98246 0.0712206 0)
(2.97103 0.130319 0)
(2.95937 0.197787 0)
(2.94819 0.26838 0)
(2.94345 0.333547 0)
(2.94675 0.385321 0)
(2.95751 0.419272 0)
(2.96538 0.436466 0)
(2.97398 0.44135 0)
(2.98725 0.435614 0)
(2.9926 0.43066 0)
(3.00029 0.421966 0)
(3.01011 0.406951 0)
(3.01994 0.384319 0)
(3.02729 0.354759 0)
(3.03115 0.319084 0)
(3.03185 0.278277 0)
(3.03033 0.23382 0)
(3.02732 0.187402 0)
(3.02302 0.140824 0)
(3.01774 0.0967321 0)
(3.01206 0.0585543 0)
(3.00682 0.0295695 0)
(3.0029 0.0114423 0)
(3.0008 0.00298278 0)
(3.00012 0.000436534 0)
(3.00001 2.81219e-05 0)
(3 5.84338e-07 0)
(3 2.58133e-09 0)
(3 -2.10797e-10 0)
(3 -3.21895e-10 0)
(3 -3.20307e-10 0)
(3 -1.58602e-10 0)
(3 -2.77562e-11 0)
(3 -1.03534e-12 0)
(3 4.54536e-15 0)
(3 1.23846e-14 0)
(3 1.28286e-14 0)
(3 7.4562e-15 0)
(3 2.3219e-15 0)
(3 6.6469e-16 0)
(3 -4.76703e-16 0)
(3 -1.12912e-15 0)
(3 -1.37453e-15 0)
(3 -1.0381e-15 0)
(3 7.09432e-16 0)
(3 4.83737e-16 0)
(3 -1.05832e-15 0)
(3 -1.93209e-15 0)
(3 -7.21013e-16 0)
(3 4.2272e-16 0)
(3 3.74476e-16 0)
(3 -3.85875e-17 0)
(3 -2.16983e-16 0)
(3 4.76974e-16 0)
(3 2.28993e-15 0)
(3 2.38562e-15 0)
(3 2.08626e-15 0)
(3 9.97532e-16 0)
(3 1.59467e-16 0)
(3 1.82591e-16 0)
(3 -5.73899e-17 0)
(3 -6.96318e-16 0)
(3 -1.09058e-15 0)
(3 -1.09078e-15 0)
(3 -9.22604e-16 0)
(3 7.21199e-18 0)
(3 6.01749e-17 0)
(3 -1.59236e-16 0)
(3 -1.21495e-15 0)
(3 -1.62048e-15 0)
(3 -1.66222e-15 0)
(3 -1.00435e-15 0)
(3 -5.50005e-16 0)
(3 -1.21855e-15 0)
(3 -9.20778e-16 0)
(3 -6.67933e-16 0)
(3 -6.72319e-16 0)
(3 -9.98069e-16 0)
(3 -9.87167e-16 0)
(3 2.62384e-16 0)
(3 1.30762e-16 0)
(3 -2.63511e-17 0)
(3 -2.93289e-16 0)
(3 -2.66249e-16 0)
(3 -2.65065e-16 0)
(3 1.04363e-15 0)
(3 1.60157e-15 0)
(3 2.26343e-14 0)
(3 2.25482e-12 0)
(3 2.18274e-10 0)
(3 1.02569e-08 0)
(3 2.65373e-07 0)
(3 3.85927e-06 0)
(2.99999 3.67615e-05 0)
(2.99994 0.000242562 0)
(2.99975 0.00110229 0)
(2.99924 0.00357269 0)
(2.9981 0.00908509 0)
(2.99607 0.0197245 0)
(2.99348 0.036409 0)
(2.9915 0.0569677 0)
(2.9908 0.0774972 0)
(2.99076 0.0948116 0)
(2.99128 0.107575 0)
(2.99393 0.116338 0)
(2.99664 0.119171 0)
(2.99786 0.117989 0)
(3.00038 0.112385 0)
(3.00311 0.100657 0)
(3.0047 0.0841961 0)
(3.00494 0.0656082 0)
(3.00431 0.047479 0)
(3.00334 0.0316696 0)
(3.00233 0.0191351 0)
(3.00142 0.0101793 0)
(3.00073 0.00457303 0)
(3.0003 0.00162926 0)
(3.00008 0.000417815 0)
(3.00001 6.68764e-05 0)
(3 5.51653e-06 0)
(3 1.83747e-07 0)
(3 1.8181e-09 0)
(3 -2.86438e-11 0)
(3 -7.21497e-11 0)
(3 -9.83849e-11 0)
(3 -7.69091e-11 0)
(3 -2.68076e-11 0)
(3 -2.86878e-12 0)
(3 -5.11049e-14 0)
(3 4.94665e-15 0)
(3 5.69381e-15 0)
(3 5.53089e-15 0)
(3 3.49142e-15 0)
(3 2.07002e-15 0)
(3 6.98008e-16 0)
(3 4.29397e-16 0)
(3 5.96261e-16 0)
(3 9.79519e-16 0)
(3 1.00083e-15 0)
(3 7.93549e-16 0)
(3 -1.32097e-16 0)
(3 -4.58789e-16 0)
(3 -8.53508e-16 0)
(3 -1.40381e-15 0)
(3 -1.25806e-15 0)
(3 -4.89557e-16 0)
(3 2.29513e-16 0)
(3 8.40299e-16 0)
(3 3.11183e-16 0)
(3 3.56578e-16 0)
(3 1.30624e-15 0)
(3 1.81621e-15 0)
(3 1.33012e-15 0)
(3 7.99978e-16 0)
(3 3.86124e-16 0)
(3 -5.81564e-16 0)
(3 -4.17296e-16 0)
(3 2.39969e-16 0)
(3 4.64291e-16 0)
(3 -7.42947e-17 0)
(3 -4.13822e-16 0)
(3 -5.6145e-16 0)
(3 -1.06221e-15 0)
(3 -1.78996e-15 0)
(3 -2.5689e-15 0)
(3 -2.81498e-15 0)
(3 -2.59256e-15 0)
(3 -1.64925e-15 0)
(3 -7.15389e-16 0)
(3 -7.08514e-16 0)
(3 -1.13941e-15 0)
(3 -9.46241e-16 0)
(3 -1.13124e-15 0)
(3 -1.37546e-16 0)
(3 -1.25755e-16 0)
(3 6.69211e-16 0)
(3 -5.80663e-16 0)
(3 -1.36844e-15 0)
(3 -1.13403e-15 0)
(3 -9.98792e-16 0)
(3 -8.00694e-16 0)
(3 -3.49843e-16 0)
(3 -2.17856e-17 0)
(3 -5.69868e-16 0)
(3 -2.25495e-16 0)
(3 4.88445e-15 0)
(3 2.99614e-13 0)
(3 9.06174e-12 0)
(3 3.2692e-10 0)
(3 8.16682e-09 0)
(3 1.25582e-07 0)
(3 1.17014e-06 0)
(3 7.1406e-06 0)
(2.99999 3.34314e-05 0)
(2.99998 0.000126527 0)
(2.99994 0.000372787 0)
(2.99987 0.000849537 0)
(2.9998 0.00154645 0)
(2.99972 0.00240402 0)
(2.99966 0.00334045 0)
(2.9997 0.00419172 0)
(2.99981 0.00456655 0)
(2.99984 0.00454882 0)
(2.99993 0.00424936 0)
(3.00004 0.00352115 0)
(3.0001 0.00254172 0)
(3.00009 0.00160531 0)
(3.00007 0.000892399 0)
(3.00004 0.000432819 0)
(3.00002 0.000177986 0)
(3.00001 5.92093e-05 0)
(3 1.48592e-05 0)
(3 2.53103e-06 0)
(3 2.50858e-07 0)
(3 1.18152e-08 0)
(3 2.09613e-10 0)
(3 -1.28621e-13 0)
(3 -8.44831e-12 0)
(3 -1.86816e-11 0)
(3 -2.18251e-11 0)
(3 -1.25632e-11 0)
(3 -2.85274e-12 0)
(3 -1.65781e-13 0)
(3 1.34662e-15 0)
(3 3.02753e-15 0)
(3 1.91384e-15 0)
(3 5.85922e-16 0)
(3 6.05678e-16 0)
(3 1.08573e-15 0)
(3 1.07846e-15 0)
(3 8.29872e-16 0)
(3 8.41791e-16 0)
(3 1.29881e-15 0)
(3 1.36279e-15 0)
(3 1.34637e-15 0)
(3 8.39406e-16 0)
(3 -3.10672e-16 0)
(3 -8.19358e-16 0)
(3 -5.40217e-16 0)
(3 -5.57407e-16 0)
(3 -1.18729e-15 0)
(3 -7.77236e-16 0)
(3 1.00835e-16 0)
(3 8.60195e-16 0)
(3 1.08234e-15 0)
(3 1.20193e-15 0)
(3 1.43711e-15 0)
(3 1.22507e-15 0)
(3 1.39564e-15 0)
(3 1.41685e-15 0)
(3 1.2453e-15 0)
(3 6.04968e-17 0)
(3 4.54435e-17 0)
(3 3.27556e-16 0)
(3 6.345e-16 0)
(3 3.31243e-17 0)
(3 -1.52416e-16 0)
(3 -3.98765e-16 0)
(3 -3.30311e-17 0)
(3 -1.25864e-15 0)
(3 -2.19204e-15 0)
(3 -2.99685e-15 0)
(3 -3.14516e-15 0)
(3 -1.50192e-15 0)
(3 -2.71426e-16 0)
(3 9.59815e-16 0)
(3 7.90842e-16 0)
(3 2.79573e-16 0)
(3 -1.04758e-15 0)
(3 -1.54158e-15 0)
(3 -1.44785e-15 0)
(3 1.3362e-16 0)
(3 -4.82685e-16 0)
(3 -5.81945e-16 0)
(3 -3.82168e-16 0)
(3 -2.09797e-16 0)
(3 -1.23004e-15 0)
(3 -9.56182e-16 0)
(3 -9.15703e-16 0)
(3 -5.7956e-16 0)
(3 -6.96812e-16 0)
(3 -1.17914e-15 0)
(3 -3.28639e-16 0)
(3 8.25473e-16 0)
(3 9.55485e-15 0)
(3 2.38326e-13 0)
(3 3.85369e-12 0)
(3 6.08041e-11 0)
(3 7.4088e-10 0)
(3 6.95092e-09 0)
(3 4.82331e-08 0)
(3 2.34994e-07 0)
(3 8.03702e-07 0)
(3 2.03198e-06 0)
(3 4.22488e-06 0)
(3 7.60142e-06 0)
(3 1.14072e-05 0)
(3 1.30411e-05 0)
(3 1.29679e-05 0)
(3 1.17242e-05 0)
(3 8.76142e-06 0)
(3 5.22956e-06 0)
(3 2.53019e-06 0)
(3 1.00845e-06 0)
(3 3.26211e-07 0)
(3 8.1662e-08 0)
(3 1.46796e-08 0)
(3 1.69817e-09 0)
(3 1.09133e-10 0)
(3 4.38667e-12 0)
(3 8.6883e-14 0)
(3 -4.69728e-13 0)
(3 -1.57257e-12 0)
(3 -3.25837e-12 0)
(3 -2.9097e-12 0)
(3 -1.22209e-12 0)
(3 -1.69474e-13 0)
(3 -6.0146e-15 0)
(3 1.39495e-15 0)
(3 1.0698e-15 0)
(3 7.64466e-16 0)
(3 -5.75008e-16 0)
(3 -1.04889e-15 0)
(3 -1.16119e-15 0)
(3 -5.67456e-16 0)
(3 9.96123e-16 0)
(3 1.28075e-15 0)
(3 1.21339e-15 0)
(3 1.21614e-15 0)
(3 1.2342e-15 0)
(3 1.06001e-15 0)
(3 3.28949e-16 0)
(3 4.8459e-16 0)
(3 9.26231e-16 0)
(3 9.51977e-16 0)
(3 4.70893e-16 0)
(3 2.22753e-16 0)
(3 -1.13639e-16 0)
(3 7.68044e-18 0)
(3 2.53782e-16 0)
(3 9.00896e-16 0)
(3 9.78426e-16 0)
(3 7.74352e-16 0)
(3 4.27904e-16 0)
(3 -3.95778e-16 0)
(3 4.49396e-16 0)
(3 8.15822e-16 0)
(3 1.23984e-15 0)
(3 7.81086e-16 0)
(3 4.81932e-16 0)
(3 4.36965e-16 0)
(3 1.17145e-15 0)
(3 1.29131e-15 0)
(3 1.70735e-15 0)
(3 1.16205e-15 0)
(3 4.84189e-16 0)
(3 -1.21611e-15 0)
(3 -1.14368e-15 0)
(3 -9.62582e-16 0)
(3 -1.21916e-15 0)
(3 -1.08036e-15 0)
(3 -3.11227e-16 0)
(3 1.38916e-15 0)
(3 9.46283e-16 0)
(3 -2.86082e-16 0)
(3 -2.14577e-15 0)
(3 -3.13404e-15 0)
(3 -1.00799e-15 0)
(3 2.15917e-16 0)
(3 6.3474e-16 0)
(3 -1.01239e-15 0)
(3 -1.31822e-15 0)
(3 -8.72934e-16 0)
(3 -1.16077e-15 0)
(3 -1.72455e-15 0)
(3 -9.92868e-16 0)
(3 -7.13379e-16 0)
(3 -8.2314e-17 0)
(3 -7.4774e-18 0)
(3 9.34629e-16 0)
(3 1.5333e-15 0)
(3 1.49016e-15 0)
(3 1.86031e-15 0)
(3 1.98239e-15 0)
(3 1.78174e-14 0)
(3 1.83452e-13 0)
(3 1.33521e-12 0)
(3 7.01027e-12 0)
(3 3.27299e-11 0)
(3 1.16036e-10 0)
(3 3.35932e-10 0)
(3 8.18231e-10 0)
(3 1.46425e-09 0)
(3 1.69875e-09 0)
(3 1.6693e-09 0)
(3 1.42678e-09 0)
(3 9.23544e-10 0)
(3 4.3169e-10 0)
(3 1.50448e-10 0)
(3 4.04888e-11 0)
(3 8.74589e-12 0)
(3 1.79257e-12 0)
(3 2.83005e-13 0)
(3 2.99126e-14 0)
(3 2.59277e-16 0)
(3 -1.33126e-14 0)
(3 -6.71954e-14 0)
(3 -2.25954e-13 0)
(3 -3.49874e-13 0)
(3 -2.57082e-13 0)
(3 -6.96843e-14 0)
(3 -6.53692e-15 0)
(3 -1.8317e-15 0)
(3 -5.64274e-16 0)
(3 -2.81173e-16 0)
(3 -7.12166e-16 0)
(3 -9.6397e-16 0)
(3 -5.42881e-16 0)
(3 2.93412e-16 0)
(3 -4.17468e-17 0)
(3 -4.67723e-16 0)
(3 -3.77059e-17 0)
(3 7.21346e-16 0)
(3 1.00087e-15 0)
(3 7.41616e-16 0)
(3 3.01957e-16 0)
(3 4.89786e-18 0)
(3 -1.50305e-16 0)
(3 8.23046e-16 0)
(3 1.74414e-15 0)
(3 1.80346e-15 0)
(3 1.17752e-15 0)
(3 5.73307e-16 0)
(3 2.77454e-16 0)
(3 -2.94604e-16 0)
(3 -6.71843e-16 0)
(3 -2.79495e-17 0)
(3 8.17514e-16 0)
(3 1.00447e-15 0)
(3 1.00923e-15 0)
(3 6.31524e-16 0)
(3 -1.90663e-16 0)
(3 -6.3473e-16 0)
(3 3.92263e-16 0)
(3 1.24449e-16 0)
(3 -1.19096e-16 0)
(3 5.83963e-18 0)
(3 2.46105e-16 0)
(3 4.3066e-16 0)
(3 3.75817e-16 0)
(3 3.02019e-16 0)
(3 -6.63765e-17 0)
(3 -1.77873e-16 0)
(3 1.24254e-15 0)
(3 1.34143e-15 0)
(3 -1.28301e-15 0)
(3 -2.67213e-15 0)
(3 -2.6402e-15 0)
(3 -1.44132e-15 0)
(3 -3.81443e-16 0)
(3 -4.9988e-17 0)
(3 1.82305e-16 0)
(3 -1.6306e-15 0)
(3 -9.63232e-16 0)
(3 -4.86607e-16 0)
(3 -7.84774e-16 0)
(3 -1.6043e-15 0)
(3 -1.80296e-15 0)
(3 -1.91342e-15 0)
(3 -2.37093e-15 0)
(3 -2.64506e-15 0)
(3 -1.96546e-15 0)
(3 -1.59291e-15 0)
(3 1.74707e-16 0)
(3 8.87475e-16 0)
(3 1.04629e-15 0)
(3 1.49892e-15 0)
(3 1.22852e-15 0)
(3 1.05654e-15 0)
(3 1.38288e-15 0)
(3 1.53338e-15 0)
(3 1.17206e-15 0)
(3 -8.38946e-16 0)
(3 -1.90393e-15 0)
(3 -9.39193e-16 0)
(3 2.77335e-15 0)
(3 1.09606e-14 0)
(3 2.15384e-14 0)
(3 3.33637e-14 0)
(3 3.62238e-14 0)
(3 3.53393e-14 0)
(3 2.81945e-14 0)
(3 1.56072e-14 0)
(3 6.61824e-15 0)
(3 1.7042e-15 0)
(3 9.28195e-16 0)
(3 1.04498e-15 0)
(3 1.4594e-15 0)
(3 2.28602e-15 0)
(3 7.28664e-16 0)
(3 -1.48504e-15 0)
(3 -7.43794e-15 0)
(3 -1.85344e-14 0)
(3 -2.22944e-14 0)
(3 -1.24392e-14 0)
(3 -2.60567e-15 0)
(3 1.2736e-15 0)
(3 7.67122e-16 0)
(3 -3.26224e-17 0)
(3 -9.34981e-16 0)
(3 -1.51379e-15 0)
(3 -1.48943e-15 0)
(3 -8.79986e-16 0)
(3 7.83688e-16 0)
(3 4.54405e-16 0)
(3 -2.39719e-16 0)
(3 -4.72295e-16 0)
(3 -5.6545e-16 0)
(3 -3.22308e-16 0)
(3 -9.72006e-16 0)
(3 -6.32755e-16 0)
(3 -1.51951e-15 0)
(3 -1.72278e-15 0)
(3 -4.90791e-16 0)
(3 -5.92537e-17 0)
(3 1.10478e-16 0)
(3 -1.215e-16 0)
(3 -1.66388e-17 0)
(3 3.66664e-16 0)
(3 1.13628e-15 0)
(3 1.48401e-15 0)
(3 5.98741e-16 0)
(3 1.93966e-16 0)
(3 1.63302e-17 0)
(3 6.95191e-16 0)
(3 1.46418e-15 0)
(3 1.86318e-15 0)
(3 -1.20966e-16 0)
(3 -3.7295e-16 0)
(3 -4.05929e-16 0)
(3 1.27031e-16 0)
(3 5.32203e-17 0)
(3 -9.50617e-17 0)
(3 -3.22062e-16 0)
(3 -5.01338e-16 0)
(3 -2.1832e-16 0)
(3 -1.07356e-16 0)
(3 1.05581e-16 0)
(3 2.02167e-15 0)
(3 2.51641e-15 0)
(3 1.68017e-15 0)
(3 -6.24726e-17 0)
(3 -9.35598e-16 0)
(3 -1.7474e-15 0)
(3 -2.60187e-15 0)
(3 -2.57536e-15 0)
(3 -1.70446e-15 0)
(3 -1.84423e-15 0)
(3 -1.81855e-15 0)
(3 -3.2244e-16 0)
(3 -1.14938e-15 0)
(3 -2.03606e-15 0)
(3 -1.72007e-15 0)
(3 -2.04194e-15 0)
(3 -2.78204e-15 0)
(3 -2.82811e-15 0)
(3 -2.44676e-15 0)
(3 -2.20432e-15 0)
(3 -1.60582e-15 0)
(3 -7.08653e-16 0)
(3 5.22229e-16 0)
(3 8.33195e-16 0)
(3 9.41697e-16 0)
(3 1.28441e-15 0)
(3 7.67213e-16 0)
(3 1.16511e-15 0)
(3 1.4314e-15 0)
(3 6.88979e-16 0)
(3 -1.4399e-15 0)
(3 -2.29633e-15 0)
(3 -1.71762e-15 0)
(3 -5.34059e-16 0)
(3 6.25011e-16 0)
(3 2.14801e-15 0)
(3 2.13821e-15 0)
(3 2.17369e-15 0)
(3 1.73971e-15 0)
(3 -1.40185e-16 0)
(3 -1.39936e-15 0)
(3 -1.12201e-15 0)
(3 -2.89937e-16 0)
(3 6.31937e-16 0)
(3 1.31399e-15 0)
(3 2.29997e-15 0)
(3 2.06099e-15 0)
(3 7.91792e-16 0)
(3 1.06538e-16 0)
(3 6.30394e-17 0)
(3 6.95467e-16 0)
(3 3.98463e-16 0)
(3 -2.14998e-16 0)
(3 -4.60091e-16 0)
(3 -5.55862e-17 0)
(3 4.47365e-16 0)
(3 7.59957e-16 0)
(3 -1.11955e-15 0)
(3 -1.59008e-15 0)
(3 -1.46675e-15 0)
(3 -7.05824e-16 0)
(3 6.50244e-16 0)
(3 4.5579e-16 0)
(3 -4.95927e-16 0)
(3 -1.02906e-15 0)
(3 -1.55042e-15 0)
(3 -9.19938e-16 0)
(3 -1.53029e-16 0)
(3 2.19128e-16 0)
(3 6.0181e-16 0)
(3 4.8557e-16 0)
(3 4.82268e-16 0)
(3 -1.08894e-17 0)
(3 -7.82713e-16 0)
(3 -4.49704e-16 0)
(3 -2.76637e-18 0)
(3 1.24247e-15 0)
(3 1.43827e-15 0)
(3 1.47251e-15 0)
(3 1.79761e-15 0)
(3 1.22964e-15 0)
(3 4.84019e-16 0)
(3 4.66915e-16 0)
(3 5.56291e-16 0)
(3 1.17577e-15 0)
(3 1.25671e-15 0)
(3 1.25187e-15 0)
(3 1.62866e-15 0)
(3 2.22236e-15 0)
(3 2.02563e-15 0)
(3 6.97164e-16 0)
(3 7.24164e-17 0)
(3 6.89711e-16 0)
(3 8.85574e-16 0)
(3 7.30843e-16 0)
(3 9.0924e-16 0)
(3 1.09547e-15 0)
(3 2.16445e-15 0)
(3 1.44564e-15 0)
(3 4.86246e-16 0)
(3 -1.03291e-16 0)
(3 -7.14008e-16 0)
(3 -1.8385e-15 0)
(3 -3.25556e-15 0)
(3 -3.43308e-15 0)
(3 -3.96108e-15 0)
(3 -2.41064e-15 0)
(3 -3.7746e-17 0)
(3 -1.37621e-15 0)
(3 -1.67662e-15 0)
(3 -1.66608e-15 0)
(3 -2.47121e-15 0)
(3 -2.6078e-15 0)
(3 -4.2262e-15 0)
(3 -4.37324e-15 0)
(3 -4.24235e-15 0)
(3 -2.72211e-15 0)
(3 -2.30165e-16 0)
(3 8.95387e-16 0)
(3 1.13186e-15 0)
(3 1.23058e-15 0)
(3 1.20439e-15 0)
(3 9.03398e-16 0)
(3 1.01113e-15 0)
(3 1.53384e-15 0)
(3 1.04587e-15 0)
(3 -1.14618e-16 0)
(3 -7.70431e-16 0)
(3 -6.59362e-16 0)
(3 -1.0673e-16 0)
(3 -5.7955e-16 0)
(3 -4.07585e-16 0)
(3 1.56627e-15 0)
(3 2.65873e-15 0)
(3 2.41361e-15 0)
(3 1.66001e-15 0)
(3 4.53096e-16 0)
(3 -1.25957e-16 0)
(3 -6.64135e-16 0)
(3 2.81941e-16 0)
(3 1.39171e-15 0)
(3 2.73127e-15 0)
(3 2.42526e-15 0)
(3 3.15956e-16 0)
(3 2.02177e-16 0)
(3 5.72712e-16 0)
(3 1.01312e-15 0)
(3 -3.23211e-18 0)
(3 -7.39931e-16 0)
(3 -1.30074e-15 0)
(3 -1.4126e-15 0)
(3 -6.09844e-16 0)
(3 3.71433e-16 0)
(3 -4.74549e-16 0)
(3 -1.02787e-15 0)
(3 -1.22957e-15 0)
(3 -8.8116e-16 0)
(3 -9.54399e-16 0)
(3 -7.38502e-16 0)
(3 -1.02021e-15 0)
(3 -1.61606e-15 0)
(3 -2.10373e-15 0)
(3 -2.11215e-15 0)
(3 -1.49193e-15 0)
(3 -1.06503e-15 0)
(3 5.68899e-16 0)
(3 9.81012e-16 0)
(3 8.24618e-17 0)
(3 -1.04825e-15 0)
(3 -1.29127e-15 0)
(3 -3.02061e-16 0)
(3 1.50884e-16 0)
(3 6.10997e-16 0)
(3 7.27399e-16 0)
(3 1.07239e-15 0)
(3 1.59415e-15 0)
(3 2.07882e-15 0)
(3 1.65145e-15 0)
(3 1.15832e-15 0)
(3 3.00733e-16 0)
(3 9.91662e-17 0)
(3 5.01264e-16 0)
(3 2.29943e-15 0)
(3 3.33729e-15 0)
(3 3.49532e-15 0)
(3 2.6652e-15 0)
(3 1.42658e-15 0)
(3 1.42077e-16 0)
(3 -1.62042e-16 0)
(3 3.19527e-17 0)
(3 -2.32232e-16 0)
(3 1.12475e-15 0)
(3 5.24949e-16 0)
(3 6.71256e-16 0)
(3 6.87029e-16 0)
(3 2.8074e-16 0)
(3 -6.43782e-16 0)
(3 -1.12147e-15 0)
(3 -6.13333e-16 0)
(3 -2.01516e-15 0)
(3 -3.69843e-15 0)
(3 -3.34717e-15 0)
(3 -2.44854e-15 0)
(3 -1.32402e-15 0)
(3 -7.83734e-16 0)
(3 -8.34073e-16 0)
(3 -1.78673e-15 0)
(3 -3.01618e-15 0)
(3 -3.15204e-15 0)
(3 -2.59197e-15 0)
(3 -1.79235e-15 0)
(3 -1.02979e-15 0)
(3 -6.69903e-16 0)
(3 1.81937e-16 0)
(3 4.81754e-16 0)
(3 8.10556e-16 0)
(3 9.96822e-16 0)
(3 -7.43048e-17 0)
(3 5.44054e-16 0)
(3 1.8249e-15 0)
(3 2.51471e-15 0)
(3 2.666e-15 0)
(3 1.51198e-15 0)
(3 1.99986e-16 0)
(3 -2.53935e-17 0)
(3 -2.39854e-16 0)
(3 -4.1812e-16 0)
(3 -7.95386e-16 0)
(3 2.09604e-16 0)
(3 1.78727e-15 0)
(3 2.27769e-15 0)
(3 9.293e-16 0)
(3 -5.5758e-16 0)
(3 -1.49271e-15 0)
(3 -6.90676e-16 0)
(3 -5.57824e-16 0)
(3 -6.67195e-16 0)
(3 -4.02065e-16 0)
(3 4.41609e-16 0)
(3 7.57527e-16 0)
(3 2.13885e-16 0)
(3 6.62704e-16 0)
(3 4.52794e-16 0)
(3 1.93165e-16 0)
(3 -1.45646e-15 0)
(3 -1.57017e-15 0)
(3 -1.124e-15 0)
(3 -6.4028e-16 0)
(3 -2.5095e-16 0)
(3 -4.07428e-16 0)
(3 -7.32856e-16 0)
(3 -1.2517e-15 0)
(3 -1.42117e-15 0)
(3 -1.91989e-15 0)
(3 -2.18139e-15 0)
(3 -1.26294e-15 0)
(3 -1.18088e-15 0)
(3 -1.42762e-15 0)
(3 -2.20367e-15 0)
(3 -1.73842e-15 0)
(3 -6.2499e-16 0)
(3 -6.86177e-17 0)
(3 2.36913e-16 0)
(3 -8.78169e-16 0)
(3 -1.1848e-15 0)
(3 -3.4432e-16 0)
(3 -1.63032e-16 0)
(3 2.10767e-17 0)
(3 -1.90189e-16 0)
(3 2.3119e-16 0)
(3 9.26017e-16 0)
(3 8.94653e-16 0)
(3 1.23766e-15 0)
(3 9.94521e-16 0)
(3 7.04943e-16 0)
(3 -3.14947e-16 0)
(3 -1.40059e-15 0)
(3 -4.61215e-16 0)
(3 1.28519e-15 0)
(3 1.8255e-15 0)
(3 1.52616e-15 0)
(3 1.94807e-15 0)
(3 1.82427e-15 0)
(3 1.17668e-15 0)
(3 3.71236e-16 0)
(3 -3.03714e-16 0)
(3 -6.29148e-16 0)
(3 -2.27459e-16 0)
(3 -1.61001e-17 0)
(3 7.26279e-17 0)
(3 -6.31829e-17 0)
(3 -3.45022e-16 0)
(3 -4.97683e-16 0)
(3 -7.51229e-16 0)
(3 3.49223e-16 0)
(3 2.56222e-16 0)
(3 -1.77558e-16 0)
(3 -4.89514e-16 0)
(3 -1.36893e-15 0)
(3 -5.18389e-16 0)
(3 -6.10041e-16 0)
(3 -6.54119e-16 0)
(3 -1.31028e-15 0)
(3 -2.48296e-15 0)
(3 -2.75558e-15 0)
(3 -1.69579e-15 0)
(3 -1.59762e-15 0)
(3 -9.59936e-16 0)
(3 -4.01504e-16 0)
(3 -1.71461e-16 0)
(3 -4.82186e-16 0)
(3 6.84528e-16 0)
(3 7.32304e-16 0)
(3 4.09172e-16 0)
(3 5.27879e-16 0)
(3 5.43597e-16 0)
(3 7.02556e-16 0)
(3 3.79122e-16 0)
(3 -5.67096e-17 0)
(3 -3.92186e-16 0)
(3 -6.52296e-16 0)
(3 -6.13282e-16 0)
(3 -2.11748e-16 0)
(3 -2.54252e-16 0)
(3 -5.11056e-17 0)
(3 4.67574e-16 0)
(3 9.51625e-16 0)
(3 6.30694e-16 0)
(3 1.9041e-16 0)
(3 5.78219e-17 0)
(3 9.07274e-16 0)
(3 4.81314e-16 0)
(3 -7.24922e-16 0)
(3 -8.04955e-16 0)
(3 -3.80056e-16 0)
(3 7.24815e-17 0)
(3 3.53871e-16 0)
(3 4.08067e-16 0)
(3 1.18186e-16 0)
(3 2.38857e-17 0)
(3 -6.00889e-16 0)
(3 -1.12538e-15 0)
(3 -1.03166e-15 0)
(3 -4.55853e-16 0)
(3 -3.61752e-16 0)
(3 -2.66281e-16 0)
(3 -2.41378e-16 0)
(3 -1.69715e-16 0)
(3 -4.00253e-16 0)
(3 -8.65508e-16 0)
(3 -1.04437e-15 0)
(3 -8.53084e-16 0)
(3 -1.78704e-15 0)
(3 -2.29437e-15 0)
(3 -2.1565e-15 0)
(3 -1.35953e-15 0)
(3 2.67806e-17 0)
(3 4.60614e-17 0)
(3 -2.29179e-16 0)
(3 -3.65858e-16 0)
(3 -4.91255e-16 0)
(3 -1.97273e-16 0)
(3 1.04059e-16 0)
(3 -2.9439e-17 0)
(3 4.85431e-16 0)
(3 9.69607e-16 0)
(3 7.83551e-16 0)
(3 6.63986e-16 0)
(3 1.93499e-15 0)
(3 1.70096e-15 0)
(3 1.18641e-15 0)
(3 2.91075e-16 0)
(3 -3.22295e-16 0)
(3 -1.93004e-16 0)
(3 5.50457e-16 0)
(3 6.92841e-16 0)
(3 3.26718e-16 0)
(3 1.32137e-15 0)
(3 1.08357e-15 0)
(3 7.27168e-16 0)
(3 8.00711e-16 0)
(3 5.79689e-16 0)
(3 -3.87586e-17 0)
(3 -2.17996e-16 0)
(3 -6.15159e-16 0)
(3 -4.47688e-16 0)
(3 -6.05351e-16 0)
(3 -7.61132e-16 0)
(3 -1.59643e-15 0)
(3 -1.90776e-15 0)
(3 -1.84287e-15 0)
(3 -1.36625e-15 0)
(3 -2.93724e-16 0)
(3 3.82651e-17 0)
(3 -3.12291e-16 0)
)
;

boundaryField
{
    inlet
    {
        type            fixedValue;
        value           uniform (3 0 0);
    }
    outlet
    {
        type            inletOutlet;
        inletValue      uniform (3 0 0);
        value           nonuniform List<vector> 
32
(
(3 -1.26217e-15 0)
(3 -1.90343e-15 0)
(3 -2.20798e-15 0)
(3 -1.95512e-15 0)
(3 -1.95249e-15 0)
(3 -4.30899e-16 0)
(3 9.51693e-16 0)
(3 8.78903e-16 0)
(3 6.27956e-16 0)
(3 1.27028e-16 0)
(3 -1.49168e-15 0)
(3 -2.10332e-15 0)
(3 -6.56223e-16 0)
(3 1.32756e-17 0)
(3 -4.64628e-17 0)
(3 -4.23468e-16 0)
(3 6.37847e-16 0)
(3 1.16441e-15 0)
(3 1.70357e-16 0)
(3 -2.98785e-16 0)
(3 -7.70517e-16 0)
(3 -8.34666e-16 0)
(3 -9.87167e-16 0)
(3 -1.25755e-16 0)
(3 -1.44785e-15 0)
(3 -3.13404e-15 0)
(3 -1.6306e-15 0)
(3 -1.81855e-15 0)
(3 -2.41064e-15 0)
(3 -2.44854e-15 0)
(3 -1.36893e-15 0)
(3 -3.12291e-16 0)
)
;
    }
    bottom
    {
        type            symmetryPlane;
    }
    top
    {
        type            symmetryPlane;
    }
    obstacle
    {
        type            slip;
    }
    defaultFaces
    {
        type            empty;
    }
}


// ************************************************************************* //
