/*--------------------------------*- C++ -*----------------------------------*\
  =========                 |
  \\      /  F ield         | OpenFOAM: The Open Source CFD Toolbox
   \\    /   O peration     | Website:  https://openfoam.org
    \\  /    A nd           | Version:  7
     \\/     M anipulation  |
\*---------------------------------------------------------------------------*/
FoamFile
{
    version     2.0;
    format      ascii;
    class       volVectorField;
    location    "3.6";
    object      U;
}
// * * * * * * * * * * * * * * * * * * * * * * * * * * * * * * * * * * * * * //

dimensions      [0 1 -1 0 0 0 0];

internalField   nonuniform List<vector> 
4032
(
(3 -1.10042e-16 0)
(3 -1.66602e-16 0)
(3 2.3323e-17 0)
(3 5.41587e-17 0)
(3 -1.92292e-17 0)
(3 -5.33779e-17 0)
(3 -1.0941e-16 0)
(3 6.7416e-17 0)
(3 1.73564e-16 0)
(3 5.72634e-17 0)
(3 3.11981e-16 0)
(2.94322 0.00259408 0)
(1.0138 0.0174968 0)
(0.705858 0.0194963 0)
(0.652179 0.0236322 0)
(0.591832 0.0250288 0)
(0.531908 0.0262327 0)
(0.470272 0.0275185 0)
(0.406915 0.0289814 0)
(0.341128 0.0308875 0)
(0.272441 0.0329379 0)
(0.200112 0.0355081 0)
(0.123746 0.0372492 0)
(0.0455212 0.0415122 0)
(3 -3.70185e-16 0)
(3 -3.95929e-16 0)
(3 -2.61664e-16 0)
(3 -2.86679e-16 0)
(3 -2.37455e-16 0)
(3 -4.73595e-16 0)
(3 -5.28811e-16 0)
(3 -3.62756e-16 0)
(3 -3.6296e-16 0)
(3 -4.40975e-16 0)
(3 7.24795e-16 0)
(2.9522 0.0219996 0)
(1.02334 0.0790098 0)
(0.697539 0.0684416 0)
(0.644303 0.0722767 0)
(0.586667 0.0773977 0)
(0.527863 0.0821422 0)
(0.466242 0.0870241 0)
(0.401908 0.0920147 0)
(0.334716 0.0978247 0)
(0.264859 0.103525 0)
(0.192387 0.110683 0)
(0.116953 0.115234 0)
(0.0421035 0.12552 0)
(3 -6.538e-17 0)
(3 -1.96648e-16 0)
(3 -3.98343e-16 0)
(3 -9.5314e-16 0)
(3 -6.33773e-16 0)
(3 -6.67664e-16 0)
(3 -4.96548e-16 0)
(3 -1.30225e-16 0)
(3 2.23081e-16 0)
(3 6.34224e-16 0)
(3 8.54407e-16 0)
(2.99208 0.0110668 0)
(1.07027 0.137215 0)
(0.723118 0.111877 0)
(0.668902 0.119005 0)
(0.609578 0.127794 0)
(0.5493 0.136323 0)
(0.486695 0.145399 0)
(0.421143 0.154659 0)
(0.352227 0.164989 0)
(0.279662 0.174541 0)
(0.203721 0.186195 0)
(0.123353 0.192912 0)
(0.0445193 0.207013 0)
(3 1.69581e-16 0)
(3 2.67583e-17 0)
(3 -4.44736e-17 0)
(3 1.10175e-16 0)
(3 1.96169e-16 0)
(3 4.95695e-16 0)
(3 9.08888e-16 0)
(3 1.1124e-15 0)
(3 1.3763e-15 0)
(3 1.27848e-15 0)
(3 8.62189e-16 0)
(3.00163 0.000982855 0)
(1.15859 0.177053 0)
(0.738348 0.153335 0)
(0.683797 0.167625 0)
(0.626349 0.179937 0)
(0.567077 0.19157 0)
(0.505402 0.204881 0)
(0.439765 0.219184 0)
(0.369536 0.235576 0)
(0.294187 0.250642 0)
(0.215241 0.268358 0)
(0.130545 0.278663 0)
(0.0463026 0.295986 0)
(3 4.42085e-17 0)
(3 2.36229e-16 0)
(3 2.19037e-16 0)
(3 3.79689e-16 0)
(3 3.06161e-16 0)
(3 5.87856e-16 0)
(3 5.19536e-16 0)
(3 3.01391e-16 0)
(3 6.73389e-16 0)
(3 7.6546e-16 0)
(3 6.35503e-16 0)
(3.00004 2.09566e-06 0)
(1.29073 0.226598 0)
(0.748335 0.199088 0)
(0.685775 0.214509 0)
(0.632357 0.230204 0)
(0.577009 0.245106 0)
(0.520196 0.26322 0)
(0.459387 0.283388 0)
(0.394159 0.306758 0)
(0.322134 0.327677 0)
(0.24422 0.352418 0)
(0.15301 0.370533 0)
(0.0575814 0.395806 0)
(3 -5.22617e-17 0)
(3 4.97631e-17 0)
(3 3.28742e-16 0)
(3 1.47094e-16 0)
(3 2.73934e-16 0)
(3 3.34348e-16 0)
(3 8.36366e-17 0)
(3 3.10463e-16 0)
(3 5.39264e-16 0)
(3 5.00242e-16 0)
(3 2.02957e-16 0)
(3 -2.76198e-09 0)
(1.49577 0.276451 0)
(0.769789 0.253385 0)
(0.688228 0.26134 0)
(0.636795 0.276901 0)
(0.585957 0.293555 0)
(0.536619 0.315698 0)
(0.48362 0.341646 0)
(0.424773 0.374056 0)
(0.352788 0.407046 0)
(0.269567 0.447406 0)
(0.168923 0.483563 0)
(0.057421 0.518909 0)
(3 -1.09025e-16 0)
(3 -2.02341e-16 0)
(3 -8.29639e-17 0)
(3 -3.11954e-17 0)
(3 -1.07365e-16 0)
(3 -3.93841e-16 0)
(3 4.26977e-17 0)
(3 8.12137e-16 0)
(3 5.18293e-16 0)
(3 -1.58112e-16 0)
(3 -4.75758e-16 0)
(3 -1.37133e-09 0)
(1.79388 0.328322 0)
(0.805484 0.323165 0)
(0.693286 0.31493 0)
(0.639226 0.324974 0)
(0.58934 0.340149 0)
(0.545002 0.364442 0)
(0.49943 0.396335 0)
(0.452291 0.439901 0)
(0.393642 0.488661 0)
(0.325684 0.543568 0)
(0.234535 0.598331 0)
(0.102198 0.663297 0)
(3 -9.44586e-17 0)
(3 -5.03835e-16 0)
(3 -6.51045e-16 0)
(3 -4.44265e-16 0)
(3 -4.38336e-16 0)
(3 -5.9072e-16 0)
(3 -1.53363e-16 0)
(3 -3.41657e-17 0)
(3 -3.43246e-16 0)
(3 -5.61207e-16 0)
(3 -1.42954e-16 0)
(3 -2.37232e-10 0)
(2.23137 0.353836 0)
(0.87713 0.409429 0)
(0.728398 0.376138 0)
(0.67458 0.380817 0)
(0.622062 0.390326 0)
(0.576624 0.412207 0)
(0.534084 0.446061 0)
(0.495494 0.495073 0)
(0.451079 0.555647 0)
(0.390963 0.640003 0)
(0.273165 0.759945 0)
(0.152129 0.927482 0)
(3 4.90344e-17 0)
(3 -3.66705e-17 0)
(3 2.64938e-17 0)
(3 2.17532e-17 0)
(3 -1.69103e-17 0)
(3 -2.36303e-16 0)
(3 -7.67839e-17 0)
(3 -3.87998e-18 0)
(3 -1.68107e-16 0)
(3 -5.71794e-16 0)
(3 3.35444e-16 0)
(3 -1.90832e-11 0)
(2.81918 0.229161 0)
(1.03804 0.476054 0)
(0.821251 0.411118 0)
(0.764158 0.42172 0)
(0.699248 0.437644 0)
(0.642375 0.459253 0)
(0.595557 0.492108 0)
(0.557395 0.543308 0)
(0.523146 0.620157 0)
(0.491342 0.746822 0)
(0.461009 0.922397 0)
(0.576315 1.20422 0)
(3 4.97375e-17 0)
(3 2.86663e-16 0)
(3 -5.40444e-17 0)
(3 -1.18816e-16 0)
(3 -1.50359e-16 0)
(3 4.61002e-17 0)
(3 -1.59257e-17 0)
(3 -6.82364e-17 0)
(3 2.41736e-16 0)
(3 3.05799e-16 0)
(3 1.34746e-15 0)
(3 -5.01179e-13 0)
(3.05838 0.0201938 0)
(1.2654 0.460633 0)
(0.881589 0.4618 0)
(0.839159 0.490635 0)
(0.780546 0.501012 0)
(0.723155 0.516681 0)
(0.674031 0.544578 0)
(0.634149 0.592984 0)
(0.615812 0.675876 0)
(0.616932 0.811624 0)
(0.681956 0.963081 0)
(0.967621 1.13848 0)
(3 -2.91271e-17 0)
(3 -8.60628e-17 0)
(3 -7.15451e-16 0)
(3 -9.81597e-16 0)
(3 -8.66461e-16 0)
(3 -1.26263e-17 0)
(3 2.81149e-16 0)
(3 -9.99745e-17 0)
(3 -1.90718e-16 0)
(3 6.16241e-16 0)
(3 1.4428e-15 0)
(3 -9.92861e-15 0)
(3.00333 5.04176e-06 0)
(1.52264 0.46287 0)
(0.876831 0.517555 0)
(0.834852 0.541592 0)
(0.804096 0.562724 0)
(0.773582 0.58037 0)
(0.743287 0.605447 0)
(0.716146 0.6436 0)
(0.716544 0.713901 0)
(0.743854 0.828255 0)
(0.867198 0.954495 0)
(1.17638 1.06322 0)
(3 7.58099e-17 0)
(3 6.67595e-17 0)
(3 -6.47568e-17 0)
(3 -3.64915e-16 0)
(3 -2.67648e-16 0)
(3 1.98029e-17 0)
(3 -4.07581e-17 0)
(3 -4.46547e-16 0)
(3 -2.70303e-16 0)
(3 -3.34863e-16 0)
(3 -3.18623e-16 0)
(3 -6.00755e-16 0)
(3.00001 -5.99792e-07 0)
(2.11083 0.485527 0)
(0.942724 0.583228 0)
(0.859636 0.560115 0)
(0.85113 0.585765 0)
(0.833483 0.613386 0)
(0.819426 0.645664 0)
(0.80646 0.680835 0)
(0.816457 0.741444 0)
(0.864176 0.829886 0)
(1.00763 0.932675 0)
(1.27185 1.00382 0)
(3 2.89619e-16 0)
(3 4.84945e-16 0)
(3 3.87398e-16 0)
(3 5.09102e-16 0)
(3 8.6841e-16 0)
(3 2.77468e-16 0)
(3 -3.09534e-16 0)
(3 -7.7388e-16 0)
(3 -8.2829e-16 0)
(3 -6.78743e-16 0)
(3 -6.39318e-16 0)
(3 -4.54399e-16 0)
(3 -6.77915e-07 0)
(2.91764 0.22861 0)
(1.15106 0.619733 0)
(0.935753 0.566012 0)
(0.922186 0.605626 0)
(0.903819 0.638857 0)
(0.895171 0.676021 0)
(0.895185 0.713245 0)
(0.911013 0.762369 0)
(0.970055 0.82676 0)
(1.10576 0.898576 0)
(1.31436 0.942579 0)
(3 -2.97992e-17 0)
(3 3.64577e-16 0)
(3 6.05078e-16 0)
(3 8.56706e-16 0)
(3 9.27912e-16 0)
(3 7.02344e-16 0)
(3 2.01359e-16 0)
(3 -2.41488e-16 0)
(3 -6.77327e-16 0)
(3 -3.99869e-16 0)
(3 3.82721e-16 0)
(3 1.05606e-16 0)
(3 -1.39794e-07 0)
(3.05496 0.0104843 0)
(1.45147 0.60292 0)
(0.98106 0.647339 0)
(0.941092 0.652598 0)
(0.931492 0.677623 0)
(0.941053 0.709774 0)
(0.960436 0.746329 0)
(0.993841 0.786032 0)
(1.06129 0.832656 0)
(1.18216 0.880304 0)
(1.34823 0.904685 0)
(3 -1.62536e-16 0)
(3 -3.51512e-17 0)
(3 7.13025e-16 0)
(3 8.60111e-16 0)
(3 2.01313e-16 0)
(3 -7.36777e-17 0)
(3 -1.05436e-16 0)
(3 -3.10471e-16 0)
(3 1.08094e-16 0)
(3 6.85432e-16 0)
(3 7.81716e-16 0)
(3 4.03399e-16 0)
(3 -1.21541e-08 0)
(3.00156 2.97342e-06 0)
(2.08021 0.587636 0)
(1.04918 0.716571 0)
(0.99166 0.68237 0)
(0.983089 0.689256 0)
(0.994712 0.714671 0)
(1.01953 0.751037 0)
(1.06422 0.78976 0)
(1.1347 0.828022 0)
(1.238 0.859155 0)
(1.37119 0.871354 0)
(3 -8.00577e-17 0)
(3 -7.51922e-16 0)
(3 -6.14993e-16 0)
(3 -7.30531e-16 0)
(3 -1.40114e-15 0)
(3 -1.54697e-15 0)
(3 -1.36135e-15 0)
(3 -4.80252e-16 0)
(3 5.03473e-16 0)
(3 8.26243e-16 0)
(3 7.31657e-16 0)
(3 7.96567e-16 0)
(3 -1.26103e-10 0)
(3.00002 -5.57389e-06 0)
(3.01612 0.173817 0)
(1.3068 0.685572 0)
(1.07123 0.701492 0)
(1.07086 0.707345 0)
(1.07262 0.735565 0)
(1.08584 0.766236 0)
(1.12574 0.801012 0)
(1.19286 0.832469 0)
(1.28142 0.853748 0)
(1.39348 0.859649 0)
(3 -1.83675e-16 0)
(3 -4.95141e-16 0)
(3 -8.65593e-16 0)
(3 -1.06514e-15 0)
(3 -1.16651e-15 0)
(3 -9.99045e-16 0)
(3 -7.71195e-16 0)
(3 -3.93797e-16 0)
(3 1.74852e-16 0)
(3 2.53096e-16 0)
(3 5.93938e-16 0)
(3 1.64532e-15 0)
(3 -2.09806e-13 0)
(3 -1.61408e-06 0)
(3.03215 0.00288979 0)
(1.61247 0.654092 0)
(1.09231 0.753157 0)
(1.09567 0.756239 0)
(1.10647 0.775142 0)
(1.13146 0.791375 0)
(1.17178 0.80977 0)
(1.23449 0.828194 0)
(1.31226 0.841747 0)
(1.41155 0.844611 0)
(3 1.65482e-16 0)
(3 6.92904e-16 0)
(3 -9.31506e-17 0)
(3 -7.19017e-16 0)
(3 -3.44064e-16 0)
(3 1.48957e-16 0)
(3 6.18635e-16 0)
(3 4.13631e-16 0)
(3 5.61149e-16 0)
(3 6.66026e-16 0)
(3 8.93679e-16 0)
(3 1.62007e-15 0)
(3 1.28644e-15 0)
(3 -1.44968e-07 0)
(3.00048 1.0848e-05 0)
(2.48287 0.475577 0)
(1.21842 0.785565 0)
(1.12404 0.783328 0)
(1.14252 0.787017 0)
(1.16844 0.799417 0)
(1.20847 0.81475 0)
(1.26623 0.829471 0)
(1.33874 0.839689 0)
(1.42552 0.841692 0)
(3 9.04553e-17 0)
(3 2.33266e-16 0)
(3 1.2861e-17 0)
(3 -2.3433e-16 0)
(3 6.82574e-17 0)
(3 3.24955e-16 0)
(3 2.20212e-16 0)
(3 1.82194e-16 0)
(3 5.38119e-16 0)
(3 7.79217e-16 0)
(3 6.46597e-16 0)
(3 1.16575e-16 0)
(3 1.86058e-16 0)
(3 -1.06073e-09 0)
(3.00003 -1.18285e-05 0)
(3.06448 0.0552025 0)
(1.59502 0.7719 0)
(1.1806 0.788646 0)
(1.19718 0.794341 0)
(1.21335 0.805682 0)
(1.24817 0.815301 0)
(1.29708 0.825437 0)
(1.36179 0.831906 0)
(1.43738 0.833002 0)
(3 2.0946e-17 0)
(3 -1.20345e-16 0)
(3 1.76018e-16 0)
(3 4.40373e-16 0)
(3 1.65914e-16 0)
(3 3.1393e-16 0)
(3 1.03648e-16 0)
(3 1.52494e-16 0)
(3 4.10218e-16 0)
(3 6.35467e-16 0)
(3 1.92839e-16 0)
(3 -8.75928e-16 0)
(3 -1.75877e-16 0)
(3 -2.22498e-12 0)
(3 -2.63989e-06 0)
(3.00607 0.00106879 0)
(2.39164 0.598848 0)
(1.28459 0.857291 0)
(1.22844 0.839774 0)
(1.25171 0.833678 0)
(1.2795 0.835541 0)
(1.32307 0.837625 0)
(1.37982 0.837865 0)
(1.44609 0.835686 0)
(3 2.51472e-16 0)
(3 3.19174e-16 0)
(3 8.30621e-16 0)
(3 1.18722e-15 0)
(3 8.20049e-16 0)
(3 5.30758e-16 0)
(3 9.89883e-16 0)
(3 1.60962e-15 0)
(3 1.51976e-15 0)
(3 8.21421e-16 0)
(3 -2.80116e-16 0)
(3 -6.11664e-16 0)
(3 8.79429e-18 0)
(3 -1.51575e-15 0)
(3 -2.3015e-07 0)
(3.00002 5.24374e-06 0)
(3.05298 0.0903643 0)
(1.68363 0.827303 0)
(1.2786 0.843608 0)
(1.30343 0.839288 0)
(1.32242 0.838395 0)
(1.35925 0.835339 0)
(1.40677 0.832819 0)
(1.46321 0.82999 0)
(3 -1.2192e-16 0)
(3 7.0515e-17 0)
(3 3.73594e-16 0)
(3 1.22113e-15 0)
(3 1.76707e-15 0)
(3 6.53627e-16 0)
(3 1.06688e-15 0)
(3 9.73025e-16 0)
(3 8.03542e-16 0)
(3 -3.6312e-17 0)
(3 8.7026e-17 0)
(3 2.94724e-16 0)
(3 1.34147e-16 0)
(3 1.44113e-16 0)
(3 -2.61715e-09 0)
(3 -1.54463e-07 0)
(3.00742 0.00292607 0)
(2.54487 0.577284 0)
(1.39568 0.901566 0)
(1.33651 0.876683 0)
(1.36325 0.864777 0)
(1.39287 0.858783 0)
(1.43118 0.853671 0)
(1.47842 0.846755 0)
(3 -8.99851e-17 0)
(3 -2.10342e-16 0)
(3 2.69482e-16 0)
(3 4.96329e-16 0)
(3 7.38465e-16 0)
(3 5.64433e-16 0)
(3 5.34928e-16 0)
(3 2.62164e-16 0)
(3 -5.03151e-16 0)
(3 3.10633e-17 0)
(3 6.62017e-16 0)
(3 8.84324e-16 0)
(3 6.05464e-16 0)
(3 1.02313e-15 0)
(3 -5.3865e-12 0)
(3 -3.85519e-08 0)
(3.00002 2.73781e-05 0)
(3.05148 0.064919 0)
(1.83427 0.813862 0)
(1.3786 0.891423 0)
(1.41296 0.881718 0)
(1.43853 0.873374 0)
(1.46981 0.863538 0)
(1.50842 0.851428 0)
(3 3.15735e-16 0)
(3 3.08421e-16 0)
(3 1.22635e-16 0)
(3 -9.85622e-17 0)
(3 3.37868e-17 0)
(3 3.32517e-16 0)
(3 -3.38644e-16 0)
(3 -1.27432e-15 0)
(3 -1.48425e-15 0)
(3 -1.14568e-15 0)
(3 -3.23707e-16 0)
(3 -9.41284e-17 0)
(3 -1.18223e-16 0)
(3 4.83209e-16 0)
(3 -8.96284e-16 0)
(3 -3.63007e-09 0)
(3 1.13721e-08 0)
(3.00355 0.00252405 0)
(2.70686 0.440657 0)
(1.56663 0.927751 0)
(1.42822 0.907651 0)
(1.46534 0.90132 0)
(1.49582 0.891026 0)
(1.53188 0.874885 0)
(3 -9.5548e-17 0)
(3 1.29176e-16 0)
(3 -1.2037e-16 0)
(3 -8.40678e-17 0)
(3 -3.49622e-17 0)
(3 -2.25467e-16 0)
(3 -1.27764e-15 0)
(3 -1.81083e-15 0)
(3 -1.75376e-15 0)
(3 -1.81004e-15 0)
(3 -1.08836e-15 0)
(3 -8.71168e-16 0)
(3 -8.31383e-16 0)
(3 -2.52761e-16 0)
(3 5.86429e-17 0)
(3 -1.45441e-10 0)
(3 -1.44304e-10 0)
(3.00001 1.66815e-05 0)
(3.02679 0.0337906 0)
(2.1165 0.769688 0)
(1.49142 0.921302 0)
(1.49687 0.913742 0)
(1.52854 0.899535 0)
(1.56094 0.885415 0)
(3 -2.15317e-17 0)
(3 -2.90916e-17 0)
(3 -1.78645e-16 0)
(3 -3.0061e-16 0)
(3 -6.90859e-16 0)
(3 -8.97093e-16 0)
(3 -9.86674e-16 0)
(3 -1.07395e-15 0)
(3 -1.0248e-15 0)
(3 -8.28572e-16 0)
(3 -1.01176e-15 0)
(3 -5.85772e-16 0)
(3 1.14203e-16 0)
(3 -4.77981e-16 0)
(3 -5.9225e-16 0)
(3 -1.28462e-12 0)
(3 -4.58318e-11 0)
(3 8.43603e-09 0)
(3.00076 0.00134091 0)
(2.90666 0.240864 0)
(1.79442 0.882482 0)
(1.52126 0.931754 0)
(1.55545 0.919888 0)
(1.58838 0.905888 0)
(3 2.14832e-18 0)
(3 9.59791e-17 0)
(3 -2.36612e-16 0)
(3 -8.74852e-16 0)
(3 -1.50291e-15 0)
(3 -1.42238e-15 0)
(3 -7.82182e-16 0)
(3 -5.02254e-16 0)
(3 -4.96016e-16 0)
(3 -2.43594e-16 0)
(3 -5.33784e-16 0)
(3 5.12516e-17 0)
(3 5.22726e-16 0)
(3 3.13224e-16 0)
(3 3.39333e-16 0)
(3 -2.41449e-15 0)
(3 -6.04278e-12 0)
(3 -4.85946e-12 0)
(3 4.89624e-06 0)
(3.00727 0.0146458 0)
(2.51673 0.569582 0)
(1.65348 0.953467 0)
(1.56254 0.938628 0)
(1.59982 0.926995 0)
(3 -2.74901e-16 0)
(3 -3.34117e-16 0)
(3 -5.11665e-16 0)
(3 -6.9268e-16 0)
(3 -6.59338e-16 0)
(3 -5.12843e-16 0)
(3 -1.43552e-16 0)
(3 5.71566e-16 0)
(3 1.02382e-15 0)
(3 6.25147e-16 0)
(3 2.0231e-16 0)
(3 4.48663e-16 0)
(3 3.12725e-16 0)
(3 1.02225e-15 0)
(3 9.52676e-16 0)
(3 3.6364e-16 0)
(3 -1.77308e-13 0)
(3 -1.65985e-12 0)
(3 2.25041e-09 0)
(3.00002 0.000321394 0)
(2.99805 0.0769036 0)
(2.14129 0.781708 0)
(1.62405 0.946674 0)
(1.61853 0.943141 0)
(3 3.64178e-17 0)
(3 -3.57141e-16 0)
(3 -7.43728e-16 0)
(3 -6.36724e-16 0)
(3 8.08673e-16 0)
(3 1.37276e-15 0)
(3 1.11348e-15 0)
(3 8.02324e-16 0)
(3 5.64795e-16 0)
(3 3.32353e-16 0)
(3 6.41392e-16 0)
(3 8.81528e-16 0)
(3 2.6339e-16 0)
(3 4.17199e-16 0)
(3 4.59131e-16 0)
(3 2.36288e-16 0)
(3 -1.38507e-15 0)
(3 -2.55047e-13 0)
(3 2.63109e-13 0)
(3 5.4679e-07 0)
(3.00069 0.00382314 0)
(2.85805 0.26932 0)
(1.92289 0.874896 0)
(1.65672 0.955026 0)
(3 2.49855e-16 0)
(3 3.90889e-16 0)
(3 7.2636e-16 0)
(3 8.45201e-16 0)
(3 1.05012e-15 0)
(3 1.25701e-15 0)
(3 1.21393e-15 0)
(3 1.02407e-15 0)
(3 3.76181e-16 0)
(3 -1.00011e-16 0)
(3 5.01367e-18 0)
(3 -3.66498e-16 0)
(3 -2.46348e-16 0)
(3 -9.45859e-16 0)
(3 -1.08996e-15 0)
(3 -7.61991e-16 0)
(3 -3.30683e-16 0)
(3 -1.32559e-14 0)
(3 -1.56884e-14 0)
(3 2.99822e-10 0)
(3 2.49632e-05 0)
(3.00093 0.0194672 0)
(2.58933 0.499564 0)
(1.83201 0.930555 0)
(3 -1.08958e-16 0)
(3 -8.1569e-17 0)
(3 4.32714e-16 0)
(3 1.09694e-15 0)
(3 9.32708e-16 0)
(3 9.37152e-16 0)
(3 1.07073e-15 0)
(3 1.40194e-15 0)
(3 7.98668e-16 0)
(3 2.80691e-16 0)
(3 -6.32689e-16 0)
(3 -6.28573e-16 0)
(3 -7.67523e-16 0)
(3 -1.68924e-15 0)
(3 -1.65053e-15 0)
(3 -1.01714e-15 0)
(3 -8.44951e-16 0)
(3 -1.69605e-15 0)
(3 -7.3029e-15 0)
(3 4.0114e-14 0)
(3 2.21906e-08 0)
(2.99995 0.000434648 0)
(2.98357 0.0615625 0)
(2.35672 0.673301 0)
(3 -6.35675e-17 0)
(3 -5.2087e-16 0)
(3 -5.79937e-16 0)
(3 -4.49408e-16 0)
(3 6.72161e-16 0)
(3 9.09968e-16 0)
(3 4.25951e-16 0)
(3 -1.09982e-16 0)
(3 -6.96761e-16 0)
(3 -4.46054e-16 0)
(3 -9.21992e-16 0)
(3 -1.15052e-15 0)
(3 -9.36386e-16 0)
(3 -5.27767e-16 0)
(3 -3.43776e-16 0)
(3 1.38495e-16 0)
(3 -5.33095e-17 0)
(3 -1.36896e-15 0)
(3 -2.50373e-15 0)
(3 -3.14836e-15 0)
(3 9.94972e-12 0)
(3 8.52074e-07 0)
(2.9997 0.00275503 0)
(2.9283 0.1538 0)
(3 7.6313e-17 0)
(3 2.25283e-17 0)
(3 -5.58372e-16 0)
(3 -1.14571e-15 0)
(3 -7.96594e-16 0)
(3 -7.64031e-16 0)
(3 -7.95156e-16 0)
(3 -7.88566e-16 0)
(3 -7.39043e-17 0)
(3 5.6095e-18 0)
(3 3.91958e-17 0)
(3 -4.58465e-16 0)
(3 -3.2944e-16 0)
(3 3.04863e-16 0)
(3 5.89309e-16 0)
(3 -1.10732e-18 0)
(3 -1.2019e-16 0)
(3 -4.03774e-16 0)
(3 -6.93906e-16 0)
(3 -1.30251e-15 0)
(3 -1.64621e-16 0)
(3 6.80949e-10 0)
(3 1.40933e-05 0)
(2.99914 0.00888398 0)
(3 -1.64038e-16 0)
(3 4.88207e-17 0)
(3 -7.51268e-17 0)
(3 -1.52269e-16 0)
(3 -1.25184e-15 0)
(3 -1.36451e-15 0)
(3 -1.08936e-15 0)
(3 -3.87661e-16 0)
(3 1.32408e-15 0)
(3 1.41518e-15 0)
(3 1.11705e-15 0)
(3 8.80389e-16 0)
(3 7.95363e-16 0)
(3 8.40163e-16 0)
(3 3.55561e-16 0)
(3 1.2625e-16 0)
(3 3.08868e-16 0)
(3 -2.18967e-16 0)
(3 -2.58256e-16 0)
(3 -1.46716e-16 0)
(3 -6.28651e-16 0)
(3 1.00541e-13 0)
(3 1.62488e-08 0)
(2.99998 0.000100153 0)
(3 1.12601e-16 0)
(3 3.16623e-16 0)
(3 7.02663e-16 0)
(3 5.82742e-16 0)
(3 -5.43317e-17 0)
(3 1.95109e-16 0)
(3 5.21948e-16 0)
(3 4.83403e-16 0)
(3 7.79303e-16 0)
(3 1.38927e-15 0)
(3 8.57565e-16 0)
(3 2.56033e-16 0)
(3 3.13513e-16 0)
(3 1.99187e-16 0)
(3 -5.35851e-16 0)
(3 -4.53836e-16 0)
(3 -1.5449e-16 0)
(3 -5.16687e-17 0)
(3 5.98446e-17 0)
(3 -1.59806e-17 0)
(3 -4.49405e-16 0)
(3 1.10082e-16 0)
(3 4.52086e-12 0)
(3 2.24414e-07 0)
(3 1.95848e-16 0)
(3 4.45584e-16 0)
(3 8.84405e-16 0)
(3 8.39635e-16 0)
(3 1.00878e-15 0)
(3 1.58848e-15 0)
(3 1.68208e-15 0)
(3 1.31306e-15 0)
(3 9.72553e-16 0)
(3 9.94603e-16 0)
(3 5.88907e-16 0)
(3 3.09526e-16 0)
(3 -3.14693e-16 0)
(3 -1.02623e-15 0)
(3 -1.24961e-15 0)
(3 -1.53813e-15 0)
(3 -9.20079e-16 0)
(3 5.39383e-16 0)
(3 1.18347e-15 0)
(3 1.06314e-15 0)
(3 1.58422e-15 0)
(3 1.64875e-15 0)
(3 1.74192e-15 0)
(3 1.1616e-10 0)
(3 -1.35598e-17 0)
(3 2.38263e-17 0)
(3 2.76017e-16 0)
(3 1.20816e-16 0)
(3 2.28424e-16 0)
(3 -1.33138e-16 0)
(3 -9.45989e-17 0)
(3 2.09431e-16 0)
(3 3.32015e-16 0)
(3 2.46871e-16 0)
(3 3.02277e-16 0)
(3 4.47435e-16 0)
(3 2.03553e-16 0)
(3 -7.62199e-16 0)
(3 -1.2067e-15 0)
(3 -1.39568e-15 0)
(3 -5.77123e-16 0)
(3 -1.57991e-16 0)
(3 1.38601e-15 0)
(3 2.28818e-15 0)
(3 2.73007e-15 0)
(3 1.99918e-15 0)
(3 4.99912e-17 0)
(3 4.25791e-15 0)
(3 -2.27234e-16 0)
(3 -2.04914e-16 0)
(3 -2.28066e-16 0)
(3 -4.04509e-16 0)
(3 -8.24229e-16 0)
(3 -1.11073e-15 0)
(3 -7.46881e-16 0)
(3 3.38269e-16 0)
(3 5.80699e-16 0)
(3 2.71997e-16 0)
(3 3.75906e-16 0)
(3 4.65749e-16 0)
(3 -2.24063e-17 0)
(3 -2.73871e-16 0)
(3 -4.50628e-16 0)
(3 -6.88831e-16 0)
(3 -9.05326e-16 0)
(3 -1.20719e-15 0)
(3 7.73712e-16 0)
(3 3.56793e-15 0)
(3 3.76048e-15 0)
(3 2.8162e-15 0)
(3 -2.38892e-17 0)
(3 1.14934e-16 0)
(3 -3.21892e-17 0)
(3 -3.77275e-16 0)
(3 -6.52061e-16 0)
(3 -4.96855e-16 0)
(3 -2.95651e-16 0)
(3 3.42416e-17 0)
(3 4.43687e-16 0)
(3 1.30141e-15 0)
(3 1.25588e-15 0)
(3 1.19027e-15 0)
(3 6.26004e-16 0)
(3 -1.25235e-16 0)
(3 -3.51403e-16 0)
(3 -2.55787e-16 0)
(3 -9.08213e-17 0)
(3 -2.41908e-16 0)
(3 -1.26506e-15 0)
(3 -4.57345e-16 0)
(3 9.90221e-16 0)
(3 3.52261e-15 0)
(3 4.63046e-15 0)
(3 1.7038e-15 0)
(3 6.42303e-16 0)
(3 -2.05629e-16 0)
(3 1.32448e-16 0)
(3 -3.70017e-17 0)
(3 -1.25819e-16 0)
(3 -1.16694e-16 0)
(3 3.22616e-16 0)
(3 5.61314e-16 0)
(3 7.03174e-16 0)
(3 1.05777e-15 0)
(3 1.27195e-15 0)
(3 1.19381e-15 0)
(3 5.30299e-16 0)
(3 5.96445e-17 0)
(3 -4.04159e-16 0)
(3 -4.73191e-16 0)
(3 -4.25394e-16 0)
(3 -6.28473e-16 0)
(3 -1.00379e-15 0)
(3 -1.13835e-16 0)
(3 3.75288e-16 0)
(3 1.2422e-15 0)
(3 1.70711e-15 0)
(3 1.40733e-16 0)
(3 2.43957e-16 0)
(3 1.46703e-16 0)
(1.50334 1.27046 0)
(1.77912 1.36904 0)
(2.33468 0.949323 0)
(2.65157 0.801333 0)
(2.6008 0.41489 0)
(2.57628 0.0923771 0)
(2.4984 -0.237507 0)
(2.49941 -0.415615 0)
(2.49316 -0.453183 0)
(2.4681 -0.324228 0)
(2.43363 -0.219304 0)
(2.41227 -0.167164 0)
(2.41431 -0.144743 0)
(2.41989 -0.14081 0)
(2.42387 -0.11776 0)
(2.40511 -0.0972826 0)
(2.37633 -0.0591115 0)
(2.35404 -0.0256995 0)
(2.35287 -0.0268291 0)
(2.36642 -0.0218111 0)
(2.39581 -0.0102848 0)
(2.40568 -0.00460733 0)
(2.39535 -0.00543039 0)
(2.38604 -0.00991497 0)
(2.37991 -0.0140171 0)
(2.38059 -0.0134057 0)
(2.38398 -0.0106932 0)
(2.38654 -0.006017 0)
(2.38824 -0.00606191 0)
(1.22859 0.0326703 0)
(0.75113 0.0349242 0)
(0.711086 0.0137394 0)
(0.715826 -0.00459416 0)
(0.737636 -0.0228221 0)
(0.771567 -0.0338979 0)
(0.807862 -0.0396375 0)
(0.847408 -0.0397364 0)
(0.89003 -0.0371432 0)
(0.936297 -0.0347944 0)
(0.98618 -0.0333986 0)
(1.03606 -0.0337284 0)
(1.08168 -0.0340598 0)
(1.12056 -0.0318451 0)
(1.15192 -0.0271844 0)
(1.18113 -0.0224524 0)
(1.21271 -0.0192982 0)
(1.24977 -0.0181912 0)
(1.29241 -0.0187222 0)
(1.33448 -0.0199085 0)
(1.36894 -0.0183908 0)
(1.39505 -0.0145256 0)
(1.41865 -0.0107423 0)
(1.44303 -0.00797949 0)
(1.47177 -0.00705875 0)
(1.5057 -0.00831899 0)
(1.53407 -0.0103879 0)
(1.55659 -0.0105185 0)
(1.57783 -0.00847396 0)
(1.59757 -0.00425576 0)
(1.61827 -0.00152756 0)
(1.64172 1.04381e-05 0)
(1.67203 -0.000207347 0)
(1.70042 -0.00350229 0)
(1.72147 -0.00559833 0)
(1.74139 -0.00510777 0)
(1.75609 -0.00213946 0)
(1.76556 0.00295476 0)
(1.77913 0.0066084 0)
(1.79682 0.00723504 0)
(1.81794 0.00670048 0)
(1.84537 0.00491536 0)
(1.87106 9.50746e-05 0)
(1.89199 -0.00223619 0)
(1.91202 -0.00206794 0)
(1.92411 0.000645065 0)
(1.93134 0.00505858 0)
(1.94367 0.00782131 0)
(1.96044 0.00825355 0)
(1.9785 0.00834243 0)
(2.00059 0.00742423 0)
(2.02016 0.00424935 0)
(2.03774 0.00274988 0)
(2.05286 0.00216386 0)
(2.05747 0.00400165 0)
(2.05962 0.00705823 0)
(2.07177 0.00858282 0)
(2.08896 0.00891968 0)
(2.10636 0.00913881 0)
(2.12642 0.00842684 0)
(2.14327 0.00693333 0)
(2.15863 0.00629141 0)
(2.16729 0.00640833 0)
(2.16752 0.00785654 0)
(2.17504 0.00897176 0)
(2.18838 0.00906167 0)
(2.21305 0.00878803 0)
(1.77647 1.08924 0)
(2.20804 0.93834 0)
(2.54492 0.350083 0)
(2.68551 -0.00791582 0)
(2.72616 -0.181961 0)
(2.69704 -0.427321 0)
(2.71084 -0.532982 0)
(2.75697 -0.690061 0)
(2.73329 -0.656338 0)
(2.6656 -0.553385 0)
(2.55435 -0.372046 0)
(2.50959 -0.24628 0)
(2.50416 -0.175759 0)
(2.50745 -0.129338 0)
(2.50205 -0.112629 0)
(2.46102 -0.0740625 0)
(2.42635 -0.0353997 0)
(2.41769 0.000493425 0)
(2.40731 -0.00189125 0)
(2.40737 0.0049201 0)
(2.42456 0.00904261 0)
(2.42588 0.00318495 0)
(2.4159 0.000834031 0)
(2.40944 -0.0134087 0)
(2.40948 -0.0249339 0)
(2.40938 -0.0238841 0)
(2.41156 -0.0181299 0)
(2.41298 -0.00608818 0)
(2.41318 -0.00373383 0)
(1.3752 0.15852 0)
(0.80866 0.0861768 0)
(0.777329 0.0163353 0)
(0.813923 -0.0362533 0)
(0.857188 -0.0617256 0)
(0.8974 -0.0706267 0)
(0.93485 -0.0738277 0)
(0.972752 -0.0650277 0)
(1.00638 -0.0456512 0)
(1.03924 -0.0273151 0)
(1.072 -0.0189793 0)
(1.10755 -0.0231774 0)
(1.14861 -0.0356543 0)
(1.19143 -0.0465038 0)
(1.22845 -0.0448499 0)
(1.25531 -0.0325176 0)
(1.28024 -0.0164643 0)
(1.30583 -0.00448106 0)
(1.3326 -0.00304257 0)
(1.36551 -0.0106652 0)
(1.40393 -0.020501 0)
(1.43662 -0.0212361 0)
(1.46007 -0.0147312 0)
(1.48226 -0.00366686 0)
(1.50524 0.00458425 0)
(1.52711 0.00393052 0)
(1.55208 -0.00561343 0)
(1.57944 -0.0152938 0)
(1.60298 -0.0175864 0)
(1.62398 -0.0143721 0)
(1.64444 -0.00349557 0)
(1.66528 0.00795359 0)
(1.68543 0.0117675 0)
(1.70555 0.0074354 0)
(1.7288 -0.00307547 0)
(1.74874 -0.0117899 0)
(1.76635 -0.0154273 0)
(1.78404 -0.0113851 0)
(1.79962 0.00162786 0)
(1.81446 0.0149743 0)
(1.8316 0.0221743 0)
(1.85009 0.0217366 0)
(1.87172 0.0141666 0)
(1.89383 0.0034221 0)
(1.91244 -0.00662585 0)
(1.93029 -0.0107259 0)
(1.94666 -0.00469185 0)
(1.95967 0.00938725 0)
(1.97074 0.0219879 0)
(1.98406 0.0273287 0)
(2.00026 0.0265442 0)
(2.01839 0.0206299 0)
(2.03648 0.0105047 0)
(2.05203 0.000564721 0)
(2.06477 -0.0028045 0)
(2.07399 0.00536742 0)
(2.08207 0.0185119 0)
(2.09125 0.027089 0)
(2.10548 0.0285874 0)
(2.12206 0.0267965 0)
(2.13928 0.0213512 0)
(2.15546 0.0131728 0)
(2.16936 0.00650739 0)
(2.17835 0.00850542 0)
(2.18499 0.0181348 0)
(2.1927 0.0260171 0)
(2.21309 0.0267941 0)
(1.66028 1.0534 0)
(2.07241 0.881758 0)
(2.36689 0.556929 0)
(2.487 0.333296 0)
(2.55404 0.26388 0)
(2.66891 0.0687641 0)
(2.73837 -0.202117 0)
(2.72651 -0.339717 0)
(2.74589 -0.346885 0)
(2.77758 -0.401899 0)
(2.75908 -0.419086 0)
(2.70889 -0.456111 0)
(2.67907 -0.423605 0)
(2.6908 -0.377829 0)
(2.69798 -0.335229 0)
(2.64135 -0.233847 0)
(2.58669 -0.165591 0)
(2.54276 -0.100188 0)
(2.52355 -0.0878083 0)
(2.49559 -0.0462079 0)
(2.49267 -0.0250245 0)
(2.48316 0.00336246 0)
(2.47969 0.0123681 0)
(2.47528 0.00926906 0)
(2.47143 -0.00278267 0)
(2.47132 -0.0207629 0)
(2.47112 -0.0196265 0)
(2.47076 -0.0122461 0)
(2.46538 -0.0276091 0)
(1.82329 0.145531 0)
(1.01779 0.0641367 0)
(0.976685 -0.0501069 0)
(1.07368 -0.0858028 0)
(1.11091 -0.0759167 0)
(1.13671 -0.0676446 0)
(1.16213 -0.0826371 0)
(1.19637 -0.100253 0)
(1.2274 -0.105274 0)
(1.25026 -0.096339 0)
(1.26778 -0.0769559 0)
(1.28396 -0.0569273 0)
(1.30381 -0.0516073 0)
(1.33001 -0.0570841 0)
(1.36319 -0.0688609 0)
(1.39254 -0.0743519 0)
(1.41222 -0.0716903 0)
(1.42996 -0.0613529 0)
(1.4458 -0.0447585 0)
(1.4659 -0.033731 0)
(1.4886 -0.03237 0)
(1.51616 -0.0375092 0)
(1.54328 -0.0401423 0)
(1.56557 -0.0365844 0)
(1.58562 -0.0285167 0)
(1.60236 -0.0174655 0)
(1.61827 -0.00949014 0)
(1.63569 -0.00940691 0)
(1.655 -0.0154017 0)
(1.67784 -0.0194928 0)
(1.69945 -0.0171128 0)
(1.71915 -0.0104168 0)
(1.73539 0.00158568 0)
(1.74598 0.0143468 0)
(1.75686 0.0177558 0)
(1.77283 0.013417 0)
(1.7936 0.00474884 0)
(1.81801 -0.000709052 0)
(1.83732 0.000355712 0)
(1.85574 0.00707163 0)
(1.87111 0.0185418 0)
(1.87942 0.0284228 0)
(1.88936 0.0293428 0)
(1.90508 0.0228237 0)
(1.92332 0.0149243 0)
(1.94662 0.0079651 0)
(1.96754 0.00583064 0)
(1.98511 0.00868524 0)
(2.00106 0.0198026 0)
(2.01104 0.0340389 0)
(2.01543 0.0416393 0)
(2.02501 0.0375555 0)
(2.0389 0.028744 0)
(2.05492 0.020112 0)
(2.07245 0.0128928 0)
(2.0884 0.0113788 0)
(2.10362 0.0173914 0)
(2.11405 0.031066 0)
(2.11929 0.0430915 0)
(2.12688 0.0445115 0)
(2.13972 0.0389131 0)
(2.15384 0.0318183 0)
(2.16944 0.0260443 0)
(2.18498 0.0223069 0)
(2.19991 0.0235983 0)
(2.21166 0.0325121 0)
(2.22665 0.0399947 0)
(1.60935 0.978969 0)
(1.91219 0.869963 0)
(2.11441 0.733088 0)
(2.31925 0.49746 0)
(2.46012 0.274788 0)
(2.56326 0.197787 0)
(2.60419 0.0785337 0)
(2.6654 -0.116937 0)
(2.69741 -0.272627 0)
(2.7205 -0.339596 0)
(2.79225 -0.427502 0)
(2.79074 -0.494718 0)
(2.7619 -0.506689 0)
(2.75215 -0.47486 0)
(2.74868 -0.455463 0)
(2.72191 -0.388164 0)
(2.68778 -0.336009 0)
(2.65651 -0.290199 0)
(2.64598 -0.25766 0)
(2.60127 -0.174652 0)
(2.58574 -0.119684 0)
(2.56861 -0.072802 0)
(2.55447 -0.0381275 0)
(2.54271 -0.0233593 0)
(2.52679 -0.0258293 0)
(2.52076 -0.0147067 0)
(2.52254 -0.00121913 0)
(2.51581 -0.0107053 0)
(2.46822 -0.0735535 0)
(2.26913 -0.302747 0)
(1.36461 -0.0582249 0)
(1.23168 -0.012519 0)
(1.32056 -0.0540374 0)
(1.35669 -0.0812486 0)
(1.37249 -0.0913976 0)
(1.38243 -0.0878904 0)
(1.4063 -0.0854711 0)
(1.4311 -0.0880652 0)
(1.4478 -0.0906648 0)
(1.46224 -0.0852997 0)
(1.46817 -0.0656726 0)
(1.4734 -0.0448752 0)
(1.48702 -0.0363355 0)
(1.50684 -0.0349055 0)
(1.5327 -0.0417739 0)
(1.55298 -0.0470715 0)
(1.56886 -0.0471727 0)
(1.58365 -0.0411075 0)
(1.59234 -0.0274249 0)
(1.60171 -0.01492 0)
(1.61861 -0.0120236 0)
(1.63914 -0.0134857 0)
(1.66285 -0.0172842 0)
(1.68234 -0.0192316 0)
(1.70019 -0.0177648 0)
(1.71315 -0.00974522 0)
(1.71933 0.00175109 0)
(1.7317 0.00710788 0)
(1.74921 0.00564462 0)
(1.76891 -0.00174854 0)
(1.78598 -0.00878799 0)
(1.80143 -0.0121805 0)
(1.81498 -0.00981897 0)
(1.82407 0.00170799 0)
(1.83355 0.0164571 0)
(1.84945 0.0236618 0)
(1.86683 0.0234867 0)
(1.88656 0.017081 0)
(1.90349 0.0104084 0)
(1.91797 0.00564782 0)
(1.92827 0.00496929 0)
(1.93546 0.0110179 0)
(1.94594 0.0198054 0)
(1.96247 0.0258747 0)
(1.97992 0.0287402 0)
(1.99931 0.0281655 0)
(2.0171 0.0266529 0)
(2.03373 0.0255418 0)
(2.04652 0.0266791 0)
(2.05118 0.0334892 0)
(2.05102 0.0416855 0)
(2.05909 0.043843 0)
(2.07429 0.0433135 0)
(2.09011 0.0399914 0)
(2.10873 0.035075 0)
(2.12452 0.0329558 0)
(2.13962 0.033803 0)
(2.1477 0.040039 0)
(2.14738 0.0481932 0)
(2.15156 0.0502375 0)
(2.16564 0.0490836 0)
(2.18073 0.0485267 0)
(2.19782 0.0460936 0)
(2.21583 0.0434777 0)
(2.22986 0.0433371 0)
(2.25023 0.0462782 0)
(1.5693 0.918655 0)
(1.80098 0.843452 0)
(1.98267 0.754023 0)
(2.15498 0.614811 0)
(2.32586 0.43193 0)
(2.43881 0.274426 0)
(2.50535 0.189766 0)
(2.5254 0.116021 0)
(2.60989 -0.0269986 0)
(2.64916 -0.16156 0)
(2.68425 -0.198492 0)
(2.72492 -0.228791 0)
(2.72491 -0.321302 0)
(2.68804 -0.383422 0)
(2.69871 -0.392128 0)
(2.70664 -0.380033 0)
(2.70843 -0.387951 0)
(2.70647 -0.409487 0)
(2.70778 -0.396814 0)
(2.68287 -0.317651 0)
(2.66269 -0.237572 0)
(2.63899 -0.177543 0)
(2.61986 -0.141577 0)
(2.59809 -0.0922479 0)
(2.5873 -0.0778186 0)
(2.57185 -0.0634081 0)
(2.56801 -0.0375262 0)
(2.50108 -0.0871371 0)
(2.33566 -0.257999 0)
(2.1294 -0.624055 0)
(1.72597 -0.386472 0)
(1.42683 -0.140266 0)
(1.44232 -0.0707468 0)
(1.48155 -0.059488 0)
(1.50066 -0.0708698 0)
(1.51635 -0.0926784 0)
(1.53285 -0.100724 0)
(1.55042 -0.100389 0)
(1.5655 -0.0949434 0)
(1.57665 -0.0868239 0)
(1.5852 -0.0729016 0)
(1.58845 -0.0536199 0)
(1.59519 -0.0405509 0)
(1.60879 -0.038527 0)
(1.62669 -0.0411537 0)
(1.64857 -0.0479645 0)
(1.66545 -0.0510345 0)
(1.67985 -0.0500815 0)
(1.69171 -0.043355 0)
(1.69744 -0.0295714 0)
(1.70504 -0.017573 0)
(1.72115 -0.0145646 0)
(1.73962 -0.0146544 0)
(1.75917 -0.01618 0)
(1.77618 -0.0162688 0)
(1.79165 -0.0138111 0)
(1.80179 -0.00535225 0)
(1.80688 0.00534523 0)
(1.81742 0.00881359 0)
(1.83337 0.0073678 0)
(1.84935 0.00480923 0)
(1.86492 0.00294051 0)
(1.88015 0.00341091 0)
(1.89388 0.00959451 0)
(1.90414 0.0230208 0)
(1.91062 0.035454 0)
(1.92124 0.0385653 0)
(1.93668 0.0353357 0)
(1.95201 0.0290081 0)
(1.96594 0.0217574 0)
(1.97853 0.0173551 0)
(1.99103 0.0186852 0)
(2.00266 0.0264165 0)
(2.01226 0.0372786 0)
(2.02369 0.0450177 0)
(2.03826 0.0473118 0)
(2.05367 0.0459579 0)
(2.06788 0.0415583 0)
(2.07966 0.0358779 0)
(2.08885 0.0334266 0)
(2.09541 0.0388291 0)
(2.0995 0.0502248 0)
(2.10783 0.0577327 0)
(2.12221 0.0591696 0)
(2.13693 0.0573966 0)
(2.15158 0.0524974 0)
(2.16471 0.0469674 0)
(2.17332 0.0420765 0)
(2.17638 0.0431395 0)
(2.1805 0.0518675 0)
(2.1911 0.060688 0)
(2.20622 0.064711 0)
(2.22144 0.0658428 0)
(2.23731 0.0640851 0)
(2.2508 0.0587392 0)
(2.26964 0.0548547 0)
(1.539 0.888335 0)
(1.72105 0.840209 0)
(1.89725 0.753493 0)
(2.05114 0.650404 0)
(2.16795 0.56066 0)
(2.30942 0.420666 0)
(2.40194 0.267778 0)
(2.45832 0.204376 0)
(2.48327 0.157557 0)
(2.56198 0.0333354 0)
(2.60613 -0.103397 0)
(2.64337 -0.138711 0)
(2.67619 -0.198042 0)
(2.67573 -0.325166 0)
(2.66706 -0.370529 0)
(2.68957 -0.385801 0)
(2.72436 -0.40548 0)
(2.72679 -0.409944 0)
(2.72985 -0.422139 0)
(2.72207 -0.411374 0)
(2.71302 -0.379399 0)
(2.69511 -0.334993 0)
(2.67424 -0.291065 0)
(2.64591 -0.2065 0)
(2.63283 -0.154657 0)
(2.60532 -0.124991 0)
(2.5891 -0.117311 0)
(2.33631 -0.341101 0)
(2.15435 -0.483988 0)
(2.03949 -0.632868 0)
(2.00122 -0.629937 0)
(1.77257 -0.388288 0)
(1.59749 -0.170558 0)
(1.55965 -0.103508 0)
(1.55119 -0.0718452 0)
(1.56391 -0.0736286 0)
(1.58297 -0.0884539 0)
(1.60219 -0.0957608 0)
(1.62132 -0.0906624 0)
(1.63399 -0.0805744 0)
(1.64211 -0.0723238 0)
(1.64835 -0.0606926 0)
(1.65147 -0.0453715 0)
(1.66056 -0.0391655 0)
(1.67576 -0.0386629 0)
(1.69554 -0.0392327 0)
(1.71842 -0.0395768 0)
(1.73406 -0.0391417 0)
(1.74777 -0.0374917 0)
(1.75813 -0.0304926 0)
(1.76219 -0.0169354 0)
(1.77108 -0.00713439 0)
(1.78718 -0.00478506 0)
(1.80558 -0.00307313 0)
(1.82316 -0.00237939 0)
(1.83972 -0.00193542 0)
(1.85389 0.000241038 0)
(1.85995 0.00603449 0)
(1.86355 0.012464 0)
(1.87725 0.0148016 0)
(1.89325 0.0161002 0)
(1.91129 0.0199637 0)
(1.92892 0.0250186 0)
(1.94413 0.0280628 0)
(1.95719 0.0321052 0)
(1.9626 0.0382141 0)
(1.96484 0.0415556 0)
(1.97582 0.0392192 0)
(1.99094 0.0356968 0)
(2.00667 0.0331791 0)
(2.02219 0.0324416 0)
(2.0373 0.0336948 0)
(2.05158 0.0383446 0)
(2.06201 0.0469098 0)
(2.06619 0.0554582 0)
(2.07171 0.0569321 0)
(2.08267 0.054029 0)
(2.09551 0.0510599 0)
(2.10904 0.0490505 0)
(2.12294 0.0490426 0)
(2.13592 0.0524222 0)
(2.14493 0.0613781 0)
(2.14789 0.0738003 0)
(2.15292 0.0787244 0)
(2.16437 0.0760745 0)
(2.17664 0.0710084 0)
(2.18757 0.064678 0)
(2.19682 0.0591801 0)
(2.20654 0.0587851 0)
(2.21759 0.0650999 0)
(2.22745 0.0760047 0)
(2.23549 0.0857028 0)
(2.24611 0.0882771 0)
(2.25925 0.0860583 0)
(2.27061 0.0792454 0)
(2.28419 0.0726888 0)
(1.52462 0.858314 0)
(1.67076 0.829893 0)
(1.8255 0.766262 0)
(1.98281 0.660804 0)
(2.0877 0.596098 0)
(2.16402 0.534828 0)
(2.28713 0.407852 0)
(2.3825 0.276816 0)
(2.438 0.210324 0)
(2.46019 0.167049 0)
(2.50408 0.0759534 0)
(2.55836 -0.00993586 0)
(2.60183 -0.0594648 0)
(2.62842 -0.125554 0)
(2.63857 -0.221617 0)
(2.65022 -0.262283 0)
(2.67686 -0.264118 0)
(2.69903 -0.277426 0)
(2.70888 -0.329313 0)
(2.70147 -0.360703 0)
(2.7007 -0.366671 0)
(2.70565 -0.37234 0)
(2.70811 -0.374589 0)
(2.69657 -0.354353 0)
(2.67557 -0.322122 0)
(2.63378 -0.308289 0)
(2.40721 -0.503846 0)
(2.21909 -0.638435 0)
(2.066 -0.710499 0)
(2.01395 -0.727268 0)
(2.00824 -0.702943 0)
(1.98093 -0.634338 0)
(1.84828 -0.429886 0)
(1.68934 -0.219098 0)
(1.60868 -0.120152 0)
(1.59176 -0.0795938 0)
(1.59666 -0.0770056 0)
(1.61593 -0.0786683 0)
(1.63943 -0.0762304 0)
(1.65681 -0.0742184 0)
(1.66663 -0.0721232 0)
(1.67606 -0.067213 0)
(1.68312 -0.0575444 0)
(1.6903 -0.042514 0)
(1.70322 -0.0325516 0)
(1.71933 -0.0288939 0)
(1.74027 -0.0288829 0)
(1.75889 -0.0328955 0)
(1.7744 -0.0346108 0)
(1.78787 -0.0333389 0)
(1.79714 -0.0246058 0)
(1.80312 -0.00840513 0)
(1.81525 0.00198755 0)
(1.83164 0.00417647 0)
(1.84821 0.00393071 0)
(1.86436 0.00320683 0)
(1.87876 0.00289461 0)
(1.88844 0.00757871 0)
(1.8928 0.0204782 0)
(1.9017 0.0338335 0)
(1.91716 0.0393941 0)
(1.93481 0.0417422 0)
(1.95298 0.041223 0)
(1.97062 0.039347 0)
(1.98493 0.0383238 0)
(1.9934 0.0389931 0)
(1.99586 0.0442484 0)
(2.00303 0.048732 0)
(2.01879 0.0497501 0)
(2.03483 0.0504131 0)
(2.05206 0.0518555 0)
(2.06891 0.0541452 0)
(2.08381 0.0560504 0)
(2.09655 0.0590694 0)
(2.09845 0.0625695 0)
(2.09456 0.0638662 0)
(2.10251 0.0627151 0)
(2.11684 0.0625315 0)
(2.13311 0.0638641 0)
(2.14943 0.0670494 0)
(2.16456 0.0705449 0)
(2.17791 0.0752825 0)
(2.18415 0.0829694 0)
(2.18208 0.0894311 0)
(2.18582 0.0876911 0)
(2.19646 0.0822349 0)
(2.20805 0.0768321 0)
(2.22078 0.0741724 0)
(2.23492 0.0749297 0)
(2.24934 0.0787498 0)
(2.26177 0.0853663 0)
(2.26885 0.0947882 0)
(2.27165 0.101321 0)
(2.27784 0.0997204 0)
(2.28541 0.0918705 0)
(2.2986 0.0855438 0)
(1.51756 0.849835 0)
(1.64141 0.823636 0)
(1.78086 0.766858 0)
(1.90576 0.700453 0)
(2.0002 0.649208 0)
(2.10103 0.570026 0)
(2.2112 0.473978 0)
(2.29666 0.388917 0)
(2.3589 0.311697 0)
(2.40437 0.23664 0)
(2.45004 0.172515 0)
(2.51291 0.0830408 0)
(2.55044 0.00110447 0)
(2.57309 -0.0240901 0)
(2.58234 -0.0563882 0)
(2.61879 -0.143847 0)
(2.63757 -0.211146 0)
(2.66354 -0.224959 0)
(2.69915 -0.279166 0)
(2.69553 -0.323657 0)
(2.69433 -0.3672 0)
(2.70599 -0.379715 0)
(2.71477 -0.39081 0)
(2.7084 -0.392109 0)
(2.66832 -0.42281 0)
(2.47114 -0.640653 0)
(2.25355 -0.833486 0)
(2.12308 -0.906651 0)
(2.07047 -0.858989 0)
(2.03579 -0.807277 0)
(2.02436 -0.762262 0)
(2.02351 -0.735754 0)
(2.01461 -0.677709 0)
(1.91027 -0.48428 0)
(1.77313 -0.261559 0)
(1.65666 -0.130093 0)
(1.62248 -0.0836439 0)
(1.62988 -0.0690663 0)
(1.64835 -0.0617172 0)
(1.66204 -0.0597908 0)
(1.67909 -0.0599991 0)
(1.69246 -0.0645756 0)
(1.70525 -0.0629589 0)
(1.71868 -0.0480944 0)
(1.72886 -0.0274198 0)
(1.73721 -0.0151247 0)
(1.75061 -0.013952 0)
(1.76675 -0.0162614 0)
(1.78654 -0.0202327 0)
(1.80308 -0.0215989 0)
(1.81741 -0.0176544 0)
(1.82862 -0.00615773 0)
(1.83469 0.00929395 0)
(1.84299 0.0169422 0)
(1.85803 0.0180018 0)
(1.8737 0.0184161 0)
(1.88941 0.0200187 0)
(1.90436 0.0236593 0)
(1.91695 0.0325975 0)
(1.92463 0.0466597 0)
(1.92997 0.055828 0)
(1.94344 0.0556114 0)
(1.96069 0.0529606 0)
(1.97887 0.0495162 0)
(1.99641 0.0449461 0)
(2.01068 0.042785 0)
(2.02028 0.0468465 0)
(2.02552 0.0587751 0)
(2.03602 0.0699221 0)
(2.05168 0.0744502 0)
(2.06689 0.0752447 0)
(2.08362 0.0721474 0)
(2.09939 0.0683327 0)
(2.11133 0.0639387 0)
(2.11464 0.0616783 0)
(2.11158 0.0685018 0)
(2.11571 0.0794073 0)
(2.13006 0.0863152 0)
(2.14585 0.0912653 0)
(2.1617 0.093474 0)
(2.17868 0.0934135 0)
(2.19485 0.0919485 0)
(2.20413 0.0902568 0)
(2.20264 0.0941535 0)
(2.19958 0.100459 0)
(2.20764 0.102424 0)
(2.22138 0.10294 0)
(2.2354 0.103573 0)
(2.25244 0.104555 0)
(2.26772 0.106106 0)
(2.28198 0.107419 0)
(2.29115 0.109941 0)
(2.28935 0.113376 0)
(2.2845 0.113168 0)
(2.29095 0.108825 0)
(2.30889 0.106575 0)
(1.51586 0.837684 0)
(1.62786 0.812014 0)
(1.75213 0.762501 0)
(1.84636 0.729346 0)
(1.93519 0.685333 0)
(2.06308 0.586317 0)
(2.16287 0.496164 0)
(2.20417 0.477507 0)
(2.26253 0.418903 0)
(2.35689 0.290669 0)
(2.41224 0.222075 0)
(2.42262 0.210457 0)
(2.47186 0.134814 0)
(2.51425 0.0436209 0)
(2.54799 0.0180508 0)
(2.55778 -0.00520103 0)
(2.59185 -0.0824602 0)
(2.61102 -0.142842 0)
(2.64007 -0.148469 0)
(2.66436 -0.18191 0)
(2.67604 -0.251417 0)
(2.66509 -0.258726 0)
(2.67813 -0.310806 0)
(2.65175 -0.365907 0)
(2.47438 -0.596577 0)
(2.23871 -0.86084 0)
(2.09643 -0.955506 0)
(2.09144 -0.956607 0)
(2.09235 -0.955214 0)
(2.07861 -0.936666 0)
(2.07161 -0.912922 0)
(2.07486 -0.881596 0)
(2.08644 -0.85299 0)
(2.08183 -0.797114 0)
(2.00372 -0.613001 0)
(1.83428 -0.339581 0)
(1.73214 -0.168939 0)
(1.67828 -0.0926638 0)
(1.66696 -0.05565 0)
(1.67309 -0.0452384 0)
(1.68758 -0.0489991 0)
(1.70406 -0.0538011 0)
(1.72666 -0.0549431 0)
(1.74536 -0.0440623 0)
(1.75874 -0.0301026 0)
(1.7658 -0.0145315 0)
(1.76716 -0.00441638 0)
(1.77761 -0.0031497 0)
(1.7922 -0.00414821 0)
(1.81213 -0.00566784 0)
(1.83258 -0.00385201 0)
(1.84765 0.000212062 0)
(1.85767 0.0102478 0)
(1.85968 0.024484 0)
(1.86844 0.0305333 0)
(1.88422 0.0311665 0)
(1.90143 0.0323088 0)
(1.91873 0.0359824 0)
(1.93471 0.0403515 0)
(1.9471 0.047106 0)
(1.95054 0.0571848 0)
(1.95582 0.0626062 0)
(1.97146 0.0626741 0)
(1.98815 0.0612339 0)
(2.00532 0.0594738 0)
(2.02205 0.0598295 0)
(2.03758 0.0621085 0)
(2.04985 0.0698001 0)
(2.05662 0.082355 0)
(2.06178 0.0905893 0)
(2.07373 0.0912204 0)
(2.0881 0.0879548 0)
(2.10089 0.0816119 0)
(2.11098 0.0753064 0)
(2.12091 0.0739549 0)
(2.12999 0.0795022 0)
(2.13714 0.0927107 0)
(2.14236 0.106008 0)
(2.15121 0.111293 0)
(2.16657 0.111928 0)
(2.18215 0.110088 0)
(2.19587 0.105551 0)
(2.20767 0.100973 0)
(2.21606 0.10001 0)
(2.22068 0.107906 0)
(2.223 0.120362 0)
(2.23117 0.128171 0)
(2.24647 0.130656 0)
(2.2613 0.130712 0)
(2.27504 0.127823 0)
(2.28903 0.123027 0)
(2.29968 0.117386 0)
(2.30144 0.111839 0)
(2.29859 0.115364 0)
(2.30585 0.122286 0)
(2.32225 0.127354 0)
(1.51571 0.834801 0)
(1.61784 0.809432 0)
(1.71822 0.776664 0)
(1.80253 0.751087 0)
(1.90689 0.69341 0)
(2.0135 0.611468 0)
(2.0785 0.572245 0)
(2.12969 0.539814 0)
(2.22077 0.457493 0)
(2.29873 0.35961 0)
(2.34492 0.314268 0)
(2.36891 0.283446 0)
(2.41752 0.213278 0)
(2.46811 0.130838 0)
(2.50621 0.0837331 0)
(2.52675 0.0656586 0)
(2.5439 0.0162819 0)
(2.57599 -0.0607605 0)
(2.5991 -0.0901933 0)
(2.63759 -0.119097 0)
(2.64902 -0.135047 0)
(2.63704 -0.216451 0)
(2.60808 -0.310697 0)
(2.45916 -0.515098 0)
(2.22684 -0.755691 0)
(2.08498 -0.881568 0)
(2.07843 -0.946795 0)
(2.09657 -0.957023 0)
(2.11817 -0.962845 0)
(2.1283 -0.951701 0)
(2.12438 -0.93798 0)
(2.11786 -0.92623 0)
(2.11825 -0.921573 0)
(2.12699 -0.915 0)
(2.12943 -0.885884 0)
(2.08077 -0.764398 0)
(1.92692 -0.472893 0)
(1.81057 -0.242579 0)
(1.72033 -0.112272 0)
(1.6989 -0.048234 0)
(1.69897 -0.0398928 0)
(1.71657 -0.0385971 0)
(1.74247 -0.0413663 0)
(1.76912 -0.0366788 0)
(1.78387 -0.02943 0)
(1.79329 -0.0185187 0)
(1.78954 -0.00244372 0)
(1.79054 0.00651872 0)
(1.80459 0.00838994 0)
(1.82228 0.0100287 0)
(1.84652 0.0119826 0)
(1.86396 0.0156462 0)
(1.87716 0.0207522 0)
(1.88164 0.0313061 0)
(1.88266 0.0418854 0)
(1.8954 0.0453837 0)
(1.91123 0.0469333 0)
(1.92984 0.0478958 0)
(1.9475 0.0482519 0)
(1.9632 0.0506165 0)
(1.97133 0.0591769 0)
(1.97062 0.0716905 0)
(1.97952 0.0762654 0)
(1.99601 0.0769296 0)
(2.01278 0.0769413 0)
(2.03243 0.0777342 0)
(2.04899 0.0794803 0)
(2.06537 0.0811073 0)
(2.07637 0.0852019 0)
(2.07816 0.0923146 0)
(2.08035 0.0971726 0)
(2.08954 0.0968384 0)
(2.10257 0.0949608 0)
(2.11719 0.0945153 0)
(2.13142 0.0958444 0)
(2.14574 0.0986465 0)
(2.15895 0.102681 0)
(2.1652 0.110661 0)
(2.16617 0.120421 0)
(2.17213 0.124857 0)
(2.18408 0.12523 0)
(2.19858 0.124577 0)
(2.21345 0.123934 0)
(2.22765 0.123969 0)
(2.24034 0.125379 0)
(2.24719 0.131422 0)
(2.24929 0.140446 0)
(2.25483 0.145416 0)
(2.26551 0.144616 0)
(2.27856 0.140644 0)
(2.29001 0.13503 0)
(2.29873 0.128659 0)
(2.3062 0.124571 0)
(2.3147 0.127878 0)
(2.32342 0.139789 0)
(2.33766 0.150082 0)
(1.51923 0.825461 0)
(1.61031 0.805882 0)
(1.69773 0.783989 0)
(1.78208 0.755093 0)
(1.88263 0.700023 0)
(1.9666 0.644533 0)
(2.02102 0.623417 0)
(2.09329 0.572735 0)
(2.18936 0.478414 0)
(2.25119 0.411187 0)
(2.27831 0.398361 0)
(2.32067 0.348773 0)
(2.38475 0.260576 0)
(2.42814 0.204792 0)
(2.46213 0.168707 0)
(2.48708 0.125972 0)
(2.50963 0.0826716 0)
(2.52862 0.0472907 0)
(2.56713 -0.00843591 0)
(2.59431 -0.0319297 0)
(2.60235 -0.0930899 0)
(2.56264 -0.204754 0)
(2.44712 -0.420071 0)
(2.18491 -0.687549 0)
(2.0737 -0.784374 0)
(2.0692 -0.846317 0)
(2.08489 -0.859858 0)
(2.09894 -0.874128 0)
(2.11329 -0.887955 0)
(2.12633 -0.90177 0)
(2.13862 -0.905173 0)
(2.13724 -0.904064 0)
(2.13321 -0.903737 0)
(2.13987 -0.908659 0)
(2.14998 -0.910555 0)
(2.16495 -0.90232 0)
(2.15627 -0.851388 0)
(2.06183 -0.657333 0)
(1.89996 -0.369466 0)
(1.80816 -0.174618 0)
(1.73526 -0.0582617 0)
(1.73554 -0.0231323 0)
(1.75414 -0.0219795 0)
(1.78519 -0.0246272 0)
(1.80277 -0.0232857 0)
(1.81416 -0.0180499 0)
(1.81432 -0.00468769 0)
(1.80842 0.01091 0)
(1.8193 0.0166505 0)
(1.8361 0.0204317 0)
(1.86004 0.026124 0)
(1.87935 0.0313296 0)
(1.89385 0.0340962 0)
(1.90274 0.0407511 0)
(1.90241 0.0512432 0)
(1.91093 0.0565864 0)
(1.9266 0.0573011 0)
(1.94323 0.0578881 0)
(1.95975 0.0584086 0)
(1.97596 0.0592964 0)
(1.98971 0.0630398 0)
(1.99551 0.0741094 0)
(1.99595 0.0878976 0)
(2.0069 0.0938001 0)
(2.02194 0.0959915 0)
(2.03747 0.0964075 0)
(2.05463 0.0947194 0)
(2.07094 0.0935065 0)
(2.08591 0.0933804 0)
(2.09314 0.0977901 0)
(2.09107 0.106474 0)
(2.09457 0.112211 0)
(2.10798 0.115323 0)
(2.12324 0.117581 0)
(2.13889 0.119667 0)
(2.15522 0.120338 0)
(2.17077 0.12042 0)
(2.18199 0.121315 0)
(2.18381 0.128435 0)
(2.1831 0.139147 0)
(2.18939 0.145359 0)
(2.20106 0.148194 0)
(2.21659 0.149758 0)
(2.23237 0.150457 0)
(2.24689 0.15057 0)
(2.26042 0.150073 0)
(2.26785 0.150802 0)
(2.26775 0.153454 0)
(2.27193 0.153252 0)
(2.28145 0.150571 0)
(2.29184 0.148279 0)
(2.30249 0.147941 0)
(2.3158 0.149656 0)
(2.32849 0.1564 0)
(2.33804 0.164304 0)
(2.35388 0.168901 0)
(1.5193 0.827554 0)
(1.60106 0.810432 0)
(1.67994 0.792665 0)
(1.75954 0.765644 0)
(1.84746 0.720087 0)
(1.92178 0.681549 0)
(1.98184 0.654396 0)
(2.06294 0.597068 0)
(2.14119 0.517961 0)
(2.18783 0.482293 0)
(2.21671 0.463526 0)
(2.28391 0.39839 0)
(2.34994 0.304752 0)
(2.38733 0.267783 0)
(2.39553 0.262795 0)
(2.44034 0.203799 0)
(2.4801 0.137144 0)
(2.51984 0.09051 0)
(2.53245 0.0841021 0)
(2.53831 0.0284742 0)
(2.49758 -0.0838707 0)
(2.36825 -0.333877 0)
(2.17032 -0.619617 0)
(2.06683 -0.718965 0)
(2.06544 -0.738352 0)
(2.06818 -0.755167 0)
(2.07324 -0.785438 0)
(2.08698 -0.805559 0)
(2.1032 -0.828661 0)
(2.11859 -0.846912 0)
(2.1355 -0.864042 0)
(2.14589 -0.877238 0)
(2.14639 -0.882291 0)
(2.14908 -0.874593 0)
(2.16412 -0.873313 0)
(2.17989 -0.880239 0)
(2.19427 -0.889058 0)
(2.19609 -0.872373 0)
(2.16222 -0.778575 0)
(2.04982 -0.547154 0)
(1.90078 -0.274625 0)
(1.81338 -0.0967728 0)
(1.79361 -0.00574303 0)
(1.80009 -0.0100022 0)
(1.81439 -0.0126439 0)
(1.8305 -0.00991948 0)
(1.83704 -0.00681523 0)
(1.83575 0.00848504 0)
(1.84051 0.022186 0)
(1.85631 0.0302094 0)
(1.87676 0.0379878 0)
(1.89533 0.0437147 0)
(1.91013 0.0466878 0)
(1.92247 0.0506574 0)
(1.92584 0.0588258 0)
(1.9276 0.0672878 0)
(1.94142 0.0697036 0)
(1.95699 0.0702642 0)
(1.97406 0.0709443 0)
(1.99021 0.0721945 0)
(2.0057 0.0739875 0)
(2.01826 0.0805027 0)
(2.02202 0.0950842 0)
(2.02231 0.108114 0)
(2.03427 0.110221 0)
(2.04977 0.109551 0)
(2.06423 0.108645 0)
(2.07789 0.107759 0)
(2.09119 0.106744 0)
(2.10359 0.106151 0)
(2.10977 0.110802 0)
(2.11255 0.122351 0)
(2.12159 0.131755 0)
(2.13526 0.136396 0)
(2.14948 0.138752 0)
(2.16267 0.139986 0)
(2.17474 0.140613 0)
(2.1872 0.141843 0)
(2.198 0.144134 0)
(2.20419 0.150503 0)
(2.20857 0.158249 0)
(2.21686 0.163856 0)
(2.22839 0.167725 0)
(2.24017 0.1696 0)
(2.25238 0.168592 0)
(2.26454 0.16656 0)
(2.2747 0.16462 0)
(2.2802 0.1638 0)
(2.2802 0.165425 0)
(2.28663 0.165416 0)
(2.29936 0.16528 0)
(2.31349 0.168358 0)
(2.3268 0.176929 0)
(2.33969 0.185758 0)
(2.3505 0.189667 0)
(2.36086 0.188206 0)
(1.52844 0.821755 0)
(1.60189 0.808474 0)
(1.67215 0.794615 0)
(1.74641 0.768737 0)
(1.82864 0.728304 0)
(1.89294 0.704301 0)
(1.95286 0.675248 0)
(2.03641 0.613557 0)
(2.10525 0.550166 0)
(2.14449 0.533686 0)
(2.1834 0.5013 0)
(2.25554 0.430051 0)
(2.31165 0.35682 0)
(2.34234 0.335863 0)
(2.36104 0.315026 0)
(2.40974 0.256055 0)
(2.45586 0.19084 0)
(2.47915 0.178451 0)
(2.4876 0.116508 0)
(2.44375 0.00854771 0)
(2.27713 -0.246094 0)
(2.1199 -0.499379 0)
(2.04453 -0.638578 0)
(2.04395 -0.667191 0)
(2.06418 -0.672405 0)
(2.06228 -0.69063 0)
(2.05608 -0.716618 0)
(2.07058 -0.733381 0)
(2.08873 -0.758655 0)
(2.10664 -0.776132 0)
(2.12651 -0.788602 0)
(2.14416 -0.797524 0)
(2.15118 -0.808849 0)
(2.152 -0.818619 0)
(2.16222 -0.82578 0)
(2.18321 -0.836584 0)
(2.20136 -0.8449 0)
(2.22101 -0.852281 0)
(2.23658 -0.858011 0)
(2.22886 -0.822932 0)
(2.16205 -0.676188 0)
(2.05525 -0.436071 0)
(1.91206 -0.170504 0)
(1.87823 -0.0577824 0)
(1.84562 -0.00698636 0)
(1.84807 0.00111942 0)
(1.85806 0.00842483 0)
(1.86984 0.0123156 0)
(1.87314 0.021086 0)
(1.88651 0.0354216 0)
(1.90267 0.0465525 0)
(1.91736 0.051862 0)
(1.93161 0.0537875 0)
(1.9447 0.0570557 0)
(1.95256 0.0650142 0)
(1.9523 0.0774182 0)
(1.95929 0.0840058 0)
(1.97376 0.0856178 0)
(1.98961 0.0869521 0)
(2.00683 0.088355 0)
(2.0222 0.0899615 0)
(2.03741 0.0920643 0)
(2.04824 0.0988862 0)
(2.04904 0.11276 0)
(2.04862 0.122337 0)
(2.0591 0.123429 0)
(2.07319 0.123331 0)
(2.0877 0.123627 0)
(2.10186 0.124664 0)
(2.11513 0.126409 0)
(2.1264 0.129902 0)
(2.133 0.13774 0)
(2.1368 0.147703 0)
(2.14459 0.153438 0)
(2.15732 0.155561 0)
(2.17193 0.156783 0)
(2.18688 0.158289 0)
(2.20149 0.160578 0)
(2.21477 0.163549 0)
(2.22417 0.167794 0)
(2.22834 0.173295 0)
(2.23172 0.17806 0)
(2.23909 0.180718 0)
(2.24948 0.181946 0)
(2.26017 0.182114 0)
(2.26971 0.181608 0)
(2.27772 0.180368 0)
(2.28453 0.17942 0)
(2.29113 0.178976 0)
(2.30145 0.182149 0)
(2.31402 0.186061 0)
(2.32671 0.191406 0)
(2.34027 0.195785 0)
(2.35293 0.200982 0)
(2.36026 0.202851 0)
(2.36343 0.19954 0)
(1.53509 0.835222 0)
(1.5972 0.822071 0)
(1.65958 0.807005 0)
(1.73048 0.779516 0)
(1.80008 0.748847 0)
(1.85754 0.730195 0)
(1.92678 0.69291 0)
(2.00447 0.631686 0)
(2.05657 0.596446 0)
(2.09084 0.585005 0)
(2.15278 0.537834 0)
(2.22593 0.45691 0)
(2.26915 0.411577 0)
(2.28873 0.405485 0)
(2.32455 0.371915 0)
(2.38764 0.306705 0)
(2.41192 0.270878 0)
(2.4144 0.190359 0)
(2.38098 0.0600378 0)
(2.21448 -0.182125 0)
(2.0538 -0.399095 0)
(1.99867 -0.528551 0)
(2.00802 -0.572623 0)
(2.03144 -0.583006 0)
(2.0564 -0.609712 0)
(2.06422 -0.638631 0)
(2.05329 -0.657161 0)
(2.05915 -0.67516 0)
(2.07748 -0.695026 0)
(2.09847 -0.718917 0)
(2.11901 -0.739635 0)
(2.13922 -0.755574 0)
(2.15729 -0.767517 0)
(2.16746 -0.772137 0)
(2.17112 -0.776535 0)
(2.18379 -0.781175 0)
(2.20263 -0.791108 0)
(2.22419 -0.798511 0)
(2.24227 -0.81182 0)
(2.2653 -0.819438 0)
(2.27419 -0.815168 0)
(2.26147 -0.756322 0)
(2.18232 -0.588279 0)
(2.07026 -0.343923 0)
(1.94528 -0.124694 0)
(1.92089 -0.0323075 0)
(1.89733 0.00179989 0)
(1.89888 0.0248158 0)
(1.91122 0.0411614 0)
(1.92311 0.0465111 0)
(1.93447 0.0530494 0)
(1.94624 0.0576427 0)
(1.95734 0.0596279 0)
(1.96903 0.0622944 0)
(1.98046 0.0675062 0)
(1.98703 0.079511 0)
(1.98782 0.0959913 0)
(1.99544 0.104342 0)
(2.00966 0.106187 0)
(2.02548 0.106845 0)
(2.042 0.106163 0)
(2.0572 0.106299 0)
(2.07113 0.107892 0)
(2.07823 0.115518 0)
(2.07473 0.129806 0)
(2.07554 0.138117 0)
(2.08835 0.139577 0)
(2.10327 0.140849 0)
(2.11839 0.143374 0)
(2.13241 0.14795 0)
(2.14438 0.153375 0)
(2.15247 0.158807 0)
(2.15486 0.163558 0)
(2.15801 0.166324 0)
(2.16857 0.16851 0)
(2.18314 0.171833 0)
(2.19823 0.17639 0)
(2.21229 0.181703 0)
(2.22465 0.187122 0)
(2.23426 0.191995 0)
(2.23899 0.193252 0)
(2.24281 0.191642 0)
(2.24851 0.192199 0)
(2.25859 0.194147 0)
(2.27011 0.19607 0)
(2.28014 0.197884 0)
(2.28731 0.200059 0)
(2.29337 0.203343 0)
(2.30419 0.20734 0)
(2.31405 0.21099 0)
(2.32575 0.212109 0)
(2.33842 0.21222 0)
(2.34996 0.212169 0)
(2.35964 0.212836 0)
(2.36452 0.210467 0)
(2.36736 0.211442 0)
(1.55603 0.837139 0)
(1.60657 0.824256 0)
(1.66126 0.807271 0)
(1.72686 0.780668 0)
(1.78831 0.75813 0)
(1.84176 0.739547 0)
(1.90915 0.701619 0)
(1.97621 0.653054 0)
(2.02304 0.632933 0)
(2.06495 0.608961 0)
(2.13527 0.551373 0)
(2.19263 0.486642 0)
(2.22289 0.473291 0)
(2.2453 0.459977 0)
(2.31411 0.398395 0)
(2.35793 0.357082 0)
(2.33685 0.260465 0)
(2.27546 0.0837806 0)
(2.14981 -0.16522 0)
(1.99612 -0.348297 0)
(1.95685 -0.441103 0)
(1.96607 -0.483619 0)
(1.98633 -0.507481 0)
(2.0144 -0.528941 0)
(2.03859 -0.563546 0)
(2.05381 -0.587612 0)
(2.05823 -0.602338 0)
(2.05093 -0.615983 0)
(2.06504 -0.637174 0)
(2.08713 -0.657491 0)
(2.10927 -0.676221 0)
(2.13255 -0.69232 0)
(2.1542 -0.708834 0)
(2.17336 -0.718718 0)
(2.18373 -0.718576 0)
(2.18525 -0.717158 0)
(2.19983 -0.730643 0)
(2.22152 -0.741582 0)
(2.24445 -0.748738 0)
(2.26967 -0.759561 0)
(2.28976 -0.77652 0)
(2.30878 -0.781578 0)
(2.31289 -0.761339 0)
(2.2921 -0.683479 0)
(2.19919 -0.506245 0)
(2.08058 -0.260901 0)
(2.00976 -0.101839 0)
(1.96174 0.0048012 0)
(1.95843 0.0378486 0)
(1.96164 0.0544783 0)
(1.96816 0.0682805 0)
(1.97301 0.0738583 0)
(1.98371 0.0728459 0)
(1.99674 0.0735797 0)
(2.00985 0.0764096 0)
(2.02191 0.0849026 0)
(2.02875 0.0997671 0)
(2.02885 0.116865 0)
(2.0336 0.125298 0)
(2.04743 0.126535 0)
(2.06239 0.126536 0)
(2.07755 0.125359 0)
(2.09212 0.124071 0)
(2.10395 0.125 0)
(2.10785 0.132964 0)
(2.10479 0.14702 0)
(2.11022 0.155896 0)
(2.12362 0.159875 0)
(2.13762 0.163737 0)
(2.15187 0.168883 0)
(2.16499 0.174816 0)
(2.17295 0.180484 0)
(2.17205 0.18351 0)
(2.17324 0.183636 0)
(2.18432 0.18405 0)
(2.19837 0.186108 0)
(2.21298 0.190206 0)
(2.22675 0.197358 0)
(2.23727 0.206129 0)
(2.24205 0.212142 0)
(2.24147 0.212781 0)
(2.24587 0.209322 0)
(2.25907 0.20561 0)
(2.27243 0.203496 0)
(2.28531 0.203923 0)
(2.29657 0.207978 0)
(2.30572 0.216398 0)
(2.3123 0.228564 0)
(2.31553 0.237986 0)
(2.31986 0.238665 0)
(2.32966 0.235215 0)
(2.34091 0.231876 0)
(2.35226 0.228924 0)
(2.36295 0.224812 0)
(2.36951 0.219728 0)
(2.37288 0.227832 0)
(1.57101 0.85964 0)
(1.61335 0.844653 0)
(1.665 0.821911 0)
(1.72223 0.795448 0)
(1.77145 0.779608 0)
(1.82219 0.759212 0)
(1.88856 0.719743 0)
(1.9484 0.680105 0)
(1.98836 0.666819 0)
(2.03923 0.635 0)
(2.10538 0.576253 0)
(2.15311 0.532998 0)
(2.17691 0.530248 0)
(2.23056 0.490923 0)
(2.2722 0.441475 0)
(2.26327 0.334083 0)
(2.15906 0.116429 0)
(2.04664 -0.126309 0)
(1.97346 -0.288495 0)
(1.94466 -0.362795 0)
(1.93806 -0.386533 0)
(1.94189 -0.413813 0)
(1.96613 -0.443756 0)
(1.99373 -0.472008 0)
(2.02179 -0.511532 0)
(2.04104 -0.538844 0)
(2.05529 -0.559564 0)
(2.05448 -0.574247 0)
(2.058 -0.589654 0)
(2.08129 -0.606594 0)
(2.10604 -0.62466 0)
(2.13019 -0.639086 0)
(2.15475 -0.655187 0)
(2.17688 -0.671255 0)
(2.19406 -0.685773 0)
(2.20527 -0.689977 0)
(2.21439 -0.690018 0)
(2.23124 -0.695033 0)
(2.25338 -0.703628 0)
(2.27686 -0.710381 0)
(2.2992 -0.713868 0)
(2.32118 -0.728327 0)
(2.33843 -0.738769 0)
(2.35056 -0.734748 0)
(2.33869 -0.694857 0)
(2.31234 -0.605127 0)
(2.22643 -0.418285 0)
(2.10739 -0.175469 0)
(2.07158 -0.0478331 0)
(2.02869 0.0343691 0)
(2.00895 0.0725119 0)
(2.00059 0.0839149 0)
(2.01012 0.0919147 0)
(2.0283 0.0958764 0)
(2.04052 0.0965007 0)
(2.05518 0.0999889 0)
(2.06701 0.108366 0)
(2.07216 0.122174 0)
(2.06987 0.138151 0)
(2.07445 0.144304 0)
(2.08746 0.145032 0)
(2.10128 0.145124 0)
(2.11482 0.144841 0)
(2.12754 0.145231 0)
(2.13733 0.149258 0)
(2.1399 0.160608 0)
(2.13889 0.174112 0)
(2.14713 0.18029 0)
(2.16055 0.182775 0)
(2.17473 0.185183 0)
(2.18837 0.189343 0)
(2.19734 0.19647 0)
(2.19451 0.204861 0)
(2.19007 0.208419 0)
(2.20154 0.20848 0)
(2.21502 0.209359 0)
(2.22915 0.210596 0)
(2.24419 0.212524 0)
(2.25727 0.21692 0)
(2.26103 0.223984 0)
(2.25356 0.229484 0)
(2.25346 0.23013 0)
(2.26513 0.229385 0)
(2.27852 0.22953 0)
(2.29294 0.230231 0)
(2.30891 0.233413 0)
(2.32364 0.237652 0)
(2.3362 0.243705 0)
(2.33993 0.251031 0)
(2.33425 0.255644 0)
(2.33635 0.252981 0)
(2.34467 0.247856 0)
(2.35443 0.24382 0)
(2.36398 0.239238 0)
(2.37287 0.23863 0)
(2.38695 0.244362 0)
(1.59519 0.87144 0)
(1.63442 0.853067 0)
(1.68226 0.828225 0)
(1.72794 0.80903 0)
(1.76787 0.795147 0)
(1.81917 0.767116 0)
(1.88427 0.72445 0)
(1.92976 0.704149 0)
(1.96438 0.69135 0)
(2.02273 0.651215 0)
(2.08517 0.594182 0)
(2.12188 0.580816 0)
(2.15654 0.562081 0)
(2.19237 0.507584 0)
(2.17269 0.372832 0)
(2.06583 0.147968 0)
(1.91984 -0.0885273 0)
(1.89164 -0.230501 0)
(1.90701 -0.31276 0)
(1.9254 -0.33778 0)
(1.93404 -0.34972 0)
(1.93209 -0.374101 0)
(1.9489 -0.399475 0)
(1.97749 -0.429091 0)
(2.00574 -0.467291 0)
(2.0282 -0.494491 0)
(2.04743 -0.516056 0)
(2.05783 -0.534456 0)
(2.06219 -0.545961 0)
(2.0788 -0.559 0)
(2.10398 -0.573892 0)
(2.12962 -0.588517 0)
(2.15519 -0.60486 0)
(2.17911 -0.619272 0)
(2.20074 -0.631763 0)
(2.21852 -0.637535 0)
(2.22914 -0.64141 0)
(2.24163 -0.643305 0)
(2.26102 -0.646445 0)
(2.28347 -0.654024 0)
(2.30661 -0.662064 0)
(2.32891 -0.669364 0)
(2.35126 -0.677143 0)
(2.36896 -0.691557 0)
(2.38545 -0.682013 0)
(2.38792 -0.669132 0)
(2.38419 -0.638515 0)
(2.3436 -0.535592 0)
(2.26222 -0.339354 0)
(2.15952 -0.118976 0)
(2.1237 -0.00123389 0)
(2.06951 0.0615908 0)
(2.04866 0.104268 0)
(2.05423 0.117828 0)
(2.06774 0.123879 0)
(2.08712 0.125956 0)
(2.10066 0.127105 0)
(2.11204 0.132597 0)
(2.11366 0.144544 0)
(2.10977 0.15829 0)
(2.11484 0.165125 0)
(2.12731 0.166974 0)
(2.1402 0.167892 0)
(2.15273 0.16908 0)
(2.16471 0.171463 0)
(2.1737 0.177675 0)
(2.17603 0.189993 0)
(2.17665 0.201088 0)
(2.18565 0.204561 0)
(2.19864 0.205356 0)
(2.21151 0.205947 0)
(2.22221 0.207764 0)
(2.22647 0.214493 0)
(2.22095 0.227564 0)
(2.22172 0.234409 0)
(2.23668 0.235037 0)
(2.25191 0.232571 0)
(2.26463 0.22846 0)
(2.27637 0.225637 0)
(2.28175 0.227441 0)
(2.27552 0.239992 0)
(2.26889 0.253083 0)
(2.28015 0.256309 0)
(2.29389 0.257167 0)
(2.30927 0.256914 0)
(2.32626 0.255924 0)
(2.34191 0.256838 0)
(2.35675 0.258146 0)
(2.36275 0.261578 0)
(2.35142 0.26786 0)
(2.34232 0.268242 0)
(2.34915 0.264553 0)
(2.35946 0.261695 0)
(2.3715 0.260359 0)
(2.38417 0.263419 0)
(2.40449 0.270693 0)
(1.62042 0.8914 0)
(1.65759 0.871023 0)
(1.69782 0.849153 0)
(1.73395 0.834829 0)
(1.77114 0.814965 0)
(1.8261 0.776844 0)
(1.87514 0.74486 0)
(1.9053 0.737654 0)
(1.94824 0.715776 0)
(2.0149 0.663134 0)
(2.06421 0.627518 0)
(2.08775 0.620928 0)
(2.10513 0.553503 0)
(2.07343 0.390004 0)
(1.97642 0.140256 0)
(1.83426 -0.0659651 0)
(1.8112 -0.150955 0)
(1.85496 -0.204309 0)
(1.88104 -0.235349 0)
(1.91465 -0.27247 0)
(1.92911 -0.305691 0)
(1.92579 -0.334352 0)
(1.93452 -0.361587 0)
(1.96104 -0.386785 0)
(1.98955 -0.418238 0)
(2.016 -0.446369 0)
(2.04029 -0.468163 0)
(2.0603 -0.487663 0)
(2.07249 -0.501568 0)
(2.08371 -0.515094 0)
(2.10561 -0.530926 0)
(2.13116 -0.543678 0)
(2.15844 -0.559336 0)
(2.18434 -0.574436 0)
(2.2087 -0.587412 0)
(2.23143 -0.594446 0)
(2.24784 -0.599947 0)
(2.25931 -0.604658 0)
(2.27536 -0.609282 0)
(2.29713 -0.613301 0)
(2.32021 -0.618433 0)
(2.34136 -0.627977 0)
(2.36285 -0.632006 0)
(2.38206 -0.635066 0)
(2.40061 -0.638083 0)
(2.40966 -0.642312 0)
(2.41898 -0.630822 0)
(2.42253 -0.620012 0)
(2.42233 -0.585816 0)
(2.37883 -0.469501 0)
(2.29798 -0.26459 0)
(2.2332 -0.0955879 0)
(2.14554 0.046719 0)
(2.09644 0.134115 0)
(2.09588 0.150197 0)
(2.11275 0.149009 0)
(2.12569 0.150345 0)
(2.14354 0.153384 0)
(2.15069 0.154936 0)
(2.15189 0.163988 0)
(2.15012 0.177367 0)
(2.15627 0.187191 0)
(2.16871 0.192779 0)
(2.18115 0.196084 0)
(2.19371 0.198151 0)
(2.20511 0.200431 0)
(2.21227 0.205809 0)
(2.21364 0.216142 0)
(2.21523 0.225559 0)
(2.22333 0.229087 0)
(2.23483 0.23007 0)
(2.24592 0.230084 0)
(2.25451 0.230564 0)
(2.25734 0.237037 0)
(2.2546 0.252378 0)
(2.25401 0.261429 0)
(2.26226 0.259397 0)
(2.27491 0.255149 0)
(2.28722 0.250592 0)
(2.29706 0.247303 0)
(2.30147 0.249749 0)
(2.3002 0.264367 0)
(2.29773 0.279255 0)
(2.30716 0.283607 0)
(2.32204 0.284496 0)
(2.33828 0.282203 0)
(2.35345 0.278622 0)
(2.36785 0.277118 0)
(2.37762 0.275792 0)
(2.36954 0.279466 0)
(2.35318 0.28518 0)
(2.35603 0.286211 0)
(2.36904 0.286419 0)
(2.38263 0.28733 0)
(2.39948 0.293052 0)
(2.41925 0.299584 0)
(1.63563 0.912339 0)
(1.67233 0.892162 0)
(1.71153 0.869344 0)
(1.74237 0.855154 0)
(1.78079 0.830511 0)
(1.8336 0.791595 0)
(1.86699 0.77311 0)
(1.89798 0.76117 0)
(1.95335 0.724342 0)
(2.00404 0.679916 0)
(2.03669 0.663167 0)
(2.02512 0.583104 0)
(1.94265 0.377625 0)
(1.86294 0.12731 0)
(1.80145 -0.025856 0)
(1.7724 -0.109019 0)
(1.79623 -0.144896 0)
(1.83374 -0.165203 0)
(1.86832 -0.199407 0)
(1.898 -0.237821 0)
(1.91847 -0.275384 0)
(1.92454 -0.312444 0)
(1.93234 -0.344535 0)
(1.95924 -0.367801 0)
(1.9884 -0.390032 0)
(2.01615 -0.410963 0)
(2.04278 -0.429076 0)
(2.06609 -0.448211 0)
(2.08191 -0.463727 0)
(2.09207 -0.477983 0)
(2.11235 -0.49506 0)
(2.1386 -0.506002 0)
(2.16687 -0.518455 0)
(2.194 -0.530219 0)
(2.21942 -0.542088 0)
(2.24317 -0.549936 0)
(2.26182 -0.556239 0)
(2.27452 -0.559519 0)
(2.28758 -0.560917 0)
(2.30641 -0.56347 0)
(2.3287 -0.563849 0)
(2.34955 -0.56976 0)
(2.36981 -0.576073 0)
(2.38926 -0.582671 0)
(2.40816 -0.584754 0)
(2.42373 -0.590271 0)
(2.43742 -0.592934 0)
(2.44341 -0.593646 0)
(2.4603 -0.588209 0)
(2.46584 -0.57736 0)
(2.46391 -0.530432 0)
(2.42168 -0.4043 0)
(2.32481 -0.198925 0)
(2.25787 -0.0334727 0)
(2.18877 0.0976456 0)
(2.15137 0.170174 0)
(2.15137 0.167586 0)
(2.16533 0.172003 0)
(2.17833 0.177187 0)
(2.18686 0.179981 0)
(2.1868 0.188421 0)
(2.1855 0.206853 0)
(2.19434 0.21553 0)
(2.2089 0.218655 0)
(2.2226 0.220586 0)
(2.23467 0.223019 0)
(2.24379 0.225403 0)
(2.24886 0.230333 0)
(2.25005 0.240381 0)
(2.25093 0.250301 0)
(2.2585 0.254945 0)
(2.26964 0.256547 0)
(2.27954 0.256947 0)
(2.28567 0.257908 0)
(2.28707 0.263936 0)
(2.28514 0.275274 0)
(2.28432 0.283193 0)
(2.29159 0.282649 0)
(2.3016 0.280566 0)
(2.3115 0.279603 0)
(2.3212 0.279476 0)
(2.32813 0.28126 0)
(2.32917 0.290344 0)
(2.32896 0.302884 0)
(2.3346 0.307809 0)
(2.34555 0.306529 0)
(2.35915 0.302069 0)
(2.37177 0.296738 0)
(2.3806 0.29091 0)
(2.38225 0.285928 0)
(2.37299 0.292718 0)
(2.37045 0.305802 0)
(2.37868 0.31582 0)
(2.39032 0.321703 0)
(2.40192 0.326478 0)
(2.42401 0.327796 0)
(1.6532 0.92503 0)
(1.69208 0.901566 0)
(1.72204 0.88843 0)
(1.7502 0.874004 0)
(1.79966 0.838013 0)
(1.84369 0.807393 0)
(1.86558 0.802017 0)
(1.90679 0.78062 0)
(1.95077 0.744367 0)
(1.9756 0.693108 0)
(1.95497 0.578532 0)
(1.85425 0.378005 0)
(1.74961 0.153687 0)
(1.73743 -4.39127e-05 0)
(1.75047 -0.0574228 0)
(1.77429 -0.0867359 0)
(1.7925 -0.104463 0)
(1.81988 -0.131419 0)
(1.85167 -0.167669 0)
(1.88199 -0.212682 0)
(1.90534 -0.243506 0)
(1.92224 -0.272087 0)
(1.93371 -0.298 0)
(1.9589 -0.320989 0)
(1.98945 -0.343728 0)
(2.01912 -0.36697 0)
(2.04691 -0.386101 0)
(2.07171 -0.405883 0)
(2.0902 -0.423222 0)
(2.1029 -0.43704 0)
(2.12137 -0.45221 0)
(2.1474 -0.462553 0)
(2.17607 -0.473615 0)
(2.20402 -0.484557 0)
(2.22972 -0.496242 0)
(2.25321 -0.503987 0)
(2.27267 -0.511649 0)
(2.28751 -0.519509 0)
(2.3017 -0.52451 0)
(2.31983 -0.528371 0)
(2.34252 -0.529044 0)
(2.36407 -0.533847 0)
(2.38442 -0.535891 0)
(2.40191 -0.537517 0)
(2.41805 -0.534961 0)
(2.43177 -0.534448 0)
(2.44456 -0.535642 0)
(2.45832 -0.540522 0)
(2.47164 -0.547209 0)
(2.48873 -0.543105 0)
(2.49946 -0.543564 0)
(2.50135 -0.527548 0)
(2.48989 -0.469009 0)
(2.43988 -0.324137 0)
(2.36109 -0.135491 0)
(2.2539 0.0708464 0)
(2.22561 0.127997 0)
(2.20012 0.172715 0)
(2.20508 0.196553 0)
(2.20429 0.203981 0)
(2.21273 0.209898 0)
(2.21826 0.219856 0)
(2.21427 0.233503 0)
(2.21723 0.241739 0)
(2.23354 0.244968 0)
(2.24864 0.248017 0)
(2.2625 0.250023 0)
(2.27528 0.250172 0)
(2.28029 0.256085 0)
(2.27887 0.267337 0)
(2.27708 0.278167 0)
(2.28119 0.284353 0)
(2.29009 0.286891 0)
(2.30132 0.287388 0)
(2.31183 0.287124 0)
(2.31781 0.288981 0)
(2.31844 0.295251 0)
(2.31744 0.303275 0)
(2.3226 0.306444 0)
(2.33374 0.306245 0)
(2.34527 0.305968 0)
(2.35424 0.306619 0)
(2.3588 0.310725 0)
(2.35907 0.318881 0)
(2.35934 0.324876 0)
(2.36449 0.324382 0)
(2.37281 0.321692 0)
(2.3807 0.317662 0)
(2.38632 0.313417 0)
(2.38979 0.312586 0)
(2.39203 0.317866 0)
(2.39437 0.329338 0)
(2.39959 0.341821 0)
(2.40931 0.347347 0)
(2.41737 0.349069 0)
(2.43317 0.34041 0)
(1.67333 0.943892 0)
(1.70739 0.923703 0)
(1.73281 0.912456 0)
(1.76927 0.884692 0)
(1.8182 0.847803 0)
(1.83637 0.845668 0)
(1.87315 0.828119 0)
(1.91179 0.806821 0)
(1.90644 0.713656 0)
(1.86886 0.55032 0)
(1.78056 0.326341 0)
(1.67271 0.15811 0)
(1.67543 0.062222 0)
(1.72327 0.00280107 0)
(1.75526 -0.0273646 0)
(1.7845 -0.0524187 0)
(1.80384 -0.0852067 0)
(1.82218 -0.127448 0)
(1.85356 -0.1641 0)
(1.8827 -0.197695 0)
(1.90868 -0.225191 0)
(1.93109 -0.250097 0)
(1.94693 -0.272021 0)
(1.96885 -0.294639 0)
(1.99821 -0.315998 0)
(2.02778 -0.337074 0)
(2.05596 -0.356404 0)
(2.08179 -0.376113 0)
(2.10246 -0.39266 0)
(2.11821 -0.404376 0)
(2.13511 -0.415208 0)
(2.15861 -0.423789 0)
(2.18623 -0.434464 0)
(2.21381 -0.444421 0)
(2.23911 -0.455631 0)
(2.262 -0.462802 0)
(2.28157 -0.467981 0)
(2.29725 -0.472961 0)
(2.31159 -0.477619 0)
(2.32842 -0.482791 0)
(2.3506 -0.482545 0)
(2.37231 -0.486924 0)
(2.39334 -0.489592 0)
(2.41197 -0.491042 0)
(2.42798 -0.487971 0)
(2.44002 -0.487131 0)
(2.45089 -0.486776 0)
(2.46426 -0.485664 0)
(2.47952 -0.49487 0)
(2.49777 -0.50272 0)
(2.5133 -0.505163 0)
(2.52905 -0.499479 0)
(2.52763 -0.501757 0)
(2.5263 -0.467946 0)
(2.51052 -0.393956 0)
(2.45374 -0.251188 0)
(2.38159 -0.0844435 0)
(2.26808 0.12895 0)
(2.24542 0.179246 0)
(2.23883 0.207976 0)
(2.24369 0.222638 0)
(2.23901 0.231286 0)
(2.23664 0.243351 0)
(2.23741 0.255442 0)
(2.24287 0.262296 0)
(2.25216 0.265384 0)
(2.26384 0.268793 0)
(2.2771 0.273858 0)
(2.28991 0.278657 0)
(2.29887 0.284975 0)
(2.29884 0.291611 0)
(2.30041 0.297132 0)
(2.30944 0.302279 0)
(2.32129 0.309158 0)
(2.3319 0.315544 0)
(2.34229 0.317137 0)
(2.34671 0.318748 0)
(2.34574 0.321228 0)
(2.34833 0.324394 0)
(2.35547 0.327233 0)
(2.3643 0.329648 0)
(2.37388 0.33168 0)
(2.38247 0.334701 0)
(2.38744 0.337996 0)
(2.38784 0.341311 0)
(2.38714 0.342865 0)
(2.38977 0.342233 0)
(2.39507 0.340152 0)
(2.40153 0.339188 0)
(2.40968 0.342003 0)
(2.41664 0.348481 0)
(2.42315 0.354471 0)
(2.4259 0.361255 0)
(2.42698 0.365711 0)
(2.43413 0.357815 0)
(2.42823 0.324219 0)
(1.68769 0.960314 0)
(1.71379 0.94677 0)
(1.74865 0.927484 0)
(1.78966 0.89513 0)
(1.81679 0.885042 0)
(1.84312 0.869141 0)
(1.87019 0.837915 0)
(1.85818 0.735007 0)
(1.76481 0.519101 0)
(1.68781 0.290173 0)
(1.66292 0.164863 0)
(1.65434 0.109099 0)
(1.68349 0.0661763 0)
(1.72655 0.0373431 0)
(1.76728 0.00188375 0)
(1.79443 -0.0343689 0)
(1.8126 -0.0653881 0)
(1.82881 -0.0985201 0)
(1.85737 -0.129739 0)
(1.88913 -0.161285 0)
(1.91764 -0.190422 0)
(1.94172 -0.213275 0)
(1.96008 -0.232434 0)
(1.97835 -0.253008 0)
(2.00402 -0.273962 0)
(2.03299 -0.294664 0)
(2.06084 -0.312879 0)
(2.08707 -0.329934 0)
(2.11039 -0.344406 0)
(2.12976 -0.357885 0)
(2.14678 -0.372868 0)
(2.1673 -0.383739 0)
(2.19289 -0.394732 0)
(2.22 -0.40414 0)
(2.24584 -0.414571 0)
(2.26937 -0.421478 0)
(2.28957 -0.426329 0)
(2.30531 -0.430999 0)
(2.31906 -0.433999 0)
(2.33448 -0.439695 0)
(2.35629 -0.439763 0)
(2.37917 -0.444379 0)
(2.40144 -0.448064 0)
(2.42119 -0.45153 0)
(2.43796 -0.449828 0)
(2.44908 -0.445551 0)
(2.45454 -0.441295 0)
(2.46308 -0.436618 0)
(2.47986 -0.442381 0)
(2.50046 -0.446212 0)
(2.52026 -0.452588 0)
(2.53937 -0.459299 0)
(2.54644 -0.46434 0)
(2.5511 -0.451389 0)
(2.5516 -0.444553 0)
(2.54013 -0.395241 0)
(2.52324 -0.329894 0)
(2.4475 -0.173432 0)
(2.39599 -0.0230506 0)
(2.30576 0.157495 0)
(2.27633 0.227051 0)
(2.25504 0.253291 0)
(2.25525 0.258167 0)
(2.25121 0.271586 0)
(2.2527 0.282404 0)
(2.26221 0.285216 0)
(2.27536 0.29135 0)
(2.28718 0.298025 0)
(2.29585 0.297514 0)
(2.30164 0.298593 0)
(2.31073 0.305889 0)
(2.31887 0.314093 0)
(2.3257 0.324177 0)
(2.33211 0.333045 0)
(2.33739 0.338805 0)
(2.3441 0.343648 0)
(2.35455 0.341829 0)
(2.36543 0.338534 0)
(2.37178 0.338946 0)
(2.37603 0.342287 0)
(2.38194 0.347936 0)
(2.38774 0.355192 0)
(2.39203 0.362731 0)
(2.39648 0.36593 0)
(2.40314 0.365371 0)
(2.40923 0.363079 0)
(2.41388 0.362294 0)
(2.42004 0.363238 0)
(2.42902 0.364553 0)
(2.43808 0.369957 0)
(2.4445 0.3751 0)
(2.441 0.382797 0)
(2.43698 0.381748 0)
(2.43217 0.366588 0)
(2.42284 0.332991 0)
(2.37 0.194351 0)
(1.78463 0.966286 0)
(1.7172 0.959983 0)
(1.75023 0.94537 0)
(1.79909 0.91978 0)
(1.81817 0.914338 0)
(1.825 0.856777 0)
(1.78794 0.708551 0)
(1.68323 0.476135 0)
(1.60154 0.290958 0)
(1.61936 0.19084 0)
(1.65533 0.12801 0)
(1.68084 0.103747 0)
(1.69931 0.0829009 0)
(1.73337 0.0549814 0)
(1.77229 0.0202111 0)
(1.80335 -0.0213745 0)
(1.82413 -0.056202 0)
(1.8434 -0.0872232 0)
(1.86903 -0.114863 0)
(1.89947 -0.141012 0)
(1.92907 -0.168917 0)
(1.95442 -0.193694 0)
(1.97589 -0.213945 0)
(1.99491 -0.233048 0)
(2.01628 -0.249758 0)
(2.04154 -0.264641 0)
(2.06833 -0.279281 0)
(2.09502 -0.296326 0)
(2.11897 -0.311326 0)
(2.13919 -0.323118 0)
(2.15589 -0.335163 0)
(2.17395 -0.345351 0)
(2.19768 -0.35701 0)
(2.22434 -0.366377 0)
(2.2507 -0.37595 0)
(2.27476 -0.382327 0)
(2.29514 -0.386207 0)
(2.30999 -0.390319 0)
(2.32231 -0.391201 0)
(2.33551 -0.394865 0)
(2.35484 -0.393071 0)
(2.37692 -0.394908 0)
(2.39999 -0.396341 0)
(2.42136 -0.39977 0)
(2.43962 -0.401959 0)
(2.4525 -0.403528 0)
(2.45918 -0.403029 0)
(2.46483 -0.394712 0)
(2.47238 -0.394843 0)
(2.48763 -0.393707 0)
(2.50825 -0.395463 0)
(2.53114 -0.395864 0)
(2.55299 -0.40609 0)
(2.56901 -0.413937 0)
(2.57234 -0.408952 0)
(2.55554 -0.391551 0)
(2.5636 -0.374083 0)
(2.56353 -0.349747 0)
(2.54887 -0.277561 0)
(2.47083 -0.113095 0)
(2.39003 0.0570041 0)
(2.35867 0.16823 0)
(2.28732 0.25819 0)
(2.26413 0.299938 0)
(2.26077 0.310576 0)
(2.26847 0.317624 0)
(2.27683 0.322522 0)
(2.28464 0.31825 0)
(2.29301 0.318492 0)
(2.3069 0.323303 0)
(2.31709 0.330597 0)
(2.32716 0.34028 0)
(2.33803 0.348452 0)
(2.34599 0.353622 0)
(2.35003 0.356583 0)
(2.34853 0.357803 0)
(2.35134 0.359279 0)
(2.36424 0.363325 0)
(2.37543 0.365684 0)
(2.3869 0.36753 0)
(2.39612 0.371448 0)
(2.40402 0.376262 0)
(2.41031 0.381647 0)
(2.41274 0.387069 0)
(2.40857 0.389809 0)
(2.4077 0.391428 0)
(2.41333 0.396035 0)
(2.42104 0.39937 0)
(2.43046 0.399487 0)
(2.43933 0.398701 0)
(2.44888 0.402004 0)
(2.44176 0.382803 0)
(2.42934 0.340444 0)
(2.39296 0.25871 0)
(2.35204 0.167375 0)
(2.28369 0.0145098 0)
(2.17912 0.791681 0)
(1.77673 0.957749 0)
(1.77502 0.961152 0)
(1.80411 0.956561 0)
(1.78178 0.873516 0)
(1.6842 0.658742 0)
(1.59778 0.414924 0)
(1.54988 0.290793 0)
(1.56289 0.223403 0)
(1.61212 0.190968 0)
(1.65876 0.153025 0)
(1.69381 0.124184 0)
(1.7108 0.0954478 0)
(1.73769 0.0614186 0)
(1.77522 0.0269791 0)
(1.80859 -0.00690384 0)
(1.83361 -0.0358121 0)
(1.8541 -0.060892 0)
(1.87589 -0.0855962 0)
(1.9021 -0.109136 0)
(1.93078 -0.133157 0)
(1.95781 -0.156272 0)
(1.98199 -0.175853 0)
(2.00303 -0.192997 0)
(2.02267 -0.208946 0)
(2.04469 -0.224579 0)
(2.06864 -0.237604 0)
(2.09357 -0.251914 0)
(2.11755 -0.266688 0)
(2.13956 -0.28171 0)
(2.1587 -0.296878 0)
(2.17703 -0.30619 0)
(2.19817 -0.315121 0)
(2.22251 -0.322159 0)
(2.24799 -0.32944 0)
(2.27223 -0.334516 0)
(2.29344 -0.338255 0)
(2.3099 -0.344665 0)
(2.3219 -0.347441 0)
(2.33424 -0.350889 0)
(2.35302 -0.351093 0)
(2.37503 -0.35318 0)
(2.39861 -0.352318 0)
(2.4196 -0.351951 0)
(2.43609 -0.351756 0)
(2.44769 -0.35359 0)
(2.45542 -0.357471 0)
(2.46446 -0.353389 0)
(2.47439 -0.354365 0)
(2.48899 -0.350553 0)
(2.5048 -0.348983 0)
(2.52336 -0.343594 0)
(2.54283 -0.348207 0)
(2.56074 -0.350568 0)
(2.57432 -0.351036 0)
(2.57742 -0.355931 0)
(2.5768 -0.351978 0)
(2.57609 -0.350066 0)
(2.59434 -0.331638 0)
(2.58706 -0.304217 0)
(2.55263 -0.214874 0)
(2.48941 -0.0561372 0)
(2.37608 0.141473 0)
(2.35169 0.205038 0)
(2.32359 0.275119 0)
(2.30057 0.331388 0)
(2.28346 0.348782 0)
(2.2888 0.343319 0)
(2.29941 0.342376 0)
(2.31017 0.346355 0)
(2.31901 0.351915 0)
(2.33054 0.361687 0)
(2.34012 0.371447 0)
(2.34735 0.377545 0)
(2.35346 0.381399 0)
(2.35949 0.383564 0)
(2.36421 0.386577 0)
(2.36781 0.388931 0)
(2.37563 0.390284 0)
(2.38536 0.393591 0)
(2.39466 0.398202 0)
(2.40371 0.404541 0)
(2.41146 0.410293 0)
(2.41524 0.413596 0)
(2.41533 0.416193 0)
(2.42033 0.417714 0)
(2.42783 0.423204 0)
(2.43819 0.419545 0)
(2.44468 0.415697 0)
(2.44292 0.403855 0)
(2.43242 0.36798 0)
(2.39422 0.274761 0)
(2.35436 0.173714 0)
(2.30407 0.064364 0)
(2.2534 -0.0364738 0)
(2.24107 -0.0818293 0)
(2.78219 0.309348 0)
(2.07463 0.81582 0)
(1.83715 1.02613 0)
(1.74689 0.911323 0)
(1.5615 0.632349 0)
(1.47785 0.398415 0)
(1.49524 0.29208 0)
(1.51898 0.240731 0)
(1.55241 0.215222 0)
(1.59979 0.195869 0)
(1.64981 0.159061 0)
(1.68769 0.125271 0)
(1.70787 0.0952851 0)
(1.73241 0.0612142 0)
(1.7671 0.030962 0)
(1.80008 0.00407984 0)
(1.82931 -0.0236125 0)
(1.85306 -0.049993 0)
(1.8748 -0.0715106 0)
(1.89915 -0.0902443 0)
(1.92672 -0.108478 0)
(1.95459 -0.126572 0)
(1.98102 -0.144693 0)
(2.00454 -0.162639 0)
(2.02458 -0.177878 0)
(2.04418 -0.190862 0)
(2.06611 -0.203212 0)
(2.09083 -0.21832 0)
(2.11528 -0.233361 0)
(2.13782 -0.24681 0)
(2.15771 -0.259999 0)
(2.17622 -0.268786 0)
(2.1963 -0.277434 0)
(2.21935 -0.285898 0)
(2.24491 -0.29367 0)
(2.27095 -0.297683 0)
(2.29426 -0.299067 0)
(2.31114 -0.301316 0)
(2.32346 -0.300851 0)
(2.33595 -0.303918 0)
(2.35223 -0.304689 0)
(2.37327 -0.30906 0)
(2.39714 -0.311791 0)
(2.4202 -0.313904 0)
(2.43992 -0.313712 0)
(2.45483 -0.311997 0)
(2.4641 -0.312187 0)
(2.47213 -0.305452 0)
(2.48083 -0.304692 0)
(2.49421 -0.300531 0)
(2.51094 -0.300378 0)
(2.53058 -0.296512 0)
(2.54932 -0.302402 0)
(2.56595 -0.305577 0)
(2.58162 -0.303899 0)
(2.59199 -0.303249 0)
(2.59088 -0.306841 0)
(2.5769 -0.308863 0)
(2.58052 -0.299884 0)
(2.59583 -0.297934 0)
(2.61902 -0.285832 0)
(2.6146 -0.252438 0)
(2.56061 -0.140878 0)
(2.50187 0.00720551 0)
(2.39105 0.216517 0)
(2.34037 0.309575 0)
(2.3344 0.320143 0)
(2.3223 0.334128 0)
(2.32473 0.357098 0)
(2.32723 0.365402 0)
(2.33401 0.372434 0)
(2.34077 0.379779 0)
(2.34513 0.384152 0)
(2.35132 0.387612 0)
(2.35688 0.389385 0)
(2.36124 0.396757 0)
(2.36739 0.406283 0)
(2.37772 0.410794 0)
(2.38819 0.414659 0)
(2.39729 0.419739 0)
(2.40611 0.426503 0)
(2.41477 0.43526 0)
(2.41993 0.442364 0)
(2.42111 0.448955 0)
(2.42126 0.450126 0)
(2.41909 0.44383 0)
(2.42444 0.439614 0)
(2.43198 0.427225 0)
(2.42843 0.396519 0)
(2.39061 0.312261 0)
(2.3442 0.202356 0)
(2.29745 0.0863924 0)
(2.23835 -0.0378153 0)
(2.22542 -0.0789566 0)
(2.22916 -0.0789265 0)
(2.24374 -0.0678748 0)
(2.99079 0.0251227 0)
(2.64314 0.432323 0)
(2.11939 1.00292 0)
(1.45933 0.550565 0)
(1.36749 0.374755 0)
(1.41167 0.313693 0)
(1.46851 0.276668 0)
(1.50753 0.251305 0)
(1.53668 0.222694 0)
(1.5783 0.197446 0)
(1.62558 0.165898 0)
(1.66318 0.136064 0)
(1.6847 0.109304 0)
(1.70827 0.0810044 0)
(1.7423 0.0519555 0)
(1.77571 0.0257573 0)
(1.80668 0.00266335 0)
(1.83434 -0.0217289 0)
(1.85903 -0.0429664 0)
(1.88372 -0.060003 0)
(1.91084 -0.0763236 0)
(1.93877 -0.0920265 0)
(1.96552 -0.107064 0)
(1.9894 -0.121498 0)
(2.01024 -0.135255 0)
(2.02985 -0.148743 0)
(2.05013 -0.160385 0)
(2.07237 -0.173014 0)
(2.09558 -0.18575 0)
(2.11919 -0.199062 0)
(2.14207 -0.214114 0)
(2.16337 -0.225428 0)
(2.18397 -0.234747 0)
(2.20433 -0.243497 0)
(2.22619 -0.252517 0)
(2.24958 -0.258138 0)
(2.27388 -0.258488 0)
(2.29647 -0.258588 0)
(2.3163 -0.256868 0)
(2.33144 -0.261318 0)
(2.3446 -0.264663 0)
(2.36119 -0.268047 0)
(2.38108 -0.26994 0)
(2.40123 -0.272556 0)
(2.42135 -0.273612 0)
(2.44058 -0.271905 0)
(2.45646 -0.269561 0)
(2.46951 -0.263079 0)
(2.48009 -0.262459 0)
(2.49092 -0.259615 0)
(2.50387 -0.259968 0)
(2.52028 -0.253058 0)
(2.53495 -0.252671 0)
(2.54676 -0.259344 0)
(2.55931 -0.26248 0)
(2.57332 -0.261881 0)
(2.58528 -0.2596 0)
(2.59206 -0.26082 0)
(2.59945 -0.256166 0)
(2.60867 -0.264755 0)
(2.63465 -0.253769 0)
(2.64911 -0.250412 0)
(2.64262 -0.222603 0)
(2.63178 -0.182654 0)
(2.56299 -0.0522866 0)
(2.50713 0.0785111 0)
(2.41517 0.248259 0)
(2.3431 0.391341 0)
(2.33288 0.405442 0)
(2.34339 0.41173 0)
(2.34143 0.412773 0)
(2.34674 0.408983 0)
(2.35756 0.407144 0)
(2.36851 0.410489 0)
(2.37188 0.413117 0)
(2.37044 0.41445 0)
(2.37261 0.418538 0)
(2.38695 0.428503 0)
(2.39963 0.438856 0)
(2.40788 0.448547 0)
(2.41559 0.454416 0)
(2.42196 0.459184 0)
(2.42215 0.464155 0)
(2.41648 0.463899 0)
(2.42081 0.462751 0)
(2.4205 0.454461 0)
(2.41237 0.427063 0)
(2.37503 0.34216 0)
(2.33324 0.229821 0)
(2.27576 0.0986381 0)
(2.22114 -0.0269776 0)
(2.21515 -0.0491503 0)
(2.21852 -0.0538331 0)
(2.22834 -0.0537806 0)
(2.23427 -0.0544188 0)
(2.25169 -0.0580461 0)
(2.99994 0.000344383 0)
(2.96065 0.0885443 0)
(1.87606 0.25357 0)
(1.16319 0.237267 0)
(1.25077 0.234008 0)
(1.3647 0.267022 0)
(1.4322 0.256909 0)
(1.47312 0.227981 0)
(1.50555 0.202395 0)
(1.54696 0.18079 0)
(1.59332 0.155241 0)
(1.6317 0.132309 0)
(1.65777 0.112092 0)
(1.68133 0.090584 0)
(1.71314 0.0688276 0)
(1.7507 0.04503 0)
(1.78576 0.0247408 0)
(1.8178 0.00244268 0)
(1.84604 -0.0185701 0)
(1.87289 -0.0343342 0)
(1.90058 -0.0479769 0)
(1.92854 -0.0610525 0)
(1.95577 -0.0735882 0)
(1.98121 -0.0866146 0)
(2.00401 -0.0996707 0)
(2.02479 -0.112503 0)
(2.04557 -0.124028 0)
(2.06862 -0.137009 0)
(2.09297 -0.150382 0)
(2.11732 -0.163396 0)
(2.14068 -0.17698 0)
(2.16248 -0.187897 0)
(2.1846 -0.197322 0)
(2.20895 -0.203197 0)
(2.23257 -0.210581 0)
(2.25538 -0.217208 0)
(2.27833 -0.220829 0)
(2.30233 -0.224294 0)
(2.32577 -0.225818 0)
(2.34596 -0.226265 0)
(2.36271 -0.220943 0)
(2.37342 -0.219919 0)
(2.38485 -0.219255 0)
(2.4031 -0.218084 0)
(2.42481 -0.218271 0)
(2.44554 -0.222531 0)
(2.4636 -0.230141 0)
(2.48012 -0.229238 0)
(2.494 -0.227089 0)
(2.50895 -0.219427 0)
(2.52068 -0.215966 0)
(2.52471 -0.211583 0)
(2.52723 -0.209599 0)
(2.53721 -0.21021 0)
(2.55487 -0.206224 0)
(2.57295 -0.210298 0)
(2.58898 -0.216543 0)
(2.60419 -0.221512 0)
(2.6196 -0.216453 0)
(2.63292 -0.219583 0)
(2.6409 -0.216759 0)
(2.64483 -0.22153 0)
(2.64152 -0.224531 0)
(2.66031 -0.214923 0)
(2.65799 -0.196503 0)
(2.63884 -0.13161 0)
(2.55665 0.0256151 0)
(2.48961 0.176625 0)
(2.44514 0.301266 0)
(2.37191 0.435501 0)
(2.35006 0.466908 0)
(2.35189 0.456964 0)
(2.36329 0.446993 0)
(2.37055 0.448073 0)
(2.37343 0.447619 0)
(2.37802 0.448417 0)
(2.38999 0.455446 0)
(2.40119 0.464895 0)
(2.40778 0.471777 0)
(2.41522 0.476989 0)
(2.42191 0.480072 0)
(2.42337 0.480432 0)
(2.42192 0.482169 0)
(2.41853 0.467721 0)
(2.40966 0.444489 0)
(2.37304 0.369468 0)
(2.33372 0.263914 0)
(2.25675 0.0986378 0)
(2.22181 -0.00577676 0)
(2.21691 -0.0193936 0)
(2.22355 -0.0356335 0)
(2.22153 -0.0510709 0)
(2.21864 -0.0619103 0)
(2.22932 -0.0575675 0)
(2.24101 -0.0514751 0)
(2.261 -0.0534188 0)
(3 1.63101e-06 0)
(2.99776 -0.000321315 0)
(1.25142 -0.0805443 0)
(0.842855 0.112051 0)
(1.01303 0.233849 0)
(1.16943 0.28281 0)
(1.26888 0.279999 0)
(1.33718 0.251984 0)
(1.39655 0.219882 0)
(1.45426 0.190865 0)
(1.50794 0.162739 0)
(1.55338 0.132602 0)
(1.59128 0.100183 0)
(1.62791 0.0774637 0)
(1.6714 0.0634642 0)
(1.71455 0.0453338 0)
(1.75338 0.0341315 0)
(1.78827 0.0228376 0)
(1.81811 0.007994 0)
(1.84753 -0.0036335 0)
(1.87836 -0.0112743 0)
(1.90867 -0.0194474 0)
(1.93757 -0.0285011 0)
(1.9644 -0.039193 0)
(1.9886 -0.0506685 0)
(2.01099 -0.062 0)
(2.03325 -0.0725987 0)
(2.05739 -0.084343 0)
(2.08259 -0.0964331 0)
(2.10765 -0.108573 0)
(2.13159 -0.121707 0)
(2.15385 -0.13234 0)
(2.17548 -0.141195 0)
(2.19701 -0.146672 0)
(2.21968 -0.152307 0)
(2.2429 -0.157689 0)
(2.26539 -0.162788 0)
(2.28555 -0.17088 0)
(2.30285 -0.17666 0)
(2.31835 -0.179927 0)
(2.33548 -0.176312 0)
(2.35587 -0.172043 0)
(2.37641 -0.168279 0)
(2.39456 -0.16619 0)
(2.40981 -0.167219 0)
(2.42372 -0.172391 0)
(2.4373 -0.182589 0)
(2.45041 -0.187346 0)
(2.4636 -0.19134 0)
(2.47914 -0.187609 0)
(2.49541 -0.178936 0)
(2.51374 -0.166958 0)
(2.53065 -0.162096 0)
(2.54368 -0.159691 0)
(2.5516 -0.154813 0)
(2.55858 -0.160212 0)
(2.57135 -0.169386 0)
(2.58599 -0.179051 0)
(2.60301 -0.179921 0)
(2.62082 -0.181671 0)
(2.63822 -0.180374 0)
(2.65686 -0.176541 0)
(2.66574 -0.175279 0)
(2.66598 -0.181754 0)
(2.66355 -0.184228 0)
(2.67552 -0.179236 0)
(2.669 -0.150272 0)
(2.6313 -0.049528 0)
(2.56381 0.118119 0)
(2.44821 0.329101 0)
(2.43932 0.370021 0)
(2.40625 0.419533 0)
(2.38001 0.477045 0)
(2.36651 0.491733 0)
(2.37379 0.486081 0)
(2.38236 0.479025 0)
(2.39285 0.482159 0)
(2.40501 0.494608 0)
(2.41339 0.507567 0)
(2.41853 0.507817 0)
(2.41926 0.502746 0)
(2.4161 0.490132 0)
(2.40826 0.461967 0)
(2.37963 0.388539 0)
(2.33462 0.283974 0)
(2.25135 0.115213 0)
(2.22878 0.0312288 0)
(2.22451 1.55497e-05 0)
(2.22376 -0.0324599 0)
(2.22282 -0.0401971 0)
(2.22796 -0.0457176 0)
(2.23277 -0.0458868 0)
(2.2347 -0.0475269 0)
(2.24112 -0.0483999 0)
(2.25275 -0.0543623 0)
(2.268 -0.0586419 0)
(3 2.29031e-09 0)
(2.94076 -0.0351079 0)
(0.989259 -0.083 0)
(0.69321 0.0403488 0)
(0.782349 0.130703 0)
(0.914458 0.164263 0)
(1.02546 0.176226 0)
(1.12154 0.170869 0)
(1.20537 0.157567 0)
(1.28094 0.140539 0)
(1.34776 0.120829 0)
(1.40557 0.102259 0)
(1.45783 0.0899219 0)
(1.50804 0.0834767 0)
(1.55973 0.0746861 0)
(1.60958 0.0580703 0)
(1.65277 0.0394119 0)
(1.69034 0.0245532 0)
(1.72481 0.00881301 0)
(1.76064 -0.00654767 0)
(1.79628 -0.0137192 0)
(1.83093 -0.0184097 0)
(1.8633 -0.0248606 0)
(1.89267 -0.0335908 0)
(1.91994 -0.0436636 0)
(1.94662 -0.0539722 0)
(1.97347 -0.0642945 0)
(2.00153 -0.0752552 0)
(2.03021 -0.0856056 0)
(2.0587 -0.0950128 0)
(2.08598 -0.104553 0)
(2.11126 -0.111959 0)
(2.1351 -0.118134 0)
(2.15799 -0.122838 0)
(2.18048 -0.128639 0)
(2.20195 -0.133878 0)
(2.22252 -0.136301 0)
(2.24262 -0.137183 0)
(2.26334 -0.134019 0)
(2.28496 -0.131742 0)
(2.30701 -0.129065 0)
(2.32819 -0.12859 0)
(2.34699 -0.130515 0)
(2.36191 -0.134604 0)
(2.37311 -0.139749 0)
(2.38382 -0.144431 0)
(2.39681 -0.148037 0)
(2.4169 -0.142912 0)
(2.43921 -0.138707 0)
(2.46139 -0.133463 0)
(2.482 -0.127484 0)
(2.49878 -0.119939 0)
(2.51084 -0.118426 0)
(2.51857 -0.12584 0)
(2.52375 -0.129994 0)
(2.53312 -0.133953 0)
(2.54979 -0.136738 0)
(2.57149 -0.138364 0)
(2.59576 -0.135157 0)
(2.61849 -0.133729 0)
(2.63479 -0.137959 0)
(2.64273 -0.137668 0)
(2.64381 -0.145711 0)
(2.6422 -0.155605 0)
(2.64691 -0.157237 0)
(2.67039 -0.145891 0)
(2.68175 -0.133182 0)
(2.68521 -0.119821 0)
(2.66606 -0.0668393 0)
(2.59885 0.0611335 0)
(2.54484 0.217256 0)
(2.42222 0.434848 0)
(2.38452 0.475317 0)
(2.38705 0.46789 0)
(2.39147 0.49565 0)
(2.39547 0.510336 0)
(2.40192 0.511981 0)
(2.40698 0.51469 0)
(2.41386 0.516477 0)
(2.41157 0.508 0)
(2.40519 0.481605 0)
(2.38409 0.413755 0)
(2.3343 0.285773 0)
(2.2766 0.147194 0)
(2.22882 0.0575512 0)
(2.2029 -0.0143516 0)
(2.20951 -0.0331768 0)
(2.21877 -0.0400827 0)
(2.22459 -0.0398853 0)
(2.23245 -0.037924 0)
(2.24094 -0.0328011 0)
(2.24411 -0.0277557 0)
(2.24263 -0.0303652 0)
(2.24912 -0.0386169 0)
(2.26004 -0.0448727 0)
(2.2715 -0.0489329 0)
(3 7.70651e-13 0)
(2.8828 -0.0208001 0)
(0.950572 -0.0416511 0)
(0.68137 0.0139151 0)
(0.706788 0.0529651 0)
(0.770163 0.0880989 0)
(0.846539 0.111039 0)
(0.931414 0.119774 0)
(1.01386 0.116632 0)
(1.0897 0.104989 0)
(1.15833 0.0913293 0)
(1.22175 0.0791778 0)
(1.28217 0.0709489 0)
(1.3413 0.0644897 0)
(1.39839 0.0578527 0)
(1.45113 0.0509539 0)
(1.49688 0.0413708 0)
(1.54037 0.0338131 0)
(1.58503 0.0317035 0)
(1.63003 0.030777 0)
(1.67494 0.0281584 0)
(1.71745 0.0257045 0)
(1.75854 0.0236631 0)
(1.7961 0.017398 0)
(1.83139 0.00529367 0)
(1.86744 -0.0073447 0)
(1.90392 -0.0192547 0)
(1.94021 -0.0308146 0)
(1.97532 -0.0416468 0)
(2.00864 -0.0522845 0)
(2.03934 -0.0639509 0)
(2.0668 -0.0744967 0)
(2.09214 -0.0831942 0)
(2.1163 -0.0882081 0)
(2.14005 -0.090153 0)
(2.16325 -0.0888126 0)
(2.18528 -0.0861012 0)
(2.20611 -0.0861529 0)
(2.22651 -0.0882191 0)
(2.24785 -0.093379 0)
(2.26949 -0.0982468 0)
(2.29007 -0.103177 0)
(2.30843 -0.106182 0)
(2.32428 -0.104586 0)
(2.3384 -0.0993334 0)
(2.35436 -0.093667 0)
(2.37232 -0.0921446 0)
(2.39166 -0.0905488 0)
(2.41212 -0.0913836 0)
(2.43244 -0.0921 0)
(2.45216 -0.0927635 0)
(2.46969 -0.0928825 0)
(2.48254 -0.0963821 0)
(2.48942 -0.10239 0)
(2.49857 -0.0983922 0)
(2.51594 -0.0926743 0)
(2.53934 -0.0899984 0)
(2.56233 -0.0901438 0)
(2.58261 -0.0902117 0)
(2.59984 -0.0921215 0)
(2.61242 -0.100883 0)
(2.61964 -0.102582 0)
(2.62456 -0.106743 0)
(2.63218 -0.109016 0)
(2.64165 -0.111808 0)
(2.6522 -0.105676 0)
(2.6651 -0.0968442 0)
(2.67413 -0.0947586 0)
(2.68151 -0.0908703 0)
(2.67257 -0.0696192 0)
(2.64057 0.00883146 0)
(2.55782 0.16983 0)
(2.5015 0.299979 0)
(2.39495 0.491118 0)
(2.37392 0.560192 0)
(2.39094 0.556502 0)
(2.40056 0.534792 0)
(2.39905 0.510425 0)
(2.39141 0.471961 0)
(2.37663 0.408482 0)
(2.35066 0.301908 0)
(2.31026 0.18947 0)
(2.26461 0.0926295 0)
(2.20275 0.0054554 0)
(2.1784 -0.0208429 0)
(2.19044 -0.030958 0)
(2.19838 -0.0294568 0)
(2.21106 -0.0228861 0)
(2.22498 -0.0190146 0)
(2.23639 -0.0198702 0)
(2.23787 -0.0222089 0)
(2.23029 -0.0273044 0)
(2.231 -0.0324351 0)
(2.24109 -0.0354447 0)
(2.251 -0.0388436 0)
(2.26482 -0.038317 0)
(3 -3.44575e-16 0)
(2.87848 -0.00419267 0)
(0.958226 -0.0136943 0)
(0.689994 0.00942704 0)
(0.713082 0.0244879 0)
(0.749347 0.0370176 0)
(0.79399 0.0529153 0)
(0.851327 0.0639438 0)
(0.912147 0.0656771 0)
(0.971995 0.0600956 0)
(1.03038 0.0512952 0)
(1.08859 0.0427879 0)
(1.14706 0.0375801 0)
(1.20574 0.0341374 0)
(1.26089 0.0257687 0)
(1.31196 0.0157722 0)
(1.35999 0.00755153 0)
(1.40806 0.00233446 0)
(1.45818 0.000443486 0)
(1.50992 0.00094666 0)
(1.56178 0.000904532 0)
(1.61272 -0.00159097 0)
(1.66021 -0.00647458 0)
(1.70607 -0.0111145 0)
(1.75213 -0.0165777 0)
(1.79749 -0.0202966 0)
(1.8431 -0.0238869 0)
(1.88696 -0.0289311 0)
(1.92709 -0.0350858 0)
(1.96293 -0.04173 0)
(1.99477 -0.0482529 0)
(2.02409 -0.0521119 0)
(2.05304 -0.05309 0)
(2.08164 -0.051797 0)
(2.10861 -0.0503305 0)
(2.1322 -0.0496675 0)
(2.15221 -0.050616 0)
(2.17062 -0.0545938 0)
(2.19 -0.0593508 0)
(2.21199 -0.0641143 0)
(2.23599 -0.0659821 0)
(2.26097 -0.0652037 0)
(2.28546 -0.0617907 0)
(2.30794 -0.0560319 0)
(2.32507 -0.0496932 0)
(2.3363 -0.0472534 0)
(2.3487 -0.0500305 0)
(2.36607 -0.0522802 0)
(2.38728 -0.0554517 0)
(2.40925 -0.0584649 0)
(2.43021 -0.0609343 0)
(2.44893 -0.0618471 0)
(2.46414 -0.0618167 0)
(2.47696 -0.060793 0)
(2.49392 -0.0543131 0)
(2.51319 -0.0484334 0)
(2.53259 -0.046465 0)
(2.55122 -0.0479956 0)
(2.56775 -0.0503559 0)
(2.58228 -0.0551319 0)
(2.59269 -0.0667877 0)
(2.60207 -0.0684938 0)
(2.62081 -0.0682034 0)
(2.64034 -0.0675148 0)
(2.65448 -0.0653697 0)
(2.6631 -0.059228 0)
(2.66538 -0.0488868 0)
(2.67191 -0.0493825 0)
(2.68334 -0.0515514 0)
(2.6829 -0.0551148 0)
(2.68421 -0.0442454 0)
(2.669 -0.00202913 0)
(2.6216 0.101801 0)
(2.52638 0.284114 0)
(2.48813 0.399694 0)
(2.42507 0.520393 0)
(2.3749 0.501106 0)
(2.3068 0.412487 0)
(2.24877 0.27517 0)
(2.21596 0.126931 0)
(2.16738 0.00917257 0)
(2.13492 -0.0480199 0)
(2.11557 -0.0687525 0)
(2.10638 -0.0668204 0)
(2.13323 -0.0533621 0)
(2.16224 -0.0372623 0)
(2.18106 -0.0133424 0)
(2.19459 0.00140216 0)
(2.21077 0.000797685 0)
(2.21984 -0.0028897 0)
(2.21676 -0.0031288 0)
(2.21494 -0.00680833 0)
(2.22443 -0.010187 0)
(2.23514 -0.0142156 0)
(2.24654 -0.0198542 0)
(2.2589 -0.0211996 0)
(3 -2.54222e-16 0)
(2.87648 -0.000458289 0)
(0.964338 -0.00120535 0)
(0.701292 0.00393473 0)
(0.725721 0.0078957 0)
(0.758942 0.0107957 0)
(0.798411 0.0130966 0)
(0.8434 0.0143377 0)
(0.888433 0.0149166 0)
(0.933759 0.0155029 0)
(0.980714 0.0170428 0)
(1.03104 0.0200197 0)
(1.08506 0.0235699 0)
(1.14133 0.025686 0)
(1.19734 0.0255629 0)
(1.25018 0.0226398 0)
(1.30176 0.0187677 0)
(1.35274 0.0158823 0)
(1.40477 0.0152252 0)
(1.45842 0.0148546 0)
(1.51183 0.0139489 0)
(1.56365 0.0108264 0)
(1.61376 0.00936552 0)
(1.66627 0.0094134 0)
(1.72166 0.00496616 0)
(1.77257 -0.00101613 0)
(1.82063 -0.00380592 0)
(1.86564 -0.00712822 0)
(1.90583 -0.0103399 0)
(1.94137 -0.0129161 0)
(1.97344 -0.0148323 0)
(2.00368 -0.0159224 0)
(2.03338 -0.0166988 0)
(2.06191 -0.0173661 0)
(2.08821 -0.0181787 0)
(2.11091 -0.0188032 0)
(2.13044 -0.0190356 0)
(2.14951 -0.0193957 0)
(2.17137 -0.019492 0)
(2.19705 -0.0198829 0)
(2.22443 -0.0200266 0)
(2.25179 -0.0200826 0)
(2.27604 -0.019622 0)
(2.29378 -0.0187646 0)
(2.30538 -0.018594 0)
(2.31561 -0.0185799 0)
(2.3308 -0.0191244 0)
(2.35175 -0.0191399 0)
(2.37579 -0.0196325 0)
(2.40015 -0.0201793 0)
(2.42341 -0.0205547 0)
(2.44479 -0.0207901 0)
(2.46256 -0.0208967 0)
(2.4732 -0.0198071 0)
(2.48057 -0.0173913 0)
(2.49565 -0.0168849 0)
(2.51643 -0.0175878 0)
(2.53725 -0.0194326 0)
(2.55467 -0.0205438 0)
(2.57007 -0.0214896 0)
(2.5856 -0.0244138 0)
(2.60029 -0.0239403 0)
(2.61348 -0.0245732 0)
(2.62473 -0.0260564 0)
(2.63335 -0.024802 0)
(2.63965 -0.0216569 0)
(2.64813 -0.0159402 0)
(2.65981 -0.0202693 0)
(2.67029 -0.0225353 0)
(2.68035 -0.0251374 0)
(2.68824 -0.0240231 0)
(2.69694 -0.0214036 0)
(2.68902 -0.00722575 0)
(2.64364 0.039571 0)
(2.53882 0.140564 0)
(2.40605 0.209155 0)
(2.29461 0.263372 0)
(2.22961 0.264811 0)
(2.17503 0.215482 0)
(2.14013 0.178571 0)
(2.08333 0.115206 0)
(2.08644 0.0580622 0)
(2.08997 0.0156452 0)
(2.10678 -0.00991732 0)
(2.12569 -0.0198975 0)
(2.14785 -0.0163846 0)
(2.1697 -0.0101247 0)
(2.18933 -0.00905221 0)
(2.20315 -0.0116187 0)
(2.20574 -0.0132006 0)
(2.19946 -0.00895381 0)
(2.20393 -0.00545622 0)
(2.2132 -0.00523244 0)
(2.22379 -0.00600111 0)
(2.23744 -0.00671246 0)
(2.25056 -0.00672068 0)
)
;

boundaryField
{
    inlet
    {
        type            fixedValue;
        value           uniform (3 0 0);
    }
    outlet
    {
        type            inletOutlet;
        inletValue      uniform (3 0 0);
        value           nonuniform List<vector> 
32
(
(2.21305 0.00878803 0)
(2.21309 0.0267941 0)
(2.22665 0.0399947 0)
(2.25023 0.0462782 0)
(2.26964 0.0548547 0)
(2.28419 0.0726888 0)
(2.2986 0.0855438 0)
(2.30889 0.106575 0)
(2.32225 0.127354 0)
(2.33766 0.150082 0)
(2.35388 0.168901 0)
(2.36086 0.188206 0)
(2.36343 0.19954 0)
(2.36736 0.211442 0)
(2.37288 0.227832 0)
(2.38695 0.244362 0)
(2.40449 0.270693 0)
(2.41925 0.299584 0)
(2.42401 0.327796 0)
(2.43317 0.34041 0)
(2.42823 0.324219 0)
(2.37 0.194351 0)
(2.28369 0.0145098 0)
(2.24107 -0.0818293 0)
(2.24374 -0.0678748 0)
(2.25169 -0.0580461 0)
(2.261 -0.0534188 0)
(2.268 -0.0586419 0)
(2.2715 -0.0489329 0)
(2.26482 -0.038317 0)
(2.2589 -0.0211996 0)
(2.25056 -0.00672068 0)
)
;
    }
    bottom
    {
        type            symmetryPlane;
    }
    top
    {
        type            symmetryPlane;
    }
    obstacle
    {
        type            slip;
    }
    defaultFaces
    {
        type            empty;
    }
}


// ************************************************************************* //
