/*--------------------------------*- C++ -*----------------------------------*\
  =========                 |
  \\      /  F ield         | OpenFOAM: The Open Source CFD Toolbox
   \\    /   O peration     | Website:  https://openfoam.org
    \\  /    A nd           | Version:  7
     \\/     M anipulation  |
\*---------------------------------------------------------------------------*/
FoamFile
{
    version     2.0;
    format      ascii;
    class       volVectorField;
    location    "1";
    object      U;
}
// * * * * * * * * * * * * * * * * * * * * * * * * * * * * * * * * * * * * * //

dimensions      [0 1 -1 0 0 0 0];

internalField   nonuniform List<vector> 
4032
(
(3 -8.4042e-17 0)
(3 -2.38672e-16 0)
(3 -4.33663e-16 0)
(3 4.59449e-17 0)
(3 1.46796e-16 0)
(3 2.71843e-16 0)
(3 1.79447e-16 0)
(3 -1.43104e-16 0)
(3 -9.36238e-16 0)
(3 -1.03082e-15 0)
(3 -8.13152e-16 0)
(3 1.23236e-16 0)
(3 9.44999e-16 0)
(1.4436 0.0144611 0)
(0.714992 0.0129203 0)
(0.638408 0.0279321 0)
(0.575495 0.0326135 0)
(0.504934 0.0337611 0)
(0.433766 0.0325354 0)
(0.362808 0.0325108 0)
(0.289477 0.0337091 0)
(0.215811 0.0371104 0)
(0.135658 0.0402338 0)
(0.0504197 0.045662 0)
(3 -1.27352e-16 0)
(3 -7.62973e-16 0)
(3 -1.05362e-15 0)
(3 -7.54872e-16 0)
(3 -2.59319e-16 0)
(3 -6.66575e-17 0)
(3 -2.6873e-16 0)
(3 -4.92527e-16 0)
(3 -8.07963e-16 0)
(3 -7.91552e-16 0)
(3 -4.6678e-16 0)
(3 5.97838e-16 0)
(3 1.7559e-15 0)
(1.47787 0.0725407 0)
(0.704346 0.0605074 0)
(0.619062 0.0855191 0)
(0.553459 0.0962993 0)
(0.482401 0.0976085 0)
(0.413138 0.093957 0)
(0.345249 0.0956988 0)
(0.274848 0.100967 0)
(0.205147 0.112619 0)
(0.128316 0.123013 0)
(0.048037 0.138874 0)
(3 -1.22734e-17 0)
(3 -3.99185e-16 0)
(3 -1.41247e-15 0)
(3 -1.55117e-15 0)
(3 -1.12057e-15 0)
(3 -8.46846e-16 0)
(3 -1.78424e-16 0)
(3 1.43609e-16 0)
(3 3.88022e-16 0)
(3 -2.62364e-16 0)
(3 -1.24814e-15 0)
(3 -4.69072e-16 0)
(3 -1.21723e-15 0)
(1.58626 0.131874 0)
(0.714583 0.113342 0)
(0.619895 0.148552 0)
(0.550202 0.165446 0)
(0.476322 0.165163 0)
(0.406625 0.157198 0)
(0.33952 0.159198 0)
(0.269827 0.167031 0)
(0.201294 0.184975 0)
(0.124491 0.201147 0)
(0.0472092 0.225715 0)
(3 2.35094e-16 0)
(3 4.16126e-16 0)
(3 3.18786e-16 0)
(3 5.09356e-16 0)
(3 7.9577e-18 0)
(3 -2.06455e-16 0)
(3 -1.80786e-16 0)
(3 -6.45666e-17 0)
(3 -7.70077e-17 0)
(3 2.35406e-17 0)
(3 -1.21481e-16 0)
(3 -4.17414e-16 0)
(3 -8.81604e-16 0)
(1.76608 0.183279 0)
(0.735699 0.171846 0)
(0.62548 0.213351 0)
(0.554101 0.234614 0)
(0.483053 0.232543 0)
(0.418409 0.220889 0)
(0.353867 0.224736 0)
(0.283468 0.236864 0)
(0.212144 0.261481 0)
(0.130951 0.283823 0)
(0.0481801 0.314157 0)
(3 -5.73972e-17 0)
(3 2.00907e-16 0)
(3 9.18209e-16 0)
(3 8.35225e-16 0)
(3 8.2602e-16 0)
(3 3.39786e-16 0)
(3 -4.1832e-16 0)
(3 -3.5921e-16 0)
(3 8.41785e-16 0)
(3 1.94039e-15 0)
(3 2.24955e-15 0)
(3 1.53202e-15 0)
(3 -7.1653e-16 0)
(2.00994 0.22811 0)
(0.764975 0.242216 0)
(0.629961 0.2828 0)
(0.568092 0.303514 0)
(0.513778 0.295771 0)
(0.458238 0.280653 0)
(0.397291 0.287836 0)
(0.325819 0.307452 0)
(0.250183 0.340902 0)
(0.157954 0.375391 0)
(0.0605869 0.415816 0)
(3 -5.78518e-18 0)
(3 2.64566e-16 0)
(3 2.93702e-16 0)
(3 2.76886e-16 0)
(3 3.01852e-17 0)
(3 -3.23494e-17 0)
(3 1.79491e-16 0)
(3 -1.90898e-17 0)
(3 -1.84364e-16 0)
(3 2.38379e-16 0)
(3 4.02724e-16 0)
(3 1.89867e-15 0)
(3 -3.7735e-16 0)
(2.34898 0.255869 0)
(0.833885 0.320764 0)
(0.670306 0.343469 0)
(0.624077 0.351364 0)
(0.579728 0.340056 0)
(0.524816 0.330425 0)
(0.458816 0.34835 0)
(0.379069 0.386369 0)
(0.285549 0.438886 0)
(0.177805 0.494224 0)
(0.0578763 0.544021 0)
(3 -1.43244e-17 0)
(3 -2.22852e-16 0)
(3 -7.09982e-16 0)
(3 -5.10801e-16 0)
(3 -8.22666e-16 0)
(3 -5.0383e-16 0)
(3 1.47015e-17 0)
(3 -1.68511e-16 0)
(3 -5.67633e-16 0)
(3 -3.21163e-16 0)
(3 -3.89828e-17 0)
(3 1.06281e-16 0)
(3 -4.51111e-16 0)
(2.78638 0.189007 0)
(0.973305 0.375204 0)
(0.73812 0.375359 0)
(0.694947 0.391555 0)
(0.645937 0.392609 0)
(0.587204 0.394335 0)
(0.514003 0.425311 0)
(0.428479 0.481996 0)
(0.337448 0.550942 0)
(0.235636 0.62168 0)
(0.0968809 0.692321 0)
(3 -1.74886e-16 0)
(3 -8.19998e-16 0)
(3 -8.54246e-16 0)
(3 -6.99053e-16 0)
(3 -6.33959e-16 0)
(3 -8.45678e-16 0)
(3 -9.77549e-16 0)
(3 4.92752e-17 0)
(3 1.46932e-15 0)
(3 1.39648e-15 0)
(3 7.71509e-16 0)
(3 7.67137e-17 0)
(3 6.71756e-16 0)
(3.02151 0.0311266 0)
(1.14071 0.394584 0)
(0.781283 0.430855 0)
(0.720485 0.462403 0)
(0.65469 0.463107 0)
(0.589515 0.469771 0)
(0.525393 0.51008 0)
(0.463413 0.575884 0)
(0.390633 0.663199 0)
(0.272461 0.78881 0)
(0.148199 0.959333 0)
(3 6.26168e-17 0)
(3 3.85593e-17 0)
(3 2.72838e-16 0)
(3 3.39185e-16 0)
(3 8.56627e-16 0)
(3 2.42421e-16 0)
(3 1.58374e-17 0)
(3 -1.47464e-16 0)
(3 -2.19769e-16 0)
(3 7.03172e-16 0)
(3 6.04251e-16 0)
(3 2.17359e-16 0)
(3 -7.25476e-16 0)
(3.0027 0.000657279 0)
(1.38367 0.430997 0)
(0.776623 0.492418 0)
(0.702776 0.527185 0)
(0.655464 0.528094 0)
(0.612491 0.536152 0)
(0.569677 0.575781 0)
(0.528677 0.64999 0)
(0.491261 0.773952 0)
(0.467246 0.948335 0)
(0.589383 1.23695 0)
(3 -2.88663e-16 0)
(3 -1.26659e-16 0)
(3 -1.08571e-16 0)
(3 -3.35494e-16 0)
(3 1.15635e-16 0)
(3 8.77504e-16 0)
(3 7.57923e-16 0)
(3 6.14079e-16 0)
(3 3.55061e-16 0)
(3 2.35289e-16 0)
(3 -6.65103e-17 0)
(3 -9.08074e-16 0)
(3 -2.48587e-15 0)
(3.00001 4.19199e-07 0)
(1.89445 0.487615 0)
(0.844492 0.581927 0)
(0.741334 0.581187 0)
(0.708972 0.579384 0)
(0.679838 0.586703 0)
(0.651856 0.62472 0)
(0.634126 0.702662 0)
(0.630577 0.83175 0)
(0.697784 0.978942 0)
(0.992117 1.15451 0)
(3 5.58876e-18 0)
(3 -1.43035e-16 0)
(3 -1.05886e-15 0)
(3 -1.19487e-15 0)
(3 -7.63217e-16 0)
(3 -9.64191e-17 0)
(3 2.29217e-16 0)
(3 9.18378e-16 0)
(3 1.08181e-15 0)
(3 4.50435e-16 0)
(3 -3.56719e-16 0)
(3 -5.87173e-16 0)
(3 6.36531e-16 0)
(3 -4.16307e-08 0)
(2.68772 0.323839 0)
(1.03978 0.630652 0)
(0.84331 0.60694 0)
(0.81373 0.60713 0)
(0.787112 0.625064 0)
(0.760495 0.667386 0)
(0.757785 0.745814 0)
(0.780011 0.861019 0)
(0.899081 0.981133 0)
(1.20919 1.08638 0)
(3 1.60954e-16 0)
(3 -1.50815e-16 0)
(3 -3.2138e-16 0)
(3 -1.27923e-16 0)
(3 3.18441e-16 0)
(3 2.99781e-16 0)
(3 9.93853e-16 0)
(3 9.71334e-16 0)
(3 -1.40105e-16 0)
(3 -6.59968e-16 0)
(3 -6.52975e-16 0)
(3 3.82877e-16 0)
(3 2.10234e-15 0)
(3 -1.13622e-08 0)
(3.07057 0.0349202 0)
(1.31751 0.620156 0)
(0.913289 0.680156 0)
(0.872498 0.678058 0)
(0.851203 0.689141 0)
(0.844657 0.721718 0)
(0.861723 0.782395 0)
(0.91177 0.867275 0)
(1.04841 0.958326 0)
(1.30799 1.01747 0)
(3 5.25973e-17 0)
(3 -1.31865e-16 0)
(3 1.87221e-16 0)
(3 4.44621e-16 0)
(3 7.85378e-16 0)
(3 9.69023e-16 0)
(3 6.41806e-16 0)
(3 1.53318e-16 0)
(3 -7.15818e-16 0)
(3 -8.07138e-16 0)
(3 -1.17975e-16 0)
(3 3.34702e-16 0)
(3 5.53689e-16 0)
(3 -4.63556e-10 0)
(3.00388 0.000206106 0)
(1.83504 0.632073 0)
(0.967371 0.755024 0)
(0.922542 0.734277 0)
(0.912736 0.729745 0)
(0.920675 0.750336 0)
(0.952337 0.797572 0)
(1.02219 0.867385 0)
(1.15973 0.938262 0)
(1.3718 0.978994 0)
(3 3.42469e-18 0)
(3 -2.67991e-16 0)
(3 -6.79731e-16 0)
(3 -6.65436e-16 0)
(3 -6.99727e-16 0)
(3 -6.04197e-16 0)
(3 -5.43492e-16 0)
(3 -6.24599e-16 0)
(3 -7.05608e-16 0)
(3 -2.95751e-16 0)
(3 1.91476e-17 0)
(3 -2.80176e-16 0)
(3 -2.16807e-16 0)
(3 -2.83859e-12 0)
(3.00001 -1.43161e-08 0)
(2.82322 0.308285 0)
(1.19716 0.763032 0)
(1.01196 0.75893 0)
(1.00325 0.753342 0)
(1.00193 0.766517 0)
(1.03257 0.803933 0)
(1.10507 0.853222 0)
(1.22861 0.902993 0)
(1.39619 0.931155 0)
(3 -5.16508e-17 0)
(3 -4.13499e-16 0)
(3 -5.04629e-16 0)
(3 -1.44947e-16 0)
(3 -5.94464e-16 0)
(3 -5.1244e-16 0)
(3 9.9344e-17 0)
(3 1.89223e-16 0)
(3 8.13727e-17 0)
(3 5.51806e-16 0)
(3 1.22622e-15 0)
(3 5.00195e-16 0)
(3 -1.43667e-16 0)
(3 -1.84258e-15 0)
(3 -1.67512e-07 0)
(3.05208 0.0175545 0)
(1.57561 0.738308 0)
(1.05385 0.825283 0)
(1.0498 0.821773 0)
(1.0613 0.820601 0)
(1.09681 0.831076 0)
(1.16954 0.858434 0)
(1.27848 0.88968 0)
(1.41613 0.90915 0)
(3 -9.29464e-17 0)
(3 -3.22433e-16 0)
(3 -2.23353e-16 0)
(3 5.36757e-16 0)
(3 7.46601e-16 0)
(3 8.76224e-16 0)
(3 2.07656e-16 0)
(3 -1.41396e-16 0)
(3 6.00326e-16 0)
(3 7.95702e-16 0)
(3 7.69085e-16 0)
(3 8.64458e-16 0)
(3 7.18112e-16 0)
(3 1.70008e-15 0)
(3 -3.07176e-08 0)
(3.00113 0.000191532 0)
(2.50882 0.51596 0)
(1.20304 0.850858 0)
(1.11223 0.827661 0)
(1.14142 0.823242 0)
(1.17149 0.83412 0)
(1.22983 0.852274 0)
(1.31963 0.873606 0)
(1.43341 0.889146 0)
(3 -8.86268e-17 0)
(3 -1.60289e-16 0)
(3 9.6522e-18 0)
(3 2.09409e-16 0)
(3 4.0064e-16 0)
(3 2.72534e-16 0)
(3 -9.82886e-16 0)
(3 -1.96738e-15 0)
(3 -1.32591e-15 0)
(3 -2.91099e-16 0)
(3 2.25199e-16 0)
(3 6.80491e-16 0)
(3 1.51224e-15 0)
(3 8.65041e-16 0)
(3 -2.22048e-09 0)
(3 1.04758e-07 0)
(3.06385 0.0567271 0)
(1.59506 0.805037 0)
(1.16214 0.870592 0)
(1.18505 0.869567 0)
(1.22155 0.872949 0)
(1.27285 0.881041 0)
(1.34876 0.890692 0)
(1.44256 0.897771 0)
(3 -2.4113e-16 0)
(3 5.75322e-17 0)
(3 1.61598e-17 0)
(3 -7.491e-16 0)
(3 -1.18609e-15 0)
(3 -1.69349e-15 0)
(3 -1.17122e-15 0)
(3 -7.92401e-16 0)
(3 -8.78668e-16 0)
(3 6.02614e-16 0)
(3 7.05389e-16 0)
(3 8.7964e-16 0)
(3 7.71326e-16 0)
(3 -5.23847e-16 0)
(3 -1.51243e-11 0)
(3 -1.50669e-07 0)
(3.00405 0.0012191 0)
(2.51073 0.564217 0)
(1.29041 0.906908 0)
(1.23309 0.876063 0)
(1.2838 0.868862 0)
(1.32772 0.877457 0)
(1.39123 0.884384 0)
(1.46721 0.888859 0)
(3 1.16738e-16 0)
(3 6.72292e-16 0)
(3 1.43756e-16 0)
(3 -1.01711e-15 0)
(3 -1.05621e-15 0)
(3 -5.55194e-16 0)
(3 1.11176e-16 0)
(3 1.32601e-15 0)
(3 1.18936e-15 0)
(3 8.55866e-16 0)
(3 1.86395e-16 0)
(3 -4.43072e-17 0)
(3 8.62716e-19 0)
(3 6.79552e-18 0)
(3 -3.59237e-14 0)
(3 -4.71239e-08 0)
(3.00001 4.06839e-06 0)
(3.05435 0.0616788 0)
(1.728 0.826497 0)
(1.2788 0.912389 0)
(1.31326 0.910167 0)
(1.35631 0.915635 0)
(1.41217 0.916864 0)
(1.47994 0.915696 0)
(3 2.36227e-16 0)
(3 7.02992e-16 0)
(3 9.12533e-16 0)
(3 5.41014e-16 0)
(3 3.31186e-16 0)
(3 7.20307e-16 0)
(3 1.09076e-15 0)
(3 1.29576e-15 0)
(3 8.74089e-17 0)
(3 -5.4854e-16 0)
(3 -1.05869e-15 0)
(3 -3.18875e-16 0)
(3 1.43024e-15 0)
(3 2.40074e-15 0)
(3 1.94583e-15 0)
(3 -3.40306e-09 0)
(3 -1.51021e-09 0)
(3.00327 0.00177321 0)
(2.67901 0.470519 0)
(1.46038 0.949556 0)
(1.35032 0.918315 0)
(1.40301 0.913644 0)
(1.44965 0.91306 0)
(1.5113 0.909979 0)
(3 -1.05551e-17 0)
(3 -7.03891e-17 0)
(3 7.25932e-16 0)
(3 1.63004e-15 0)
(3 1.67414e-15 0)
(3 3.61542e-16 0)
(3 8.81597e-17 0)
(3 4.35811e-17 0)
(3 4.40348e-16 0)
(3 5.21802e-16 0)
(3 4.06612e-16 0)
(3 7.11774e-16 0)
(3 1.49228e-15 0)
(3 2.83374e-15 0)
(3 3.56863e-15 0)
(3 -2.04206e-11 0)
(3 -2.50632e-10 0)
(3.00001 6.49772e-06 0)
(3.03416 0.0363723 0)
(2.02719 0.809536 0)
(1.42309 0.958446 0)
(1.43261 0.948852 0)
(1.47835 0.942088 0)
(1.53035 0.938356 0)
(3 7.18119e-17 0)
(3 2.30748e-16 0)
(3 5.00569e-16 0)
(3 1.2483e-15 0)
(3 1.18162e-15 0)
(3 9.71987e-16 0)
(3 -9.26316e-17 0)
(3 -4.14741e-16 0)
(3 6.14255e-16 0)
(3 1.37435e-15 0)
(3 1.74149e-15 0)
(3 1.05093e-15 0)
(3 4.64842e-16 0)
(3 8.674e-16 0)
(3 1.78718e-15 0)
(3 -5.41521e-15 0)
(3 -5.94546e-12 0)
(3 1.45848e-09 0)
(3.00099 0.00117598 0)
(2.8841 0.275878 0)
(1.75509 0.922671 0)
(1.46625 0.966274 0)
(1.52537 0.951433 0)
(1.56903 0.941087 0)
(3 2.87209e-17 0)
(3 -1.18369e-16 0)
(3 -5.97769e-18 0)
(3 -1.29415e-16 0)
(3 -3.95857e-16 0)
(3 1.62428e-16 0)
(3 1.83936e-16 0)
(3 -1.43625e-16 0)
(3 -9.0761e-17 0)
(3 8.7455e-17 0)
(3 6.72772e-16 0)
(3 6.88097e-16 0)
(3 2.44008e-16 0)
(3 2.01836e-16 0)
(3 4.34461e-16 0)
(3 3.2633e-16 0)
(3 -8.19924e-14 0)
(3 -1.10212e-15 0)
(3 3.13555e-06 0)
(3.00824 0.0169866 0)
(2.49979 0.600104 0)
(1.63112 0.99431 0)
(1.54735 0.979612 0)
(1.6039 0.964345 0)
(3 5.17002e-17 0)
(3 -2.40943e-16 0)
(3 -5.72631e-16 0)
(3 -1.30094e-15 0)
(3 -1.72016e-15 0)
(3 -1.07149e-15 0)
(3 -3.28395e-16 0)
(3 -1.51175e-16 0)
(3 -5.31784e-16 0)
(3 3.03463e-16 0)
(3 6.71204e-16 0)
(3 9.86498e-16 0)
(3 3.77476e-16 0)
(3 -5.73426e-16 0)
(3 -1.28981e-15 0)
(3 -9.61025e-16 0)
(3 -1.9242e-15 0)
(3 -6.60045e-14 0)
(3 1.0237e-09 0)
(3.00004 0.000288608 0)
(2.99285 0.0840474 0)
(2.17805 0.804051 0)
(1.62296 1.00372 0)
(1.61951 1.00297 0)
(3 4.041e-17 0)
(3 -4.18619e-16 0)
(3 -8.19309e-16 0)
(3 -6.3736e-16 0)
(3 -4.05474e-16 0)
(3 -3.71492e-16 0)
(3 -3.26346e-16 0)
(3 -1.21587e-18 0)
(3 -1.68535e-16 0)
(3 7.7781e-17 0)
(3 7.2526e-18 0)
(3 -4.19859e-16 0)
(3 -1.52301e-15 0)
(3 -2.09687e-15 0)
(3 -2.42115e-15 0)
(3 -2.38303e-15 0)
(3 -1.37248e-15 0)
(3 -3.34825e-14 0)
(3 5.85212e-14 0)
(3 3.73888e-07 0)
(3.00049 0.00345634 0)
(2.87879 0.256416 0)
(1.99857 0.890407 0)
(1.68435 1.00799 0)
(3 -4.95816e-17 0)
(3 -4.64962e-16 0)
(3 -6.18413e-16 0)
(3 5.56382e-16 0)
(3 1.30525e-15 0)
(3 4.61355e-16 0)
(3 4.43663e-16 0)
(3 6.10489e-16 0)
(3 -4.40864e-16 0)
(3 -9.83897e-16 0)
(3 -1.44568e-15 0)
(3 -2.64656e-15 0)
(3 -3.0485e-15 0)
(3 -2.91871e-15 0)
(3 -1.96986e-15 0)
(3 -2.30425e-15 0)
(3 -1.10282e-15 0)
(3 -3.89517e-15 0)
(3 -8.32276e-15 0)
(3 1.14425e-10 0)
(3 1.5204e-05 0)
(2.99946 0.0173203 0)
(2.69437 0.435416 0)
(1.92472 0.941376 0)
(3 -3.07476e-17 0)
(3 -4.42143e-17 0)
(3 -9.11429e-18 0)
(3 5.63347e-16 0)
(3 7.71467e-16 0)
(3 7.77159e-16 0)
(3 6.63645e-16 0)
(3 4.37499e-16 0)
(3 -4.03887e-16 0)
(3 -1.55112e-15 0)
(3 -2.6662e-15 0)
(3 -2.98952e-15 0)
(3 -2.65572e-15 0)
(3 -1.56311e-15 0)
(3 -9.378e-16 0)
(3 1.1299e-16 0)
(3 8.72851e-16 0)
(3 1.3048e-15 0)
(3 -3.56228e-15 0)
(3 4.69289e-15 0)
(3 1.02488e-08 0)
(2.99997 0.000218579 0)
(2.99035 0.0441906 0)
(2.52753 0.575526 0)
(3 -2.5272e-16 0)
(3 3.96952e-16 0)
(3 7.86324e-16 0)
(3 1.61262e-16 0)
(3 4.99595e-17 0)
(3 -2.32881e-16 0)
(3 -5.63475e-16 0)
(3 -1.73288e-16 0)
(3 3.45703e-16 0)
(3 5.64849e-17 0)
(3 -4.62475e-16 0)
(3 -1.16351e-15 0)
(3 -9.94432e-16 0)
(3 -1.2061e-15 0)
(3 -1.29162e-15 0)
(3 -9.95927e-17 0)
(3 8.56224e-16 0)
(3 7.74458e-16 0)
(3 -6.71758e-16 0)
(3 -2.11971e-15 0)
(3 1.44461e-12 0)
(3 2.90905e-07 0)
(2.99983 0.00114449 0)
(2.96807 0.084578 0)
(3 1.01507e-16 0)
(3 5.99198e-16 0)
(3 6.17819e-16 0)
(3 5.05404e-16 0)
(3 -1.61336e-16 0)
(3 -7.62724e-16 0)
(3 -1.07526e-15 0)
(3 -7.12265e-16 0)
(3 -7.44523e-17 0)
(3 4.90965e-16 0)
(3 9.64855e-16 0)
(3 1.29447e-15 0)
(3 1.6027e-15 0)
(3 4.79414e-16 0)
(3 -1.83245e-15 0)
(3 -2.15261e-15 0)
(3 -1.99115e-15 0)
(3 -2.24605e-15 0)
(3 -2.35215e-15 0)
(3 -2.66172e-15 0)
(3 -1.86111e-15 0)
(3 8.94133e-11 0)
(3 2.80905e-06 0)
(2.99945 0.00334298 0)
(3 1.79138e-16 0)
(3 1.25272e-16 0)
(3 8.29805e-17 0)
(3 -1.17713e-17 0)
(3 5.62321e-17 0)
(3 9.64397e-18 0)
(3 -1.90571e-17 0)
(3 -3.80332e-16 0)
(3 -5.36299e-16 0)
(3 -1.65353e-16 0)
(3 6.08032e-16 0)
(3 9.79891e-16 0)
(3 6.93137e-16 0)
(3 2.93776e-16 0)
(3 -1.48953e-16 0)
(3 -5.86175e-16 0)
(3 -1.22509e-15 0)
(3 -1.82128e-15 0)
(3 -1.31151e-15 0)
(3 2.24938e-16 0)
(3 -2.23688e-16 0)
(3 6.44984e-15 0)
(3 1.72352e-09 0)
(3 1.3056e-05 0)
(3 6.80332e-17 0)
(3 1.67363e-17 0)
(3 6.08138e-17 0)
(3 -4.03772e-16 0)
(3 -7.21731e-17 0)
(3 2.74608e-16 0)
(3 1.07129e-15 0)
(3 1.47672e-15 0)
(3 1.51894e-15 0)
(3 5.59899e-16 0)
(3 -3.60046e-16 0)
(3 -6.53759e-16 0)
(3 -4.68169e-16 0)
(3 6.656e-16 0)
(3 1.65114e-15 0)
(3 1.39786e-15 0)
(3 2.56514e-16 0)
(3 -1.3716e-15 0)
(3 -1.65527e-15 0)
(3 -9.16525e-16 0)
(3 2.33144e-16 0)
(3 -1.4202e-15 0)
(3 1.31034e-13 0)
(3 1.17322e-08 0)
(3 2.8777e-16 0)
(3 5.43115e-16 0)
(3 -4.34985e-17 0)
(3 1.00011e-16 0)
(3 -2.46186e-16 0)
(3 -5.56379e-16 0)
(3 6.65313e-17 0)
(3 7.92681e-16 0)
(3 1.43083e-15 0)
(3 7.6037e-16 0)
(3 1.35283e-16 0)
(3 -6.72355e-16 0)
(3 -9.10237e-16 0)
(3 -4.17627e-16 0)
(3 7.51811e-17 0)
(3 -9.08669e-16 0)
(3 -9.11623e-16 0)
(3 1.39512e-16 0)
(3 -4.62333e-16 0)
(3 -7.66132e-16 0)
(3 -2.77362e-16 0)
(3 -9.37821e-17 0)
(3 -1.00835e-16 0)
(3 1.32983e-12 0)
(3 -5.23906e-17 0)
(3 2.48731e-16 0)
(3 9.05188e-16 0)
(3 8.42913e-16 0)
(3 3.33447e-16 0)
(3 1.6881e-16 0)
(3 3.16782e-16 0)
(3 4.75121e-16 0)
(3 8.13888e-16 0)
(3 1.68896e-16 0)
(3 -9.14412e-16 0)
(3 -9.8923e-16 0)
(3 -1.79831e-15 0)
(3 -2.69114e-15 0)
(3 -1.64822e-15 0)
(3 -1.84293e-15 0)
(3 -8.09275e-16 0)
(3 1.35512e-15 0)
(3 2.32922e-15 0)
(3 2.22916e-15 0)
(3 1.64769e-15 0)
(3 1.50432e-15 0)
(3 8.76092e-16 0)
(3 -1.10391e-15 0)
(3 -1.96072e-16 0)
(3 -4.14041e-16 0)
(3 6.00782e-16 0)
(3 5.05521e-16 0)
(3 -1.08209e-16 0)
(3 -1.82498e-16 0)
(3 1.75451e-16 0)
(3 -7.25792e-17 0)
(3 -3.64616e-16 0)
(3 -9.90089e-16 0)
(3 -1.29378e-15 0)
(3 -1.81174e-15 0)
(3 -1.41998e-15 0)
(3 -4.75773e-16 0)
(3 -3.07404e-16 0)
(3 1.99863e-16 0)
(3 -1.17991e-16 0)
(3 -5.20119e-16 0)
(3 4.42776e-16 0)
(3 6.3696e-16 0)
(3 1.98202e-16 0)
(3 6.75328e-16 0)
(3 8.16602e-16 0)
(3 -4.11746e-16 0)
(3 -7.06807e-17 0)
(3 -4.10768e-17 0)
(3 5.71181e-17 0)
(3 7.58589e-17 0)
(3 -1.80016e-16 0)
(3 -3.15615e-16 0)
(3 3.05806e-18 0)
(3 -6.02402e-16 0)
(3 -1.72692e-15 0)
(3 -1.14198e-16 0)
(3 8.30761e-16 0)
(3 8.62804e-16 0)
(3 8.38619e-16 0)
(3 1.15027e-15 0)
(3 1.44486e-15 0)
(3 1.41119e-15 0)
(3 3.1136e-16 0)
(3 -1.21851e-15 0)
(3 -1.36096e-15 0)
(3 -1.34837e-15 0)
(3 -9.52269e-16 0)
(3 -6.44236e-16 0)
(3 -4.49643e-16 0)
(3 -3.62599e-16 0)
(3 -1.82602e-16 0)
(3 -2.10564e-16 0)
(3 -1.04507e-15 0)
(3 -1.13001e-15 0)
(3 -2.69402e-16 0)
(3 1.94398e-16 0)
(3 3.37058e-16 0)
(3 -6.41515e-17 0)
(3 -6.11115e-16 0)
(3 7.59905e-17 0)
(3 1.30808e-15 0)
(3 1.71808e-15 0)
(3 9.99773e-16 0)
(3 8.04012e-16 0)
(3 1.55752e-15 0)
(3 2.41342e-15 0)
(3 2.92176e-15 0)
(3 2.90584e-15 0)
(3 1.44213e-15 0)
(3 1.19096e-15 0)
(3 2.99303e-16 0)
(3 -2.25255e-15 0)
(3 -1.93038e-15 0)
(3 -1.67797e-15 0)
(3 -2.43096e-16 0)
(3 -1.08649e-15 0)
(3 -1.94265e-15 0)
(3 -1.81889e-15 0)
(3 -4.99775e-16 0)
(3 -3.1906e-16 0)
(3 -8.37726e-16 0)
(3 -1.326e-15 0)
(3 -1.19758e-15 0)
(3 -1.26536e-15 0)
(3 -8.70587e-16 0)
(3 2.98868e-16 0)
(3 1.27511e-15 0)
(3 5.85989e-16 0)
(3 1.34839e-15 0)
(3 1.87863e-15 0)
(3 2.75636e-15 0)
(3 3.30182e-15 0)
(3 2.84975e-15 0)
(3 5.71352e-16 0)
(3 -1.2209e-15 0)
(3 -2.33428e-15 0)
(3 -2.91652e-15 0)
(3 -1.85697e-15 0)
(3 -1.10842e-16 0)
(3 -4.76226e-16 0)
(3 -5.3168e-16 0)
(3 -1.48262e-16 0)
(3 6.93354e-16 0)
(3 5.1832e-16 0)
(3 2.63284e-16 0)
(3 6.44997e-17 0)
(3 2.66384e-16 0)
(3 4.263e-16 0)
(3 3.26415e-16 0)
(3 6.0133e-16 0)
(3 1.9441e-15 0)
(3 2.33642e-15 0)
(3 2.06786e-15 0)
(3 1.63956e-15 0)
(3 1.28079e-15 0)
(3 3.17439e-16 0)
(3 9.99711e-17 0)
(3 -5.07832e-16 0)
(3 -1.36229e-15 0)
(3 -2.11161e-15 0)
(3 -2.31305e-15 0)
(3 -1.28224e-15 0)
(3 -5.71858e-17 0)
(3 -1.69354e-16 0)
(3 -1.8754e-16 0)
(3 4.76893e-17 0)
(3 1.02705e-15 0)
(3 8.34766e-16 0)
(3 4.5283e-16 0)
(3 7.02368e-16 0)
(3 1.29902e-15 0)
(3 2.19461e-15 0)
(3 2.50632e-15 0)
(3 2.17238e-15 0)
(3 2.58715e-15 0)
(3 2.94193e-15 0)
(3 2.12727e-15 0)
(3 3.37964e-16 0)
(3 -6.14376e-16 0)
(3 -1.63628e-15 0)
(3 -1.78499e-15 0)
(3 -1.56966e-15 0)
(3 -2.11243e-15 0)
(3 -1.11865e-15 0)
(3 1.21752e-15 0)
(3 1.30912e-15 0)
(3 -2.31618e-17 0)
(3 -2.74608e-16 0)
(3 -2.82333e-16 0)
(3 3.80276e-17 0)
(3 4.29163e-16 0)
(3 3.69953e-19 0)
(3 -5.06815e-16 0)
(3 -6.81972e-16 0)
(3 6.15234e-16 0)
(3 1.01973e-15 0)
(3 1.18154e-15 0)
(3 2.02609e-15 0)
(3 2.4502e-15 0)
(3 1.75852e-15 0)
(3 1.32876e-15 0)
(3 2.0766e-16 0)
(3 -5.79298e-16 0)
(3 -8.01876e-16 0)
(3 -1.59992e-15 0)
(3 -1.64107e-15 0)
(3 -1.89235e-15 0)
(3 -1.13712e-15 0)
(3 2.21397e-16 0)
(3 1.67864e-15 0)
(1.56437 1.30887 0)
(2.1467 1.35158 0)
(2.41009 1.52452 0)
(2.50152 0.778999 0)
(2.61035 0.366969 0)
(2.7045 0.0202305 0)
(2.73124 -0.183564 0)
(2.75729 -0.259976 0)
(2.67471 -0.252562 0)
(2.60882 -0.339666 0)
(2.64109 -0.399451 0)
(2.63379 -0.268532 0)
(2.59404 -0.163563 0)
(2.54614 -0.150796 0)
(2.55592 -0.126941 0)
(2.57227 -0.0832308 0)
(2.58703 -0.0522962 0)
(2.59338 -0.042265 0)
(2.60744 -0.0354261 0)
(2.62314 -0.0257884 0)
(2.62492 -0.0207408 0)
(2.62151 -0.0165051 0)
(2.62044 -0.0143244 0)
(2.62823 -0.00497674 0)
(2.63594 0.0031688 0)
(2.6443 0.00590197 0)
(2.65797 0.00398014 0)
(2.67697 -0.00057852 0)
(2.69418 -0.00313367 0)
(2.71072 -0.00283061 0)
(2.71412 -0.00312412 0)
(2.71469 -0.00484539 0)
(2.71822 -0.00944246 0)
(2.72638 -0.0132117 0)
(2.74235 -0.0106537 0)
(2.75874 -0.00866018 0)
(2.7696 -0.00388423 0)
(2.77932 -0.00115303 0)
(2.79117 -0.00102086 0)
(2.80515 -0.00255762 0)
(2.81975 -0.00345551 0)
(2.83354 -0.00289332 0)
(2.84349 -0.000556409 0)
(2.84419 0.00116584 0)
(2.85277 0.00164572 0)
(2.86497 0.00173425 0)
(2.874 0.0020231 0)
(2.88156 0.00265066 0)
(2.88833 0.00285441 0)
(2.89616 0.00236005 0)
(2.90436 0.00189344 0)
(2.91012 0.000963475 0)
(2.91201 -0.00165657 0)
(2.91399 -0.00598585 0)
(2.92268 -0.00803192 0)
(2.9376 -0.00636748 0)
(2.95162 -0.00369772 0)
(2.96189 -0.00233521 0)
(2.96995 -0.00371049 0)
(2.97832 -0.00570686 0)
(2.98672 -0.00451392 0)
(2.99098 0.000301136 0)
(2.99374 0.00264275 0)
(2.99478 0.00291463 0)
(2.99561 0.00364331 0)
(2.99431 0.00432953 0)
(2.99173 0.00467249 0)
(2.9883 0.00512885 0)
(2.98238 0.00571014 0)
(2.97455 0.0076982 0)
(2.96768 0.0107729 0)
(2.96537 0.0116182 0)
(2.96196 0.0116294 0)
(2.96052 0.00894548 0)
(2.95454 0.00441746 0)
(2.94167 0.00105867 0)
(2.93215 0.000159496 0)
(2.91851 0.000975232 0)
(2.88874 0.00578669 0)
(2.8677 0.0110041 0)
(2.86027 0.0126297 0)
(2.85034 0.0142683 0)
(2.84555 0.0133739 0)
(2.84758 0.00943992 0)
(2.83809 0.00504033 0)
(2.82542 0.00397266 0)
(2.81497 0.00335431 0)
(2.78954 0.00396063 0)
(2.76726 0.00558021 0)
(2.76226 0.00595266 0)
(2.75777 0.00574929 0)
(2.75574 0.0072129 0)
(2.75538 0.0105291 0)
(2.75811 0.0133675 0)
(2.76896 0.00508099 0)
(2.76207 -0.00402118 0)
(1.81203 1.11453 0)
(2.36479 0.749386 0)
(2.61489 0.417919 0)
(2.74827 0.209624 0)
(2.83238 -0.190458 0)
(2.82739 -0.532619 0)
(2.82547 -0.584903 0)
(2.88214 -0.593446 0)
(2.88815 -0.534375 0)
(2.84598 -0.502614 0)
(2.81119 -0.466614 0)
(2.72938 -0.320036 0)
(2.66492 -0.196842 0)
(2.6174 -0.172001 0)
(2.60268 -0.152355 0)
(2.60685 -0.0863681 0)
(2.61725 -0.0277773 0)
(2.62312 -0.0150437 0)
(2.63433 -0.00363566 0)
(2.63354 0.00783653 0)
(2.62594 0.0148457 0)
(2.61337 0.0093403 0)
(2.6166 -0.00526824 0)
(2.62867 -0.00649357 0)
(2.64015 0.0046377 0)
(2.64804 0.0110539 0)
(2.65746 0.0058247 0)
(2.67499 -0.00578067 0)
(2.69687 -0.00804242 0)
(2.71497 -0.00585197 0)
(2.71772 -0.00508134 0)
(2.72361 -0.00790662 0)
(2.73144 -0.0170939 0)
(2.74046 -0.0244629 0)
(2.75415 -0.0220069 0)
(2.76944 -0.01263 0)
(2.78073 -0.00244712 0)
(2.79168 0.00402516 0)
(2.80558 0.00837314 0)
(2.82092 0.0101478 0)
(2.83484 0.00860961 0)
(2.84577 0.0062311 0)
(2.85233 0.00291039 0)
(2.8532 -0.00262183 0)
(2.86128 -0.00439179 0)
(2.87465 -0.00286599 0)
(2.88633 -0.000791774 0)
(2.89661 0.00281716 0)
(2.90536 0.00814201 0)
(2.91324 0.0138241 0)
(2.9195 0.0188597 0)
(2.92232 0.0203309 0)
(2.92102 0.0170528 0)
(2.92034 0.00654612 0)
(2.93279 -0.00573276 0)
(2.94478 -0.0131151 0)
(2.95775 -0.0143387 0)
(2.97158 -0.013076 0)
(2.98441 -0.0137599 0)
(2.99504 -0.0182201 0)
(3.0021 -0.0197405 0)
(3.0028 -0.0127773 0)
(2.99939 -0.00429785 0)
(2.99884 -0.00281962 0)
(2.99899 -0.00328705 0)
(2.99892 -0.00391314 0)
(2.99776 -0.0039678 0)
(2.99605 -0.00405472 0)
(2.9947 -0.00364033 0)
(2.99108 0.000595495 0)
(2.98395 0.0120394 0)
(2.97819 0.0219884 0)
(2.97377 0.0268293 0)
(2.96684 0.0295162 0)
(2.95489 0.0229517 0)
(2.94224 0.0141121 0)
(2.93067 0.00370694 0)
(2.91726 -0.0066552 0)
(2.89638 -0.00877562 0)
(2.87765 0.00346233 0)
(2.87077 0.0142256 0)
(2.86422 0.0262594 0)
(2.85737 0.0369386 0)
(2.85306 0.0345776 0)
(2.84678 0.0198595 0)
(2.83248 0.0063945 0)
(2.8204 -0.00236487 0)
(2.80278 -0.00730222 0)
(2.78243 -0.00374779 0)
(2.77551 -3.26495e-05 0)
(2.77261 0.00408118 0)
(2.76884 0.0119877 0)
(2.76342 0.0198884 0)
(2.7607 0.0306102 0)
(2.77241 0.0261027 0)
(2.7662 -0.00193301 0)
(1.73052 1.03828 0)
(2.03588 0.950644 0)
(2.39335 0.649825 0)
(2.66563 0.283027 0)
(2.72743 0.19446 0)
(2.76268 -0.0187452 0)
(2.79631 -0.15486 0)
(2.8356 -0.138407 0)
(2.89286 -0.265062 0)
(2.8967 -0.399013 0)
(2.89916 -0.483947 0)
(2.8773 -0.456606 0)
(2.82066 -0.428573 0)
(2.79044 -0.402636 0)
(2.77079 -0.344458 0)
(2.7213 -0.238936 0)
(2.701 -0.138977 0)
(2.69655 -0.0958144 0)
(2.69556 -0.0792493 0)
(2.67583 -0.040907 0)
(2.66671 -0.00479742 0)
(2.66063 -0.00250892 0)
(2.66734 -0.000633573 0)
(2.67066 0.00160675 0)
(2.67458 0.0119906 0)
(2.67767 0.0111217 0)
(2.68692 -0.000960182 0)
(2.69916 -0.0252757 0)
(2.7148 -0.0367799 0)
(2.72965 -0.0335861 0)
(2.73572 -0.0253544 0)
(2.73867 -0.0237001 0)
(2.74518 -0.0298866 0)
(2.75185 -0.0327317 0)
(2.76393 -0.0291096 0)
(2.77867 -0.0173688 0)
(2.78668 -0.00724768 0)
(2.8014 -0.00801927 0)
(2.81633 -0.0136119 0)
(2.83275 -0.0162344 0)
(2.84747 -0.0112284 0)
(2.85572 -0.000976384 0)
(2.85762 0.00398397 0)
(2.85909 -0.00324067 0)
(2.87089 -0.00865731 0)
(2.88535 -0.00849922 0)
(2.89972 -0.00714308 0)
(2.91213 -0.00454518 0)
(2.92177 -0.000374575 0)
(2.93028 0.00589428 0)
(2.93632 0.0126675 0)
(2.93669 0.018001 0)
(2.93112 0.016064 0)
(2.92967 0.00798751 0)
(2.94126 0.00272645 0)
(2.95189 -0.00083056 0)
(2.96389 -0.00235773 0)
(2.97859 -0.00234459 0)
(2.99332 -0.00270995 0)
(3.00486 -0.00354389 0)
(3.01248 -0.00243966 0)
(3.01528 0.00324271 0)
(3.0106 0.0139349 0)
(3.0052 0.0212486 0)
(3.00564 0.0217608 0)
(3.00642 0.0210097 0)
(3.00863 0.0171594 0)
(3.00983 0.00937378 0)
(3.00865 0.00452054 0)
(3.00611 0.00232598 0)
(3.00299 0.00456395 0)
(3.00155 0.0127739 0)
(2.99449 0.0239755 0)
(2.98444 0.0305864 0)
(2.96994 0.032524 0)
(2.95338 0.0295669 0)
(2.93621 0.0257387 0)
(2.92052 0.0223998 0)
(2.90862 0.0169889 0)
(2.89996 0.0124817 0)
(2.89323 0.0142269 0)
(2.88929 0.0266468 0)
(2.88472 0.0425704 0)
(2.87821 0.0484651 0)
(2.8662 0.0475416 0)
(2.85029 0.0392421 0)
(2.83387 0.0247029 0)
(2.82197 0.00942959 0)
(2.81418 0.00118378 0)
(2.80831 -0.00177028 0)
(2.80459 -0.0013603 0)
(2.80064 0.00774212 0)
(2.79714 0.0182215 0)
(2.79589 0.0333178 0)
(2.79427 0.0237769 0)
(2.77937 0.00224897 0)
(1.63476 1.01004 0)
(1.94297 0.879389 0)
(2.23079 0.658974 0)
(2.37276 0.58338 0)
(2.4775 0.469982 0)
(2.64285 0.19921 0)
(2.73475 -0.0501806 0)
(2.77453 -0.0992701 0)
(2.80473 -0.204459 0)
(2.83536 -0.376457 0)
(2.85198 -0.431691 0)
(2.88204 -0.463947 0)
(2.8831 -0.477638 0)
(2.87619 -0.477348 0)
(2.85809 -0.450119 0)
(2.81786 -0.371158 0)
(2.78994 -0.307346 0)
(2.77686 -0.258345 0)
(2.77138 -0.218636 0)
(2.75586 -0.163942 0)
(2.74178 -0.109982 0)
(2.73851 -0.104717 0)
(2.73751 -0.0898721 0)
(2.7126 -0.0489697 0)
(2.71042 0.00328614 0)
(2.71631 0.0235955 0)
(2.72621 0.0244862 0)
(2.73133 0.016444 0)
(2.73706 0.0122379 0)
(2.74254 0.0119831 0)
(2.74644 0.00730603 0)
(2.75096 -0.00402192 0)
(2.75981 -0.0213238 0)
(2.76738 -0.0372825 0)
(2.77439 -0.0409255 0)
(2.78409 -0.0307412 0)
(2.79087 -0.020308 0)
(2.80746 -0.0181897 0)
(2.82017 -0.0224037 0)
(2.8307 -0.024656 0)
(2.84171 -0.0198715 0)
(2.85126 -0.0105776 0)
(2.85876 0.000124772 0)
(2.86465 0.00614725 0)
(2.87465 0.00175058 0)
(2.88723 -0.00428246 0)
(2.90073 -0.00393374 0)
(2.91356 0.00225649 0)
(2.92287 0.00823569 0)
(2.93103 0.009078 0)
(2.93794 0.00863919 0)
(2.93824 0.00753839 0)
(2.92984 0.00143414 0)
(2.93304 -0.00583255 0)
(2.94334 -0.00783724 0)
(2.95383 -0.00881295 0)
(2.9665 -0.0095376 0)
(2.98102 -0.00890188 0)
(2.9956 -0.00838715 0)
(3.00815 -0.00826752 0)
(3.01753 -0.00618288 0)
(3.02161 -0.000891943 0)
(3.01754 0.0082925 0)
(3.00994 0.019161 0)
(3.00931 0.0258521 0)
(3.0142 0.0289194 0)
(3.01956 0.0301698 0)
(3.02293 0.0296436 0)
(3.02333 0.0290271 0)
(3.02092 0.0309381 0)
(3.01953 0.0329189 0)
(3.01602 0.0331892 0)
(3.00963 0.0297606 0)
(2.99586 0.0186254 0)
(2.98098 0.00521729 0)
(2.97332 0.000293384 0)
(2.96406 0.00151151 0)
(2.95291 0.0110687 0)
(2.93997 0.0261994 0)
(2.93198 0.0360794 0)
(2.92352 0.0402325 0)
(2.91782 0.0410561 0)
(2.91269 0.0388979 0)
(2.90756 0.0360111 0)
(2.9016 0.0315801 0)
(2.89162 0.026352 0)
(2.88089 0.0218391 0)
(2.87259 0.0198247 0)
(2.86456 0.0175315 0)
(2.85769 0.01204 0)
(2.85293 0.00759561 0)
(2.84839 0.0100811 0)
(2.84569 0.0162838 0)
(2.84516 0.0283061 0)
(2.83952 0.0245135 0)
(2.8177 0.00895087 0)
(1.60926 0.970204 0)
(1.86767 0.874299 0)
(2.08545 0.731057 0)
(2.20928 0.673792 0)
(2.36746 0.534718 0)
(2.52397 0.291566 0)
(2.59008 0.196331 0)
(2.60952 0.163498 0)
(2.69354 0.0032314 0)
(2.7304 -0.16292 0)
(2.75947 -0.21336 0)
(2.76161 -0.204352 0)
(2.80843 -0.28809 0)
(2.82722 -0.364963 0)
(2.84765 -0.371705 0)
(2.84469 -0.367713 0)
(2.83248 -0.375375 0)
(2.82442 -0.375617 0)
(2.81647 -0.34439 0)
(2.80798 -0.287257 0)
(2.79759 -0.229855 0)
(2.79253 -0.213126 0)
(2.78351 -0.188242 0)
(2.75378 -0.123255 0)
(2.74917 -0.073024 0)
(2.75212 -0.0496363 0)
(2.75974 -0.0413627 0)
(2.75414 -0.0277449 0)
(2.74779 -0.0196149 0)
(2.74298 -0.00252442 0)
(2.74486 0.00395309 0)
(2.75487 0.00783558 0)
(2.7616 0.00508163 0)
(2.76855 -5.75183e-06 0)
(2.77409 -0.00311689 0)
(2.77975 -0.00430792 0)
(2.7904 -0.0104984 0)
(2.80661 -0.0216503 0)
(2.82019 -0.0386044 0)
(2.82361 -0.0478648 0)
(2.83119 -0.0434916 0)
(2.84335 -0.0305796 0)
(2.85347 -0.0202047 0)
(2.86158 -0.01072 0)
(2.86824 -0.00339845 0)
(2.8762 0.00153262 0)
(2.88709 0.00815393 0)
(2.89875 0.0171845 0)
(2.91046 0.0221215 0)
(2.92308 0.0185299 0)
(2.93142 0.0105015 0)
(2.93111 0.00257555 0)
(2.9224 0.000771421 0)
(2.92547 0.00114002 0)
(2.93485 -0.000598604 0)
(2.94464 -0.00258323 0)
(2.956 -0.00404606 0)
(2.97028 -0.00553007 0)
(2.98278 -0.00580753 0)
(2.99759 -0.0047554 0)
(3.00982 -0.00128992 0)
(3.01666 0.00578544 0)
(3.01425 0.0133177 0)
(3.00498 0.016669 0)
(3.00318 0.0177075 0)
(3.01197 0.0196115 0)
(3.02217 0.021533 0)
(3.03043 0.0241044 0)
(3.03517 0.0290336 0)
(3.03701 0.0362046 0)
(3.03623 0.0427592 0)
(3.03103 0.0444409 0)
(3.01819 0.0356741 0)
(3.00423 0.0222626 0)
(2.99938 0.0162189 0)
(2.99475 0.0133585 0)
(2.99218 0.0171627 0)
(2.98711 0.0290727 0)
(2.97865 0.0403183 0)
(2.97038 0.0519196 0)
(2.96056 0.0605492 0)
(2.94761 0.063347 0)
(2.93902 0.0578059 0)
(2.93695 0.0539006 0)
(2.93513 0.0473668 0)
(2.93335 0.0374402 0)
(2.9327 0.0299447 0)
(2.92967 0.0266517 0)
(2.92212 0.0266637 0)
(2.91426 0.0273441 0)
(2.90635 0.0288869 0)
(2.90009 0.0323516 0)
(2.89741 0.0341415 0)
(2.89748 0.0364985 0)
(2.89355 0.0233301 0)
(2.87291 0.00508003 0)
(1.59604 0.922406 0)
(1.79664 0.864591 0)
(1.96588 0.788864 0)
(2.10771 0.721386 0)
(2.2623 0.598072 0)
(2.3956 0.415895 0)
(2.46927 0.323974 0)
(2.5052 0.282125 0)
(2.58599 0.148796 0)
(2.64077 0.000950628 0)
(2.67581 -0.0372423 0)
(2.6865 -0.0738105 0)
(2.74641 -0.177987 0)
(2.77727 -0.304558 0)
(2.8086 -0.339031 0)
(2.82443 -0.351931 0)
(2.82772 -0.398256 0)
(2.81543 -0.427658 0)
(2.8401 -0.418062 0)
(2.84306 -0.37511 0)
(2.84698 -0.342076 0)
(2.83453 -0.32064 0)
(2.81891 -0.282639 0)
(2.79733 -0.211892 0)
(2.78763 -0.157468 0)
(2.77769 -0.118621 0)
(2.77374 -0.10553 0)
(2.76288 -0.0774172 0)
(2.75162 -0.0444659 0)
(2.75151 -0.0289942 0)
(2.7509 -0.030128 0)
(2.75745 -0.0249634 0)
(2.76645 -0.00992061 0)
(2.76714 -0.00330172 0)
(2.7658 0.00207199 0)
(2.76678 0.00396443 0)
(2.77591 0.00197264 0)
(2.79193 -0.00526165 0)
(2.80445 -0.0165743 0)
(2.81503 -0.0337425 0)
(2.82265 -0.0467032 0)
(2.83388 -0.0462425 0)
(2.84937 -0.0337784 0)
(2.85884 -0.0268615 0)
(2.86157 -0.021752 0)
(2.86588 -0.00861138 0)
(2.87121 0.0054244 0)
(2.87746 0.0183414 0)
(2.88829 0.0228824 0)
(2.90227 0.0173664 0)
(2.91179 0.00603661 0)
(2.91456 -0.00444632 0)
(2.91207 -0.00591485 0)
(2.9114 0.00228239 0)
(2.91903 0.00728023 0)
(2.92879 0.00768723 0)
(2.93844 0.00688128 0)
(2.95244 0.00357423 0)
(2.96286 0.00175823 0)
(2.97681 0.0025696 0)
(2.98928 0.0059095 0)
(2.99905 0.0116634 0)
(3.00171 0.0156139 0)
(2.99471 0.0129236 0)
(2.99413 0.00961089 0)
(3.00468 0.0101471 0)
(3.01748 0.0124752 0)
(3.02921 0.0198004 0)
(3.03723 0.0310977 0)
(3.04077 0.0381456 0)
(3.03968 0.0385476 0)
(3.02882 0.0301852 0)
(3.01565 0.0215105 0)
(3.01065 0.0179591 0)
(3.00875 0.0170915 0)
(3.00839 0.0196104 0)
(3.01381 0.0323709 0)
(3.01451 0.0494946 0)
(3.00768 0.0599191 0)
(3.0001 0.0645686 0)
(2.99021 0.0658522 0)
(2.97185 0.0600425 0)
(2.96019 0.0527675 0)
(2.95923 0.0509253 0)
(2.96047 0.050713 0)
(2.96468 0.0509686 0)
(2.97027 0.0492043 0)
(2.97101 0.0426373 0)
(2.96347 0.0353655 0)
(2.95461 0.028723 0)
(2.94617 0.0253531 0)
(2.93903 0.0253362 0)
(2.93731 0.0275964 0)
(2.93689 0.0352981 0)
(2.93868 0.0432507 0)
(2.9183 0.0372062 0)
(1.57326 0.906731 0)
(1.7304 0.873846 0)
(1.89311 0.809791 0)
(2.02883 0.746959 0)
(2.17247 0.636439 0)
(2.28037 0.507148 0)
(2.33635 0.466157 0)
(2.40915 0.388325 0)
(2.51553 0.223752 0)
(2.56479 0.0979086 0)
(2.59705 0.0951861 0)
(2.61294 0.0786372 0)
(2.67975 -0.035794 0)
(2.7054 -0.133312 0)
(2.73351 -0.153367 0)
(2.74227 -0.15704 0)
(2.77927 -0.231236 0)
(2.78545 -0.309775 0)
(2.81403 -0.31844 0)
(2.83369 -0.312091 0)
(2.83308 -0.311328 0)
(2.82694 -0.326801 0)
(2.84073 -0.340551 0)
(2.84243 -0.317352 0)
(2.83601 -0.278839 0)
(2.82259 -0.247352 0)
(2.80428 -0.211832 0)
(2.7912 -0.17688 0)
(2.77403 -0.120456 0)
(2.76469 -0.0602262 0)
(2.76184 -0.0501731 0)
(2.76377 -0.0512701 0)
(2.76353 -0.0221565 0)
(2.76693 -0.00570759 0)
(2.76307 -0.00901141 0)
(2.76436 -0.0119693 0)
(2.77187 -0.0134933 0)
(2.7829 -0.0042656 0)
(2.78947 0.00114516 0)
(2.79893 -0.00589712 0)
(2.80799 -0.0162629 0)
(2.82093 -0.0242063 0)
(2.83615 -0.0312033 0)
(2.85 -0.0270732 0)
(2.85724 -0.0233483 0)
(2.85929 -0.0192651 0)
(2.86053 -0.00693679 0)
(2.86227 0.000925392 0)
(2.87087 0.0011314 0)
(2.88116 0.000776667 0)
(2.88978 -0.000806457 0)
(2.89596 -0.00231739 0)
(2.89885 0.000135648 0)
(2.89999 0.0075222 0)
(2.90098 0.0163117 0)
(2.91076 0.0189229 0)
(2.92175 0.0171515 0)
(2.93343 0.00965086 0)
(2.94376 0.00392955 0)
(2.95624 0.00184082 0)
(2.96754 0.00116315 0)
(2.97656 0.000983753 0)
(2.98117 6.79227e-05 0)
(2.98105 -0.000229692 0)
(2.98832 0.00275553 0)
(2.99914 0.00595765 0)
(3.0103 0.014838 0)
(3.01963 0.0264472 0)
(3.02956 0.034431 0)
(3.03449 0.0341464 0)
(3.02625 0.0278744 0)
(3.01457 0.0217239 0)
(3.01038 0.017657 0)
(3.00925 0.0161327 0)
(3.00877 0.0184404 0)
(3.01513 0.0313035 0)
(3.02652 0.0501062 0)
(3.02848 0.0575936 0)
(3.02295 0.0554877 0)
(3.01554 0.0498805 0)
(3.00056 0.0357266 0)
(2.9777 0.0114192 0)
(2.97313 0.00146326 0)
(2.97369 -0.00147009 0)
(2.97977 0.00305947 0)
(2.99201 0.0133537 0)
(2.99796 0.0238658 0)
(2.99469 0.0266343 0)
(2.98853 0.026798 0)
(2.97901 0.023944 0)
(2.96833 0.0193639 0)
(2.96147 0.0173584 0)
(2.95847 0.0191218 0)
(2.95786 0.0267476 0)
(2.962 0.0423907 0)
(2.95365 0.0480023 0)
(1.55928 0.890689 0)
(1.69679 0.865099 0)
(1.83367 0.821437 0)
(1.95277 0.77429 0)
(2.07518 0.688517 0)
(2.1848 0.581207 0)
(2.25977 0.528526 0)
(2.32447 0.471079 0)
(2.41008 0.34863 0)
(2.46984 0.240799 0)
(2.51262 0.214306 0)
(2.55646 0.167741 0)
(2.62183 0.0603176 0)
(2.65352 -0.0355792 0)
(2.68373 -0.0536639 0)
(2.70416 -0.0624032 0)
(2.75284 -0.146213 0)
(2.76972 -0.252593 0)
(2.78704 -0.279498 0)
(2.81353 -0.279341 0)
(2.82814 -0.303767 0)
(2.83077 -0.343623 0)
(2.82847 -0.36148 0)
(2.86032 -0.342569 0)
(2.85991 -0.31522 0)
(2.84308 -0.300127 0)
(2.83474 -0.299259 0)
(2.82399 -0.280056 0)
(2.81502 -0.238566 0)
(2.8093 -0.200223 0)
(2.79218 -0.138285 0)
(2.78696 -0.110465 0)
(2.78129 -0.0731695 0)
(2.77947 -0.0352244 0)
(2.77597 -0.0327907 0)
(2.77514 -0.0343408 0)
(2.77694 -0.0329747 0)
(2.78183 -0.0181987 0)
(2.7873 0.00451883 0)
(2.78994 0.0065756 0)
(2.79557 -0.00122346 0)
(2.80332 -0.0125033 0)
(2.81679 -0.0184769 0)
(2.83079 -0.0166647 0)
(2.84232 -0.0165086 0)
(2.85097 -0.0185061 0)
(2.85417 -0.0160043 0)
(2.85689 -0.011928 0)
(2.86537 -0.012612 0)
(2.87029 -0.0122416 0)
(2.8756 -0.0088168 0)
(2.88383 -0.000460081 0)
(2.88748 0.0083086 0)
(2.88824 0.0121486 0)
(2.89068 0.020689 0)
(2.89444 0.0282863 0)
(2.90466 0.0250336 0)
(2.91568 0.0162874 0)
(2.9258 0.00437549 0)
(2.93667 -0.00327798 0)
(2.94831 -0.00548467 0)
(2.95904 -0.00655881 0)
(2.96694 -0.00605204 0)
(2.97556 0.00065872 0)
(2.98719 0.00828306 0)
(2.9952 0.0150251 0)
(3.00202 0.0194205 0)
(3.00821 0.0168558 0)
(3.00906 0.00912139 0)
(3.00601 0.0067089 0)
(3.0021 -0.00248603 0)
(2.99988 -0.0105117 0)
(2.99799 -0.0238108 0)
(2.99804 -0.0362578 0)
(3.00532 -0.0409544 0)
(3.01952 -0.0451496 0)
(3.02712 -0.0547483 0)
(3.02462 -0.0658382 0)
(3.01476 -0.0815941 0)
(2.99251 -0.110623 0)
(2.9778 -0.147155 0)
(2.97134 -0.176206 0)
(2.97102 -0.201446 0)
(2.98326 -0.216679 0)
(3.00372 -0.206219 0)
(3.01443 -0.188374 0)
(3.01617 -0.173667 0)
(3.01447 -0.153765 0)
(3.00603 -0.135244 0)
(2.99516 -0.123553 0)
(2.98551 -0.11176 0)
(2.97793 -0.0994223 0)
(2.97504 -0.0865078 0)
(2.97716 -0.0679777 0)
(2.98368 -0.0370379 0)
(2.99193 0.00779038 0)
(1.54686 0.89632 0)
(1.66321 0.875058 0)
(1.78056 0.841617 0)
(1.88928 0.801582 0)
(2.01228 0.720182 0)
(2.11023 0.637256 0)
(2.17834 0.600966 0)
(2.26833 0.522495 0)
(2.36297 0.389553 0)
(2.41236 0.323176 0)
(2.44263 0.31403 0)
(2.50285 0.252806 0)
(2.57177 0.148318 0)
(2.60886 0.0570448 0)
(2.63482 0.0315295 0)
(2.65977 0.032299 0)
(2.70233 -0.0232418 0)
(2.72433 -0.113784 0)
(2.7391 -0.148466 0)
(2.75909 -0.135118 0)
(2.77958 -0.159377 0)
(2.79954 -0.222757 0)
(2.80309 -0.261058 0)
(2.82521 -0.256758 0)
(2.83177 -0.259039 0)
(2.82193 -0.275223 0)
(2.82068 -0.286584 0)
(2.83518 -0.296137 0)
(2.84242 -0.288698 0)
(2.84438 -0.269537 0)
(2.83806 -0.254761 0)
(2.8251 -0.218106 0)
(2.81994 -0.176923 0)
(2.8104 -0.11769 0)
(2.80615 -0.0692625 0)
(2.79924 -0.072998 0)
(2.7924 -0.0670285 0)
(2.79356 -0.0453979 0)
(2.79106 -0.00980896 0)
(2.79349 0.00245702 0)
(2.79473 -0.00317413 0)
(2.79717 -0.0134212 0)
(2.80636 -0.0159979 0)
(2.81913 -0.0105667 0)
(2.82963 -0.0115737 0)
(2.83971 -0.0148112 0)
(2.84852 -0.0203297 0)
(2.85463 -0.0203364 0)
(2.85936 -0.0144169 0)
(2.864 -0.0114185 0)
(2.86725 -0.00895784 0)
(2.87432 -0.0007219 0)
(2.87953 0.0141473 0)
(2.88125 0.0182051 0)
(2.88445 0.0187402 0)
(2.88811 0.0218699 0)
(2.89189 0.023927 0)
(2.9009 0.0177663 0)
(2.91064 0.00910343 0)
(2.92099 0.0017597 0)
(2.93307 -0.00241231 0)
(2.94567 0.000296542 0)
(2.96219 0.00135359 0)
(2.97522 0.0052975 0)
(2.98518 0.0042699 0)
(2.99075 -0.000590444 0)
(2.9885 -0.0124695 0)
(2.97898 -0.0382334 0)
(2.97313 -0.0602376 0)
(2.96418 -0.0966393 0)
(2.95779 -0.144489 0)
(2.95411 -0.197525 0)
(2.95477 -0.249065 0)
(2.96377 -0.295728 0)
(2.98139 -0.333896 0)
(2.99991 -0.356165 0)
(3.00459 -0.366174 0)
(2.99428 -0.377641 0)
(2.97562 -0.387308 0)
(2.95868 -0.402916 0)
(2.94892 -0.425764 0)
(2.95054 -0.44286 0)
(2.96101 -0.447291 0)
(2.98052 -0.447089 0)
(3.00494 -0.44608 0)
(3.01857 -0.443471 0)
(3.02194 -0.436329 0)
(3.02126 -0.419109 0)
(3.01437 -0.400762 0)
(3.00696 -0.380615 0)
(2.99942 -0.363578 0)
(2.99333 -0.347852 0)
(2.9981 -0.326216 0)
(3.00605 -0.301415 0)
(3.00941 -0.27173 0)
(3.05309 -0.206088 0)
(1.55654 0.885906 0)
(1.65816 0.869279 0)
(1.76049 0.845034 0)
(1.85908 0.810453 0)
(1.95748 0.753201 0)
(2.05416 0.684905 0)
(2.13342 0.634432 0)
(2.21023 0.570654 0)
(2.28594 0.479614 0)
(2.33506 0.431816 0)
(2.38826 0.384093 0)
(2.4644 0.295758 0)
(2.51325 0.23261 0)
(2.53984 0.19315 0)
(2.57133 0.148384 0)
(2.60977 0.116919 0)
(2.66354 0.0538517 0)
(2.693 -0.0388491 0)
(2.70325 -0.0720377 0)
(2.72224 -0.0632172 0)
(2.75624 -0.0948125 0)
(2.78891 -0.175598 0)
(2.79125 -0.231471 0)
(2.80859 -0.238807 0)
(2.82246 -0.24092 0)
(2.81594 -0.263541 0)
(2.81681 -0.29324 0)
(2.81946 -0.308238 0)
(2.85274 -0.293758 0)
(2.86104 -0.274419 0)
(2.85553 -0.279566 0)
(2.84986 -0.285046 0)
(2.85193 -0.271725 0)
(2.8535 -0.246352 0)
(2.85113 -0.21885 0)
(2.83556 -0.174399 0)
(2.82127 -0.143587 0)
(2.81892 -0.116219 0)
(2.81709 -0.0581526 0)
(2.82078 -0.0303542 0)
(2.8157 -0.0278133 0)
(2.8139 -0.0279199 0)
(2.81456 -0.0207002 0)
(2.81977 -0.0120341 0)
(2.82542 -0.0111669 0)
(2.83378 -0.0139669 0)
(2.84415 -0.0215928 0)
(2.85481 -0.0206725 0)
(2.85846 -0.0156424 0)
(2.85854 -0.00815925 0)
(2.86397 -0.00408955 0)
(2.86943 0.000810805 0)
(2.87508 0.0100682 0)
(2.87799 0.0134444 0)
(2.88121 0.0130074 0)
(2.88424 0.0142602 0)
(2.88584 0.0178277 0)
(2.89442 0.0158703 0)
(2.90463 0.00996596 0)
(2.91076 0.00310496 0)
(2.9273 -0.00422544 0)
(2.93799 -0.0113566 0)
(2.95256 -0.0270601 0)
(2.96419 -0.0557667 0)
(2.95878 -0.109226 0)
(2.95069 -0.168982 0)
(2.94142 -0.2284 0)
(2.92699 -0.283933 0)
(2.90695 -0.338723 0)
(2.89104 -0.390618 0)
(2.8851 -0.437501 0)
(2.88865 -0.476008 0)
(2.90357 -0.500309 0)
(2.92403 -0.531236 0)
(2.95117 -0.555636 0)
(2.97603 -0.567617 0)
(2.97196 -0.565118 0)
(2.96909 -0.562974 0)
(2.95797 -0.557591 0)
(2.94131 -0.554839 0)
(2.9369 -0.558392 0)
(2.9416 -0.55794 0)
(2.94894 -0.550763 0)
(2.96524 -0.539805 0)
(2.98313 -0.532571 0)
(2.99653 -0.530533 0)
(3.00294 -0.530594 0)
(3.00601 -0.527851 0)
(3.00678 -0.519597 0)
(3.00437 -0.511843 0)
(3.0009 -0.504849 0)
(3.00455 -0.486741 0)
(3.00995 -0.470871 0)
(3.02237 -0.451282 0)
(3.02432 -0.440218 0)
(3.06958 -0.410054 0)
(1.56011 0.907765 0)
(1.64946 0.889844 0)
(1.73906 0.868164 0)
(1.82754 0.83614 0)
(1.92791 0.775331 0)
(2.01242 0.721316 0)
(2.07908 0.683335 0)
(2.17154 0.605679 0)
(2.25354 0.51266 0)
(2.29861 0.487871 0)
(2.33993 0.45414 0)
(2.41993 0.365194 0)
(2.47261 0.297349 0)
(2.51128 0.258122 0)
(2.54954 0.19349 0)
(2.57842 0.162132 0)
(2.60653 0.153795 0)
(2.64185 0.0865134 0)
(2.66054 0.0218815 0)
(2.68557 0.0144075 0)
(2.72055 -0.0048707 0)
(2.75075 -0.0690296 0)
(2.75025 -0.119709 0)
(2.76441 -0.129504 0)
(2.78099 -0.117595 0)
(2.78114 -0.144463 0)
(2.78507 -0.198008 0)
(2.7895 -0.220591 0)
(2.81112 -0.211392 0)
(2.83679 -0.22516 0)
(2.84369 -0.240518 0)
(2.84311 -0.275458 0)
(2.8504 -0.283103 0)
(2.86806 -0.275086 0)
(2.87 -0.270903 0)
(2.86956 -0.268168 0)
(2.86611 -0.249631 0)
(2.86602 -0.218221 0)
(2.85898 -0.150104 0)
(2.85429 -0.0878152 0)
(2.85611 -0.0622059 0)
(2.83085 -0.0394239 0)
(2.82273 -0.0081586 0)
(2.82311 0.00217578 0)
(2.82321 -0.00659408 0)
(2.83532 -0.019857 0)
(2.8488 -0.0176272 0)
(2.85397 -0.0130251 0)
(2.85853 -0.000158493 0)
(2.85874 0.00375165 0)
(2.86063 0.00128088 0)
(2.86698 0.00442388 0)
(2.87522 0.0140297 0)
(2.87888 0.0208997 0)
(2.88286 0.0138668 0)
(2.88167 0.00482286 0)
(2.88402 0.00314452 0)
(2.89645 0.000354063 0)
(2.9011 -0.00886217 0)
(2.90182 -0.0360893 0)
(2.90081 -0.0856128 0)
(2.89719 -0.158446 0)
(2.8906 -0.248089 0)
(2.88359 -0.344041 0)
(2.87804 -0.436647 0)
(2.87978 -0.506238 0)
(2.87713 -0.558967 0)
(2.86395 -0.584883 0)
(2.85074 -0.593995 0)
(2.84459 -0.598183 0)
(2.85063 -0.59739 0)
(2.86499 -0.599237 0)
(2.88252 -0.608396 0)
(2.904 -0.614806 0)
(2.92824 -0.618186 0)
(2.94702 -0.61873 0)
(2.94981 -0.618597 0)
(2.95149 -0.612367 0)
(2.94979 -0.597145 0)
(2.94467 -0.58254 0)
(2.9436 -0.57127 0)
(2.94543 -0.567607 0)
(2.94863 -0.561225 0)
(2.95596 -0.544211 0)
(2.96735 -0.528421 0)
(2.97847 -0.519472 0)
(2.98692 -0.525099 0)
(2.99645 -0.531535 0)
(3.00298 -0.527393 0)
(3.00448 -0.525489 0)
(3.00588 -0.520364 0)
(3.00897 -0.50702 0)
(3.01223 -0.499156 0)
(3.0203 -0.486841 0)
(3.02461 -0.47769 0)
(3.05506 -0.464754 0)
(1.58364 0.901642 0)
(1.66134 0.887847 0)
(1.74272 0.866634 0)
(1.82591 0.833368 0)
(1.90673 0.794414 0)
(1.97809 0.759482 0)
(2.05231 0.712481 0)
(2.13917 0.638224 0)
(2.20335 0.578272 0)
(2.24377 0.560337 0)
(2.30253 0.509762 0)
(2.37392 0.422058 0)
(2.41526 0.378417 0)
(2.4347 0.371032 0)
(2.48153 0.309574 0)
(2.53732 0.229684 0)
(2.58137 0.1913 0)
(2.61958 0.139553 0)
(2.63155 0.0900803 0)
(2.65069 0.0869262 0)
(2.6721 0.092139 0)
(2.70245 0.0369924 0)
(2.71752 -0.0384767 0)
(2.73073 -0.065574 0)
(2.75519 -0.0627156 0)
(2.77209 -0.0945345 0)
(2.78116 -0.161959 0)
(2.78381 -0.193019 0)
(2.80257 -0.185666 0)
(2.82819 -0.206037 0)
(2.84513 -0.235384 0)
(2.84568 -0.279174 0)
(2.85352 -0.294999 0)
(2.87362 -0.28571 0)
(2.88133 -0.275628 0)
(2.88246 -0.277235 0)
(2.89277 -0.283088 0)
(2.89785 -0.274817 0)
(2.90073 -0.25343 0)
(2.89602 -0.216996 0)
(2.88389 -0.1729 0)
(2.87896 -0.152869 0)
(2.8604 -0.106422 0)
(2.84634 -0.0498963 0)
(2.84195 -0.0404461 0)
(2.84351 -0.0460735 0)
(2.85813 -0.0295182 0)
(2.86126 -0.0174431 0)
(2.86241 0.00202467 0)
(2.86027 0.00717316 0)
(2.8634 0.00911056 0)
(2.86739 0.0097216 0)
(2.87562 0.014397 0)
(2.88193 0.0191152 0)
(2.88157 0.00744261 0)
(2.87404 -0.0156401 0)
(2.86909 -0.0637711 0)
(2.86768 -0.13011 0)
(2.86151 -0.207275 0)
(2.84372 -0.299353 0)
(2.82282 -0.39677 0)
(2.80931 -0.473453 0)
(2.79964 -0.545722 0)
(2.80112 -0.607311 0)
(2.81685 -0.65087 0)
(2.82621 -0.685158 0)
(2.84161 -0.682313 0)
(2.83779 -0.667773 0)
(2.84009 -0.662667 0)
(2.84695 -0.653445 0)
(2.8569 -0.641484 0)
(2.87471 -0.630378 0)
(2.8892 -0.629306 0)
(2.90114 -0.629189 0)
(2.90952 -0.628237 0)
(2.92933 -0.620825 0)
(2.95159 -0.603851 0)
(2.96358 -0.580747 0)
(2.96533 -0.563941 0)
(2.96802 -0.551266 0)
(2.96883 -0.539094 0)
(2.96688 -0.534345 0)
(2.96543 -0.532371 0)
(2.9648 -0.526661 0)
(2.97008 -0.507551 0)
(2.98049 -0.492726 0)
(2.99636 -0.488245 0)
(3.01326 -0.490132 0)
(3.02341 -0.49194 0)
(3.02484 -0.491598 0)
(3.02387 -0.488813 0)
(3.02238 -0.477588 0)
(3.02466 -0.470063 0)
(3.02912 -0.460782 0)
(3.03362 -0.459281 0)
(3.04293 -0.452521 0)
(1.59402 0.928903 0)
(1.66419 0.912466 0)
(1.7361 0.89176 0)
(1.81381 0.859971 0)
(1.89537 0.815783 0)
(1.96443 0.778557 0)
(2.03224 0.735782 0)
(2.11012 0.672396 0)
(2.17258 0.623578 0)
(2.21337 0.604084 0)
(2.2682 0.556249 0)
(2.33815 0.474401 0)
(2.38348 0.434202 0)
(2.41884 0.406896 0)
(2.46927 0.332783 0)
(2.49875 0.282912 0)
(2.52615 0.283041 0)
(2.55763 0.251379 0)
(2.59838 0.174748 0)
(2.62275 0.133668 0)
(2.65175 0.13233 0)
(2.67141 0.106599 0)
(2.67968 0.0491949 0)
(2.68971 0.0261559 0)
(2.71381 0.0302403 0)
(2.73902 -0.000400935 0)
(2.75928 -0.0691325 0)
(2.76229 -0.108083 0)
(2.78291 -0.104485 0)
(2.80621 -0.110689 0)
(2.8335 -0.151286 0)
(2.8335 -0.196338 0)
(2.8411 -0.209214 0)
(2.8603 -0.208124 0)
(2.86748 -0.221934 0)
(2.87476 -0.231813 0)
(2.87908 -0.253827 0)
(2.89678 -0.261403 0)
(2.90688 -0.257058 0)
(2.91078 -0.25549 0)
(2.90951 -0.254121 0)
(2.89844 -0.228403 0)
(2.89277 -0.191725 0)
(2.88837 -0.152786 0)
(2.87981 -0.11258 0)
(2.87865 -0.102706 0)
(2.87247 -0.062932 0)
(2.86668 -0.0150857 0)
(2.87206 0.00238326 0)
(2.86634 -0.00428212 0)
(2.86638 -0.00513327 0)
(2.87101 -0.00868597 0)
(2.87274 -0.0156224 0)
(2.86293 -0.0452803 0)
(2.83075 -0.123269 0)
(2.79342 -0.249137 0)
(2.77942 -0.380444 0)
(2.78296 -0.4746 0)
(2.77922 -0.545613 0)
(2.76772 -0.594332 0)
(2.76821 -0.616079 0)
(2.7543 -0.655263 0)
(2.76253 -0.68313 0)
(2.77521 -0.706692 0)
(2.79637 -0.721003 0)
(2.81787 -0.706006 0)
(2.83685 -0.680696 0)
(2.8454 -0.663451 0)
(2.86166 -0.647932 0)
(2.87413 -0.64296 0)
(2.8811 -0.643445 0)
(2.89173 -0.636611 0)
(2.90712 -0.624021 0)
(2.91806 -0.610629 0)
(2.92648 -0.602021 0)
(2.93896 -0.587858 0)
(2.95955 -0.563177 0)
(2.9779 -0.538636 0)
(2.98594 -0.523315 0)
(2.99376 -0.516549 0)
(2.99923 -0.510724 0)
(2.98954 -0.507148 0)
(2.98418 -0.506442 0)
(2.98094 -0.504379 0)
(2.97973 -0.485417 0)
(2.98733 -0.460469 0)
(3.00429 -0.447148 0)
(3.0315 -0.443948 0)
(3.0501 -0.451295 0)
(3.05112 -0.451285 0)
(3.04846 -0.44957 0)
(3.04467 -0.444805 0)
(3.04342 -0.440381 0)
(3.04386 -0.439711 0)
(3.04307 -0.428466 0)
(3.04406 -0.416125 0)
(1.62362 0.927319 0)
(1.68321 0.91174 0)
(1.74843 0.889094 0)
(1.82407 0.854696 0)
(1.8898 0.826609 0)
(1.94438 0.805484 0)
(2.01435 0.763183 0)
(2.08689 0.701894 0)
(2.13253 0.676109 0)
(2.17154 0.655958 0)
(2.24341 0.592539 0)
(2.30416 0.514629 0)
(2.34047 0.493576 0)
(2.3626 0.484773 0)
(2.41467 0.422355 0)
(2.46743 0.338828 0)
(2.50698 0.312123 0)
(2.54106 0.292175 0)
(2.56402 0.240813 0)
(2.57762 0.217959 0)
(2.5998 0.221308 0)
(2.63774 0.181563 0)
(2.6655 0.105992 0)
(2.67469 0.0628347 0)
(2.70006 0.0621248 0)
(2.71851 0.0571935 0)
(2.74145 0.00154468 0)
(2.74722 -0.0422532 0)
(2.76614 -0.0417597 0)
(2.79125 -0.0501039 0)
(2.82516 -0.0909793 0)
(2.83062 -0.151724 0)
(2.83309 -0.176779 0)
(2.85551 -0.181613 0)
(2.86674 -0.204762 0)
(2.87884 -0.23294 0)
(2.87878 -0.263247 0)
(2.89712 -0.265879 0)
(2.91946 -0.25139 0)
(2.92181 -0.253009 0)
(2.91676 -0.265642 0)
(2.9142 -0.27081 0)
(2.92056 -0.245433 0)
(2.92114 -0.226448 0)
(2.91922 -0.207735 0)
(2.90973 -0.176032 0)
(2.90161 -0.144088 0)
(2.90496 -0.112572 0)
(2.90678 -0.0647164 0)
(2.89727 -0.0591407 0)
(2.87991 -0.0733626 0)
(2.84444 -0.136016 0)
(2.79971 -0.233224 0)
(2.75254 -0.3465 0)
(2.70711 -0.468483 0)
(2.70296 -0.568279 0)
(2.71749 -0.648736 0)
(2.732 -0.682042 0)
(2.7439 -0.685329 0)
(2.7475 -0.682987 0)
(2.74959 -0.687511 0)
(2.75706 -0.699304 0)
(2.77628 -0.708894 0)
(2.79315 -0.710109 0)
(2.81333 -0.700248 0)
(2.83681 -0.675082 0)
(2.84779 -0.652547 0)
(2.86445 -0.63411 0)
(2.88275 -0.627185 0)
(2.90134 -0.628913 0)
(2.91086 -0.632077 0)
(2.91705 -0.624693 0)
(2.92665 -0.604371 0)
(2.93387 -0.576145 0)
(2.94326 -0.55568 0)
(2.95926 -0.54425 0)
(2.97731 -0.525571 0)
(2.99241 -0.50946 0)
(3.00291 -0.506117 0)
(3.0152 -0.502371 0)
(3.01963 -0.494951 0)
(3.00772 -0.485285 0)
(2.99628 -0.481354 0)
(2.99036 -0.47787 0)
(2.98964 -0.460585 0)
(3.00244 -0.436137 0)
(3.0257 -0.418551 0)
(3.05279 -0.411876 0)
(3.07452 -0.420646 0)
(3.07546 -0.425577 0)
(3.07215 -0.42526 0)
(3.06736 -0.421479 0)
(3.05903 -0.41017 0)
(3.05562 -0.4059 0)
(3.05427 -0.397001 0)
(3.0565 -0.384766 0)
(1.65051 0.951322 0)
(1.70045 0.933473 0)
(1.76246 0.904977 0)
(1.8214 0.879718 0)
(1.87527 0.857293 0)
(1.94433 0.815902 0)
(2.01706 0.765271 0)
(2.06335 0.73593 0)
(2.10151 0.720871 0)
(2.15637 0.684362 0)
(2.22676 0.619463 0)
(2.27537 0.560713 0)
(2.30488 0.544261 0)
(2.34358 0.510154 0)
(2.40395 0.432466 0)
(2.4385 0.379857 0)
(2.46299 0.384522 0)
(2.48448 0.375312 0)
(2.52655 0.312975 0)
(2.54949 0.260306 0)
(2.58046 0.255487 0)
(2.60502 0.249454 0)
(2.6353 0.186178 0)
(2.65045 0.129382 0)
(2.67357 0.123406 0)
(2.69794 0.111173 0)
(2.72755 0.0590371 0)
(2.73415 0.0139855 0)
(2.75256 0.0106423 0)
(2.77441 0.0193548 0)
(2.79625 -0.012431 0)
(2.80653 -0.069881 0)
(2.80873 -0.0993696 0)
(2.82864 -0.0978251 0)
(2.84997 -0.117949 0)
(2.86914 -0.157038 0)
(2.86792 -0.18922 0)
(2.88112 -0.19252 0)
(2.8968 -0.171085 0)
(2.90976 -0.187975 0)
(2.91278 -0.227904 0)
(2.90835 -0.246769 0)
(2.92296 -0.237176 0)
(2.92792 -0.230929 0)
(2.92965 -0.22772 0)
(2.93087 -0.231548 0)
(2.93058 -0.222966 0)
(2.92576 -0.210216 0)
(2.91432 -0.209088 0)
(2.87126 -0.288205 0)
(2.80742 -0.418408 0)
(2.74909 -0.542869 0)
(2.69938 -0.646656 0)
(2.70481 -0.641766 0)
(2.71557 -0.661987 0)
(2.72723 -0.690007 0)
(2.74058 -0.691029 0)
(2.75297 -0.676482 0)
(2.75793 -0.670876 0)
(2.76514 -0.665783 0)
(2.77218 -0.670474 0)
(2.78318 -0.68343 0)
(2.80194 -0.685689 0)
(2.81713 -0.681458 0)
(2.83634 -0.667622 0)
(2.85471 -0.646574 0)
(2.88015 -0.620357 0)
(2.89891 -0.605125 0)
(2.91866 -0.599788 0)
(2.92946 -0.60608 0)
(2.9292 -0.602854 0)
(2.94242 -0.594745 0)
(2.95182 -0.582877 0)
(2.96042 -0.55339 0)
(2.97148 -0.522087 0)
(2.98809 -0.504248 0)
(3.00228 -0.493549 0)
(3.00893 -0.493365 0)
(3.01764 -0.495447 0)
(3.02703 -0.493641 0)
(3.03079 -0.486641 0)
(3.03228 -0.470014 0)
(3.02923 -0.456973 0)
(3.02444 -0.455907 0)
(3.01778 -0.441952 0)
(3.02566 -0.415759 0)
(3.04628 -0.391507 0)
(3.06832 -0.380705 0)
(3.08287 -0.386685 0)
(3.08413 -0.395475 0)
(3.0803 -0.395566 0)
(3.07238 -0.388097 0)
(3.07096 -0.380329 0)
(3.0702 -0.37339 0)
(3.07516 -0.359992 0)
(3.07959 -0.349337 0)
(1.67182 0.978719 0)
(1.72749 0.949023 0)
(1.77761 0.924732 0)
(1.82733 0.901315 0)
(1.88025 0.871694 0)
(1.93212 0.843398 0)
(1.97859 0.82072 0)
(2.03341 0.787607 0)
(2.09638 0.740282 0)
(2.14888 0.700187 0)
(2.19696 0.66469 0)
(2.23987 0.624647 0)
(2.27851 0.589825 0)
(2.32534 0.54684 0)
(2.37568 0.485608 0)
(2.40975 0.434554 0)
(2.43631 0.425846 0)
(2.45536 0.422453 0)
(2.4934 0.372059 0)
(2.52736 0.308663 0)
(2.5597 0.293133 0)
(2.59017 0.28066 0)
(2.62113 0.222078 0)
(2.63204 0.178609 0)
(2.65023 0.181779 0)
(2.67293 0.173078 0)
(2.71019 0.123844 0)
(2.72162 0.0680466 0)
(2.73696 0.0534409 0)
(2.7604 0.0620474 0)
(2.7788 0.0382715 0)
(2.78947 -0.0167758 0)
(2.79156 -0.0424576 0)
(2.81003 -0.0394808 0)
(2.83374 -0.0563013 0)
(2.85828 -0.091397 0)
(2.86061 -0.138257 0)
(2.87014 -0.148172 0)
(2.88704 -0.137876 0)
(2.91094 -0.171135 0)
(2.91748 -0.222267 0)
(2.91461 -0.250832 0)
(2.92185 -0.253825 0)
(2.93491 -0.247362 0)
(2.93445 -0.248907 0)
(2.92694 -0.269015 0)
(2.90683 -0.329034 0)
(2.86458 -0.453717 0)
(2.82221 -0.589401 0)
(2.77692 -0.726815 0)
(2.75021 -0.800706 0)
(2.71035 -0.892386 0)
(2.70739 -0.879999 0)
(2.7065 -0.840889 0)
(2.72278 -0.813369 0)
(2.73915 -0.790259 0)
(2.74799 -0.763904 0)
(2.76065 -0.727804 0)
(2.76814 -0.702729 0)
(2.76703 -0.677729 0)
(2.77561 -0.656736 0)
(2.80057 -0.641823 0)
(2.827 -0.624083 0)
(2.8376 -0.611537 0)
(2.85095 -0.607928 0)
(2.8803 -0.594432 0)
(2.89884 -0.581536 0)
(2.91114 -0.584429 0)
(2.92505 -0.586389 0)
(2.94834 -0.575253 0)
(2.96129 -0.57155 0)
(2.96763 -0.56313 0)
(2.96785 -0.551179 0)
(2.97195 -0.521597 0)
(2.98545 -0.497224 0)
(2.99775 -0.488847 0)
(3.01355 -0.483901 0)
(3.02573 -0.483571 0)
(3.03349 -0.485321 0)
(3.04217 -0.484256 0)
(3.04805 -0.476055 0)
(3.049 -0.457225 0)
(3.05528 -0.434348 0)
(3.05612 -0.429811 0)
(3.05011 -0.411828 0)
(3.05143 -0.387351 0)
(3.06143 -0.375025 0)
(3.06956 -0.37416 0)
(3.0759 -0.378287 0)
(3.08208 -0.379607 0)
(3.08238 -0.37 0)
(3.08595 -0.357661 0)
(3.09281 -0.349412 0)
(3.09549 -0.336641 0)
(3.10645 -0.323485 0)
(3.10751 -0.316897 0)
(1.69303 1.00279 0)
(1.74377 0.975688 0)
(1.78977 0.95241 0)
(1.83156 0.932823 0)
(1.87759 0.907056 0)
(1.93427 0.866593 0)
(1.98827 0.825043 0)
(2.02817 0.80828 0)
(2.06879 0.787711 0)
(2.13188 0.740058 0)
(2.19014 0.687219 0)
(2.22487 0.662772 0)
(2.25367 0.634952 0)
(2.30299 0.588447 0)
(2.35578 0.530209 0)
(2.39002 0.486639 0)
(2.40872 0.478085 0)
(2.43148 0.464815 0)
(2.47568 0.41122 0)
(2.50594 0.357153 0)
(2.53222 0.347854 0)
(2.56034 0.336821 0)
(2.59833 0.278901 0)
(2.61384 0.223485 0)
(2.63374 0.216562 0)
(2.65451 0.224004 0)
(2.6856 0.189244 0)
(2.70321 0.132092 0)
(2.71777 0.109757 0)
(2.73803 0.113555 0)
(2.75932 0.0870844 0)
(2.77578 0.034109 0)
(2.77754 0.00123328 0)
(2.79801 0.00286467 0)
(2.81835 0.00473866 0)
(2.84315 -0.0284725 0)
(2.84619 -0.0702818 0)
(2.85405 -0.0795651 0)
(2.86921 -0.067514 0)
(2.89692 -0.100121 0)
(2.90342 -0.15358 0)
(2.89956 -0.173124 0)
(2.90764 -0.196883 0)
(2.90403 -0.230143 0)
(2.88797 -0.308516 0)
(2.83445 -0.458149 0)
(2.78113 -0.640808 0)
(2.71599 -0.804286 0)
(2.68802 -0.896308 0)
(2.67776 -0.946972 0)
(2.67168 -0.974461 0)
(2.68251 -0.980036 0)
(2.69482 -0.972902 0)
(2.71703 -0.93799 0)
(2.74499 -0.896868 0)
(2.76386 -0.85337 0)
(2.76966 -0.79626 0)
(2.78687 -0.758398 0)
(2.79885 -0.719706 0)
(2.80073 -0.678734 0)
(2.81682 -0.646433 0)
(2.8459 -0.632157 0)
(2.86201 -0.588652 0)
(2.86597 -0.563877 0)
(2.86603 -0.556641 0)
(2.88463 -0.559882 0)
(2.90969 -0.554428 0)
(2.9271 -0.550785 0)
(2.94441 -0.54224 0)
(2.96895 -0.543114 0)
(2.97906 -0.540941 0)
(2.98815 -0.537021 0)
(2.9923 -0.533146 0)
(2.99721 -0.514075 0)
(3.00242 -0.483234 0)
(3.01315 -0.47523 0)
(3.02218 -0.47469 0)
(3.03409 -0.474847 0)
(3.04766 -0.475795 0)
(3.06383 -0.46983 0)
(3.06914 -0.458101 0)
(3.07007 -0.443071 0)
(3.0753 -0.41192 0)
(3.07863 -0.399421 0)
(3.0728 -0.393208 0)
(3.07033 -0.376149 0)
(3.07416 -0.360947 0)
(3.07896 -0.353489 0)
(3.08081 -0.353973 0)
(3.08309 -0.35965 0)
(3.09194 -0.353982 0)
(3.1031 -0.334694 0)
(3.11409 -0.316075 0)
(3.12163 -0.29972 0)
(3.12321 -0.296008 0)
(3.11555 -0.301918 0)
(1.73882 1.01755 0)
(1.7545 1.00704 0)
(1.80464 0.97703 0)
(1.85059 0.949412 0)
(1.89384 0.921289 0)
(1.93743 0.895594 0)
(1.97599 0.878297 0)
(2.01662 0.853037 0)
(2.07764 0.801165 0)
(2.13378 0.744713 0)
(2.17161 0.724468 0)
(2.197 0.718822 0)
(2.24233 0.673241 0)
(2.29985 0.60247 0)
(2.33644 0.566819 0)
(2.35154 0.563225 0)
(2.37897 0.539308 0)
(2.42287 0.494129 0)
(2.46794 0.439091 0)
(2.49777 0.386062 0)
(2.52008 0.36746 0)
(2.53942 0.373728 0)
(2.56332 0.345165 0)
(2.58986 0.286117 0)
(2.61087 0.270261 0)
(2.63768 0.266196 0)
(2.67681 0.223158 0)
(2.68851 0.171323 0)
(2.69834 0.159006 0)
(2.71553 0.16752 0)
(2.73165 0.147319 0)
(2.75566 0.0996665 0)
(2.7613 0.0559332 0)
(2.78141 0.0529614 0)
(2.80436 0.0548358 0)
(2.833 0.0199896 0)
(2.83783 -0.0236445 0)
(2.84536 -0.0338405 0)
(2.85375 -0.0154018 0)
(2.88398 -0.0485514 0)
(2.87421 -0.1111 0)
(2.86355 -0.17646 0)
(2.8358 -0.300596 0)
(2.7881 -0.464071 0)
(2.74929 -0.629906 0)
(2.67297 -0.806401 0)
(2.67727 -0.864889 0)
(2.6236 -0.934686 0)
(2.61654 -0.969857 0)
(2.63834 -0.972072 0)
(2.67156 -0.957064 0)
(2.70516 -0.94201 0)
(2.73142 -0.943537 0)
(2.7599 -0.932736 0)
(2.78698 -0.89986 0)
(2.79358 -0.873371 0)
(2.80856 -0.830375 0)
(2.82395 -0.794653 0)
(2.84456 -0.779632 0)
(2.85769 -0.742533 0)
(2.86313 -0.691364 0)
(2.87971 -0.659803 0)
(2.8855 -0.608361 0)
(2.88537 -0.569362 0)
(2.89549 -0.55301 0)
(2.90199 -0.555094 0)
(2.92029 -0.547181 0)
(2.9387 -0.532621 0)
(2.97073 -0.516515 0)
(2.99067 -0.506173 0)
(3.00134 -0.503299 0)
(3.00829 -0.503362 0)
(3.009 -0.503902 0)
(3.00667 -0.496402 0)
(3.01249 -0.472911 0)
(3.03159 -0.459014 0)
(3.04624 -0.457908 0)
(3.05522 -0.459046 0)
(3.06972 -0.460389 0)
(3.08953 -0.454704 0)
(3.09734 -0.447251 0)
(3.09891 -0.438059 0)
(3.0996 -0.412891 0)
(3.09885 -0.386454 0)
(3.09829 -0.378477 0)
(3.09263 -0.371406 0)
(3.08781 -0.354062 0)
(3.09562 -0.337925 0)
(3.10352 -0.330734 0)
(3.1055 -0.324459 0)
(3.10877 -0.318971 0)
(3.11945 -0.307568 0)
(3.1259 -0.294323 0)
(3.13233 -0.288255 0)
(3.13255 -0.289068 0)
(3.12234 -0.291762 0)
(1.91023 0.967177 0)
(1.79268 1.02596 0)
(1.81237 1.01252 0)
(1.86108 0.980585 0)
(1.90608 0.94998 0)
(1.95251 0.915983 0)
(1.99446 0.886228 0)
(2.02805 0.869694 0)
(2.06465 0.848065 0)
(2.11793 0.798935 0)
(2.16888 0.75273 0)
(2.19992 0.729596 0)
(2.23562 0.695481 0)
(2.27774 0.649021 0)
(2.31009 0.625581 0)
(2.33896 0.606842 0)
(2.37912 0.563286 0)
(2.41205 0.523907 0)
(2.44509 0.495335 0)
(2.47687 0.452266 0)
(2.49994 0.421065 0)
(2.52357 0.407712 0)
(2.55675 0.372265 0)
(2.57803 0.323561 0)
(2.5942 0.310139 0)
(2.61661 0.31829 0)
(2.645 0.29221 0)
(2.67126 0.229184 0)
(2.68332 0.193826 0)
(2.70349 0.194384 0)
(2.71725 0.182989 0)
(2.7429 0.142764 0)
(2.7509 0.103849 0)
(2.76972 0.101178 0)
(2.79069 0.104331 0)
(2.82227 0.0698029 0)
(2.82985 0.0220587 0)
(2.83136 0.0133744 0)
(2.84649 -0.0100345 0)
(2.83306 -0.0726142 0)
(2.80732 -0.199611 0)
(2.72664 -0.415759 0)
(2.69297 -0.574751 0)
(2.60725 -0.77309 0)
(2.61304 -0.831923 0)
(2.60858 -0.870747 0)
(2.60898 -0.891177 0)
(2.61396 -0.91217 0)
(2.63013 -0.916734 0)
(2.66657 -0.900041 0)
(2.70713 -0.873955 0)
(2.74626 -0.853714 0)
(2.77457 -0.855992 0)
(2.7996 -0.854532 0)
(2.81696 -0.841589 0)
(2.81661 -0.825813 0)
(2.82301 -0.799098 0)
(2.84848 -0.786626 0)
(2.87265 -0.777687 0)
(2.90247 -0.765631 0)
(2.9174 -0.745724 0)
(2.9201 -0.720019 0)
(2.92894 -0.693748 0)
(2.92745 -0.650348 0)
(2.93166 -0.616388 0)
(2.93745 -0.596353 0)
(2.9419 -0.567683 0)
(2.96491 -0.531265 0)
(2.99829 -0.498262 0)
(3.00977 -0.489738 0)
(3.02035 -0.486083 0)
(3.02584 -0.481494 0)
(3.02266 -0.474379 0)
(3.00646 -0.467933 0)
(3.02108 -0.456607 0)
(3.04487 -0.455819 0)
(3.06384 -0.448215 0)
(3.07789 -0.442994 0)
(3.09702 -0.437528 0)
(3.11396 -0.426567 0)
(3.11942 -0.4219 0)
(3.12006 -0.416564 0)
(3.11782 -0.399495 0)
(3.11701 -0.380062 0)
(3.11794 -0.36648 0)
(3.11807 -0.359142 0)
(3.11567 -0.347713 0)
(3.11551 -0.333267 0)
(3.12108 -0.318635 0)
(3.12898 -0.304448 0)
(3.13282 -0.289929 0)
(3.13344 -0.287711 0)
(3.13565 -0.284295 0)
(3.14137 -0.27599 0)
(3.14443 -0.274352 0)
(3.1375 -0.272946 0)
(2.41246 0.669287 0)
(1.92571 0.982231 0)
(1.84557 1.03115 0)
(1.86476 1.01677 0)
(1.91843 0.978036 0)
(1.96459 0.944643 0)
(1.994 0.929592 0)
(2.03747 0.897336 0)
(2.08917 0.842983 0)
(2.12515 0.811567 0)
(2.14355 0.808092 0)
(2.17633 0.785661 0)
(2.23511 0.725377 0)
(2.28038 0.661381 0)
(2.3085 0.643143 0)
(2.32388 0.651475 0)
(2.3505 0.62665 0)
(2.4064 0.560282 0)
(2.44769 0.508476 0)
(2.47326 0.485493 0)
(2.48973 0.462459 0)
(2.51033 0.453911 0)
(2.5327 0.441743 0)
(2.56779 0.383699 0)
(2.58633 0.341849 0)
(2.60626 0.3407 0)
(2.63651 0.319388 0)
(2.65794 0.268934 0)
(2.66645 0.250006 0)
(2.67934 0.257208 0)
(2.70049 0.234293 0)
(2.73318 0.185134 0)
(2.74193 0.1464 0)
(2.75975 0.143725 0)
(2.77498 0.153392 0)
(2.80829 0.120129 0)
(2.80428 0.0724318 0)
(2.79318 0.00426592 0)
(2.76691 -0.118545 0)
(2.688 -0.345478 0)
(2.63234 -0.530712 0)
(2.58549 -0.667734 0)
(2.53604 -0.80567 0)
(2.55328 -0.807941 0)
(2.56688 -0.837992 0)
(2.58625 -0.839209 0)
(2.62142 -0.836596 0)
(2.65206 -0.829122 0)
(2.68012 -0.817355 0)
(2.711 -0.803175 0)
(2.74339 -0.782498 0)
(2.77222 -0.765709 0)
(2.79687 -0.769041 0)
(2.818 -0.779504 0)
(2.84328 -0.774812 0)
(2.86252 -0.759219 0)
(2.87127 -0.742958 0)
(2.88705 -0.728516 0)
(2.91197 -0.722665 0)
(2.92991 -0.723724 0)
(2.94065 -0.721448 0)
(2.94575 -0.719116 0)
(2.96153 -0.706262 0)
(2.9771 -0.683031 0)
(2.98378 -0.653946 0)
(2.99436 -0.632824 0)
(2.99805 -0.614263 0)
(3.00559 -0.582014 0)
(3.03922 -0.534309 0)
(3.06215 -0.506393 0)
(3.06586 -0.500867 0)
(3.06377 -0.487656 0)
(3.05282 -0.457076 0)
(3.04934 -0.443513 0)
(3.05331 -0.445533 0)
(3.0598 -0.445106 0)
(3.07067 -0.436372 0)
(3.08884 -0.421378 0)
(3.11232 -0.408234 0)
(3.12684 -0.400639 0)
(3.13099 -0.399375 0)
(3.13514 -0.395384 0)
(3.13494 -0.382429 0)
(3.13625 -0.369077 0)
(3.14173 -0.355761 0)
(3.14328 -0.341596 0)
(3.14531 -0.332891 0)
(3.14506 -0.320108 0)
(3.14676 -0.304809 0)
(3.15488 -0.285413 0)
(3.15557 -0.269295 0)
(3.15404 -0.26641 0)
(3.15364 -0.26032 0)
(3.15999 -0.2492 0)
(3.16556 -0.247768 0)
(3.15888 -0.245442 0)
(2.9359 0.131867 0)
(2.34975 0.724474 0)
(1.95678 0.990279 0)
(1.8974 1.03393 0)
(1.91857 1.01796 0)
(1.96274 0.985101 0)
(2.0131 0.945756 0)
(2.05662 0.907272 0)
(2.08518 0.884563 0)
(2.11073 0.866192 0)
(2.14969 0.830038 0)
(2.19112 0.788267 0)
(2.2275 0.755463 0)
(2.2613 0.721625 0)
(2.2895 0.703007 0)
(2.31666 0.679122 0)
(2.3591 0.623196 0)
(2.39422 0.577982 0)
(2.42157 0.572109 0)
(2.44262 0.560532 0)
(2.48388 0.509741 0)
(2.50853 0.467724 0)
(2.53116 0.460221 0)
(2.55516 0.436149 0)
(2.57194 0.402374 0)
(2.58895 0.393395 0)
(2.62176 0.365121 0)
(2.65064 0.309822 0)
(2.66013 0.27949 0)
(2.67609 0.280639 0)
(2.69002 0.276815 0)
(2.7216 0.232193 0)
(2.73436 0.198953 0)
(2.74329 0.194989 0)
(2.76678 0.163245 0)
(2.75934 0.0872482 0)
(2.71524 -0.0703871 0)
(2.68133 -0.254716 0)
(2.56094 -0.512189 0)
(2.53723 -0.609962 0)
(2.51008 -0.680784 0)
(2.49383 -0.764872 0)
(2.52329 -0.786445 0)
(2.54855 -0.778849 0)
(2.58446 -0.758272 0)
(2.6248 -0.750754 0)
(2.66163 -0.750551 0)
(2.6919 -0.736175 0)
(2.71873 -0.720608 0)
(2.74523 -0.711806 0)
(2.76882 -0.701648 0)
(2.78809 -0.69107 0)
(2.81021 -0.697824 0)
(2.8331 -0.716089 0)
(2.85899 -0.722479 0)
(2.8845 -0.712912 0)
(2.90162 -0.702382 0)
(2.91669 -0.701466 0)
(2.93755 -0.699763 0)
(2.96 -0.693879 0)
(2.97755 -0.689987 0)
(2.99091 -0.687897 0)
(2.99831 -0.679351 0)
(3.01204 -0.6622 0)
(3.02146 -0.641014 0)
(3.0284 -0.628451 0)
(3.0397 -0.615442 0)
(3.05685 -0.600691 0)
(3.0781 -0.577273 0)
(3.09509 -0.543203 0)
(3.09929 -0.529866 0)
(3.09535 -0.518514 0)
(3.09029 -0.486525 0)
(3.09086 -0.459197 0)
(3.09276 -0.452304 0)
(3.09699 -0.445447 0)
(3.1052 -0.426754 0)
(3.12517 -0.402299 0)
(3.149 -0.375152 0)
(3.15716 -0.365825 0)
(3.16142 -0.363334 0)
(3.15892 -0.357077 0)
(3.15524 -0.353354 0)
(3.15682 -0.349981 0)
(3.16259 -0.341522 0)
(3.16565 -0.328037 0)
(3.16656 -0.314448 0)
(3.17013 -0.304006 0)
(3.17868 -0.286555 0)
(3.18669 -0.264908 0)
(3.18184 -0.250165 0)
(3.18022 -0.241923 0)
(3.17606 -0.234062 0)
(3.17269 -0.223472 0)
(3.17465 -0.217664 0)
(3.17048 -0.212225 0)
(2.99864 0.00666104 0)
(2.90353 0.173415 0)
(2.32749 0.752905 0)
(2.00187 0.9888 0)
(1.94998 1.02985 0)
(1.96406 1.01744 0)
(2.0082 0.982927 0)
(2.05496 0.943048 0)
(2.09502 0.902578 0)
(2.12321 0.880081 0)
(2.14912 0.870062 0)
(2.18639 0.838887 0)
(2.23645 0.779812 0)
(2.26897 0.735501 0)
(2.28692 0.734582 0)
(2.29917 0.727548 0)
(2.34258 0.678641 0)
(2.39195 0.608204 0)
(2.42748 0.57191 0)
(2.44656 0.579688 0)
(2.45623 0.568586 0)
(2.48657 0.528028 0)
(2.51787 0.501606 0)
(2.55569 0.46097 0)
(2.57328 0.4175 0)
(2.58589 0.41092 0)
(2.59812 0.414354 0)
(2.62789 0.374509 0)
(2.64667 0.335805 0)
(2.66175 0.336465 0)
(2.68872 0.310703 0)
(2.715 0.25871 0)
(2.71938 0.214785 0)
(2.70972 0.160336 0)
(2.66252 0.0136679 0)
(2.62534 -0.194316 0)
(2.50614 -0.492965 0)
(2.50758 -0.573079 0)
(2.48832 -0.619212 0)
(2.46812 -0.679192 0)
(2.46595 -0.717497 0)
(2.50948 -0.716668 0)
(2.55157 -0.693025 0)
(2.59118 -0.673214 0)
(2.63433 -0.665095 0)
(2.66917 -0.665059 0)
(2.69251 -0.658874 0)
(2.71967 -0.646201 0)
(2.74823 -0.64417 0)
(2.776 -0.645272 0)
(2.79613 -0.640315 0)
(2.80865 -0.634201 0)
(2.82527 -0.641123 0)
(2.84543 -0.652576 0)
(2.87453 -0.653707 0)
(2.89968 -0.648721 0)
(2.92069 -0.643427 0)
(2.93908 -0.644713 0)
(2.95674 -0.641118 0)
(2.97367 -0.628014 0)
(2.9883 -0.630006 0)
(3.00455 -0.644099 0)
(3.01642 -0.652171 0)
(3.03325 -0.647037 0)
(3.06222 -0.634753 0)
(3.07733 -0.608582 0)
(3.08433 -0.586957 0)
(3.09344 -0.580088 0)
(3.10224 -0.57389 0)
(3.11358 -0.564346 0)
(3.11682 -0.554312 0)
(3.11475 -0.5386 0)
(3.11557 -0.506402 0)
(3.11903 -0.477993 0)
(3.12296 -0.465376 0)
(3.12795 -0.460975 0)
(3.13407 -0.448364 0)
(3.14901 -0.415831 0)
(3.16831 -0.386743 0)
(3.1731 -0.380567 0)
(3.17557 -0.367582 0)
(3.17042 -0.349371 0)
(3.16836 -0.342352 0)
(3.17012 -0.34037 0)
(3.17192 -0.336789 0)
(3.176 -0.323294 0)
(3.17903 -0.304811 0)
(3.18632 -0.286533 0)
(3.19621 -0.265393 0)
(3.20469 -0.246076 0)
(3.1976 -0.234018 0)
(3.19467 -0.23069 0)
(3.19003 -0.223104 0)
(3.18416 -0.20593 0)
(3.18621 -0.18953 0)
(3.18262 -0.180845 0)
(2.99999 3.6895e-05 0)
(2.99743 0.0100359 0)
(2.87554 0.203729 0)
(2.35513 0.748204 0)
(2.03455 0.987968 0)
(1.99022 1.03191 0)
(2.00205 1.01737 0)
(2.04742 0.97581 0)
(2.08766 0.942428 0)
(2.1297 0.911277 0)
(2.17112 0.877486 0)
(2.20173 0.852302 0)
(2.22926 0.821757 0)
(2.25425 0.7932 0)
(2.27339 0.780064 0)
(2.30474 0.741484 0)
(2.35458 0.677051 0)
(2.3854 0.635032 0)
(2.40209 0.641685 0)
(2.41019 0.646153 0)
(2.45072 0.596906 0)
(2.48019 0.537962 0)
(2.50453 0.532282 0)
(2.52732 0.529219 0)
(2.558 0.480708 0)
(2.57431 0.452082 0)
(2.59267 0.437018 0)
(2.62371 0.391224 0)
(2.63892 0.369415 0)
(2.65225 0.381 0)
(2.67843 0.344779 0)
(2.67016 0.257682 0)
(2.62078 0.0987088 0)
(2.55935 -0.105897 0)
(2.43461 -0.408517 0)
(2.45059 -0.520671 0)
(2.44967 -0.587436 0)
(2.43745 -0.642121 0)
(2.44003 -0.662684 0)
(2.47892 -0.654326 0)
(2.51796 -0.634402 0)
(2.56054 -0.611355 0)
(2.60319 -0.596086 0)
(2.63825 -0.591503 0)
(2.65569 -0.588586 0)
(2.67493 -0.581549 0)
(2.71866 -0.584672 0)
(2.74953 -0.586884 0)
(2.77786 -0.589285 0)
(2.80412 -0.586973 0)
(2.81859 -0.578985 0)
(2.82429 -0.576669 0)
(2.84071 -0.585562 0)
(2.86415 -0.592745 0)
(2.893 -0.591136 0)
(2.91976 -0.582989 0)
(2.94005 -0.578264 0)
(2.95654 -0.584369 0)
(2.97082 -0.590864 0)
(2.98817 -0.587006 0)
(3.00429 -0.57852 0)
(3.00904 -0.569361 0)
(3.01222 -0.565134 0)
(3.03513 -0.566896 0)
(3.05877 -0.56278 0)
(3.08687 -0.551451 0)
(3.11042 -0.543764 0)
(3.11859 -0.545423 0)
(3.1176 -0.544968 0)
(3.11629 -0.538847 0)
(3.11536 -0.532436 0)
(3.11248 -0.52135 0)
(3.12091 -0.496302 0)
(3.1319 -0.478098 0)
(3.14083 -0.465536 0)
(3.14768 -0.460633 0)
(3.15653 -0.452729 0)
(3.16626 -0.424809 0)
(3.17554 -0.396475 0)
(3.1772 -0.387614 0)
(3.17592 -0.367363 0)
(3.17683 -0.343455 0)
(3.17855 -0.33181 0)
(3.17978 -0.329772 0)
(3.18086 -0.323674 0)
(3.18472 -0.313869 0)
(3.19257 -0.296658 0)
(3.2005 -0.263033 0)
(3.21107 -0.240523 0)
(3.21829 -0.228455 0)
(3.21115 -0.215693 0)
(3.20717 -0.20889 0)
(3.20374 -0.210137 0)
(3.19688 -0.198006 0)
(3.19623 -0.175039 0)
(3.1935 -0.158473 0)
(3 4.23675e-08 0)
(2.99998 7.04606e-05 0)
(2.99597 0.0126349 0)
(2.87008 0.214319 0)
(2.39391 0.729733 0)
(2.05488 0.999075 0)
(2.0309 1.02282 0)
(2.04051 1.00904 0)
(2.08346 0.972736 0)
(2.14184 0.925547 0)
(2.17336 0.911211 0)
(2.19767 0.892071 0)
(2.2313 0.850287 0)
(2.25525 0.82385 0)
(2.2721 0.810367 0)
(2.30884 0.771266 0)
(2.35237 0.71326 0)
(2.38104 0.67368 0)
(2.39991 0.672286 0)
(2.40563 0.675079 0)
(2.43054 0.641623 0)
(2.47048 0.583353 0)
(2.50305 0.552994 0)
(2.53699 0.534258 0)
(2.55563 0.505081 0)
(2.56262 0.498066 0)
(2.57017 0.498886 0)
(2.61244 0.450675 0)
(2.62013 0.394779 0)
(2.61855 0.321341 0)
(2.56835 0.144436 0)
(2.53049 -0.0514144 0)
(2.39849 -0.298797 0)
(2.36786 -0.434047 0)
(2.39598 -0.483951 0)
(2.4143 -0.562329 0)
(2.42752 -0.58553 0)
(2.46096 -0.58513 0)
(2.49367 -0.57273 0)
(2.53749 -0.551624 0)
(2.58132 -0.534874 0)
(2.62113 -0.526085 0)
(2.65072 -0.519513 0)
(2.66174 -0.516197 0)
(2.67503 -0.521704 0)
(2.71475 -0.532078 0)
(2.74633 -0.529888 0)
(2.77287 -0.524793 0)
(2.79997 -0.530433 0)
(2.82567 -0.540998 0)
(2.8435 -0.542927 0)
(2.85169 -0.533094 0)
(2.86291 -0.52987 0)
(2.88118 -0.534232 0)
(2.9063 -0.533306 0)
(2.93432 -0.523861 0)
(2.95344 -0.515191 0)
(2.96907 -0.514737 0)
(2.98323 -0.521377 0)
(2.99458 -0.52596 0)
(3.00641 -0.528372 0)
(3.02026 -0.528499 0)
(3.03557 -0.522276 0)
(3.05028 -0.517177 0)
(3.06637 -0.516234 0)
(3.08999 -0.511988 0)
(3.11596 -0.504056 0)
(3.12938 -0.497573 0)
(3.12517 -0.492839 0)
(3.11651 -0.490689 0)
(3.11298 -0.490998 0)
(3.11185 -0.484603 0)
(3.12287 -0.465602 0)
(3.14107 -0.45345 0)
(3.15063 -0.441806 0)
(3.16025 -0.430466 0)
(3.17217 -0.420562 0)
(3.18011 -0.41119 0)
(3.18314 -0.40782 0)
(3.18541 -0.397179 0)
(3.18217 -0.374167 0)
(3.18385 -0.354245 0)
(3.18724 -0.343009 0)
(3.18982 -0.333982 0)
(3.19401 -0.32789 0)
(3.19916 -0.313165 0)
(3.20733 -0.287983 0)
(3.21924 -0.261974 0)
(3.22458 -0.250865 0)
(3.22473 -0.233096 0)
(3.22279 -0.222135 0)
(3.21905 -0.211264 0)
(3.21639 -0.209727 0)
(3.2115 -0.195454 0)
(3.21177 -0.167513 0)
(3.21049 -0.138463 0)
(3 6.29819e-12 0)
(3 9.80939e-08 0)
(2.99997 9.83326e-05 0)
(2.99521 0.0139593 0)
(2.8861 0.202844 0)
(2.40921 0.717402 0)
(2.11497 0.97812 0)
(2.0753 1.00477 0)
(2.08432 0.996557 0)
(2.12969 0.96445 0)
(2.16512 0.945553 0)
(2.19736 0.918229 0)
(2.22852 0.879552 0)
(2.2481 0.861845 0)
(2.27187 0.83832 0)
(2.31754 0.789287 0)
(2.3551 0.732585 0)
(2.37422 0.715901 0)
(2.37581 0.733696 0)
(2.38848 0.717615 0)
(2.43899 0.652485 0)
(2.47432 0.589982 0)
(2.50159 0.587078 0)
(2.51585 0.598724 0)
(2.54363 0.564102 0)
(2.55796 0.524639 0)
(2.57119 0.490589 0)
(2.56644 0.409967 0)
(2.52746 0.236254 0)
(2.46066 -0.0115201 0)
(2.35867 -0.255092 0)
(2.33784 -0.386968 0)
(2.32365 -0.454317 0)
(2.34713 -0.514914 0)
(2.37862 -0.522312 0)
(2.42845 -0.52072 0)
(2.47226 -0.514695 0)
(2.50824 -0.501469 0)
(2.54624 -0.488368 0)
(2.5892 -0.473965 0)
(2.62761 -0.464037 0)
(2.65753 -0.457925 0)
(2.67339 -0.454841 0)
(2.68187 -0.465758 0)
(2.70087 -0.470859 0)
(2.73269 -0.465034 0)
(2.76196 -0.459285 0)
(2.78918 -0.46062 0)
(2.81565 -0.469993 0)
(2.83749 -0.480348 0)
(2.85461 -0.478297 0)
(2.86812 -0.467676 0)
(2.88109 -0.463116 0)
(2.89512 -0.465376 0)
(2.90863 -0.462008 0)
(2.92796 -0.449425 0)
(2.95035 -0.448005 0)
(2.97214 -0.454974 0)
(2.99228 -0.46078 0)
(3.00464 -0.45842 0)
(2.99897 -0.44869 0)
(3.00976 -0.444974 0)
(3.0347 -0.448545 0)
(3.05635 -0.452434 0)
(3.07805 -0.456012 0)
(3.09615 -0.455411 0)
(3.11107 -0.449214 0)
(3.12482 -0.445251 0)
(3.13157 -0.443484 0)
(3.13455 -0.443867 0)
(3.13516 -0.445195 0)
(3.12943 -0.443584 0)
(3.1309 -0.432933 0)
(3.1503 -0.421941 0)
(3.16577 -0.41232 0)
(3.17827 -0.395525 0)
(3.18275 -0.382305 0)
(3.18965 -0.375191 0)
(3.19547 -0.371605 0)
(3.19572 -0.368106 0)
(3.18932 -0.357989 0)
(3.18781 -0.340232 0)
(3.19251 -0.330348 0)
(3.19644 -0.321759 0)
(3.20378 -0.312744 0)
(3.21371 -0.299281 0)
(3.22141 -0.285797 0)
(3.22665 -0.28045 0)
(3.2304 -0.276034 0)
(3.23472 -0.259247 0)
(3.23135 -0.240309 0)
(3.22897 -0.233071 0)
(3.22639 -0.225155 0)
(3.2244 -0.212792 0)
(3.22833 -0.188081 0)
(3.22846 -0.14922 0)
(3 2.83783e-16 0)
(3 1.7477e-11 0)
(3 1.53256e-07 0)
(2.99997 0.000109606 0)
(2.99576 0.0134909 0)
(2.9005 0.176206 0)
(2.4484 0.689367 0)
(2.19975 0.930577 0)
(2.11315 0.990348 0)
(2.11884 0.992385 0)
(2.14239 0.983844 0)
(2.18068 0.952586 0)
(2.22109 0.905155 0)
(2.24286 0.886698 0)
(2.27528 0.858323 0)
(2.32017 0.810185 0)
(2.34872 0.767789 0)
(2.36037 0.769522 0)
(2.36079 0.774999 0)
(2.39498 0.736648 0)
(2.44509 0.674697 0)
(2.47923 0.622878 0)
(2.50627 0.615582 0)
(2.51243 0.629268 0)
(2.52576 0.591903 0)
(2.50671 0.521249 0)
(2.46442 0.319573 0)
(2.39052 0.0305707 0)
(2.3324 -0.210922 0)
(2.34137 -0.28771 0)
(2.31799 -0.382679 0)
(2.31254 -0.442367 0)
(2.35341 -0.444644 0)
(2.39867 -0.422454 0)
(2.43383 -0.41312 0)
(2.47993 -0.413363 0)
(2.5249 -0.411945 0)
(2.55724 -0.404772 0)
(2.58681 -0.400542 0)
(2.62139 -0.404668 0)
(2.65689 -0.411721 0)
(2.68317 -0.413455 0)
(2.69492 -0.409931 0)
(2.70558 -0.409217 0)
(2.72545 -0.41311 0)
(2.75221 -0.413698 0)
(2.7793 -0.410258 0)
(2.80312 -0.41071 0)
(2.8261 -0.416477 0)
(2.84792 -0.419888 0)
(2.86777 -0.411915 0)
(2.88322 -0.403629 0)
(2.89749 -0.407507 0)
(2.91111 -0.418462 0)
(2.92563 -0.419433 0)
(2.94201 -0.40356 0)
(2.95419 -0.387707 0)
(2.97043 -0.38973 0)
(2.99152 -0.403012 0)
(3.01031 -0.412327 0)
(3.02184 -0.41002 0)
(3.02821 -0.389668 0)
(3.02992 -0.372577 0)
(3.04181 -0.374654 0)
(3.06286 -0.382824 0)
(3.08607 -0.387178 0)
(3.10394 -0.384662 0)
(3.10768 -0.376506 0)
(3.10431 -0.376256 0)
(3.11314 -0.381758 0)
(3.12883 -0.388896 0)
(3.139 -0.395326 0)
(3.14425 -0.395942 0)
(3.13969 -0.385502 0)
(3.14495 -0.367852 0)
(3.15926 -0.356178 0)
(3.16822 -0.345739 0)
(3.17866 -0.340578 0)
(3.19163 -0.335938 0)
(3.19855 -0.330491 0)
(3.19252 -0.324153 0)
(3.17971 -0.313059 0)
(3.18459 -0.304636 0)
(3.19135 -0.299212 0)
(3.20193 -0.29199 0)
(3.21576 -0.283124 0)
(3.22113 -0.279475 0)
(3.22572 -0.278191 0)
(3.2331 -0.273829 0)
(3.23871 -0.265583 0)
(3.23834 -0.252484 0)
(3.23412 -0.240664 0)
(3.23194 -0.235647 0)
(3.23188 -0.224245 0)
(3.23911 -0.204536 0)
(3.24023 -0.168419 0)
(3 -7.04094e-16 0)
(3 5.87211e-16 0)
(3 3.04639e-11 0)
(3 1.74446e-07 0)
(2.99997 0.000102931 0)
(2.99676 0.010692 0)
(2.91477 0.145005 0)
(2.52665 0.631406 0)
(2.27174 0.888373 0)
(2.13577 0.991525 0)
(2.13672 1.00309 0)
(2.15955 0.985545 0)
(2.20192 0.938077 0)
(2.23233 0.91099 0)
(2.28001 0.874782 0)
(2.32208 0.827436 0)
(2.34205 0.807779 0)
(2.34732 0.819206 0)
(2.35515 0.807759 0)
(2.40709 0.757566 0)
(2.45638 0.682938 0)
(2.47717 0.655378 0)
(2.48865 0.660799 0)
(2.46803 0.606595 0)
(2.41182 0.421257 0)
(2.30554 0.118906 0)
(2.29298 -0.114438 0)
(2.2364 -0.323653 0)
(2.25206 -0.395448 0)
(2.27296 -0.400079 0)
(2.32581 -0.409225 0)
(2.375 -0.411041 0)
(2.41916 -0.390451 0)
(2.45715 -0.354116 0)
(2.48184 -0.337373 0)
(2.5007 -0.33052 0)
(2.52982 -0.317422 0)
(2.56933 -0.323117 0)
(2.6117 -0.341363 0)
(2.64633 -0.360699 0)
(2.67495 -0.367113 0)
(2.69657 -0.353897 0)
(2.71078 -0.342678 0)
(2.72626 -0.351246 0)
(2.74373 -0.362822 0)
(2.76357 -0.360112 0)
(2.78463 -0.349297 0)
(2.80587 -0.349244 0)
(2.82897 -0.356758 0)
(2.85354 -0.358348 0)
(2.87632 -0.345193 0)
(2.88848 -0.329921 0)
(2.89371 -0.332923 0)
(2.89829 -0.345192 0)
(2.91148 -0.344113 0)
(2.9349 -0.334627 0)
(2.95427 -0.330263 0)
(2.97297 -0.332995 0)
(2.98716 -0.342148 0)
(2.99316 -0.344743 0)
(3.00146 -0.330681 0)
(3.01813 -0.320836 0)
(3.03446 -0.318582 0)
(3.05118 -0.321861 0)
(3.06626 -0.32405 0)
(3.07833 -0.318557 0)
(3.0882 -0.314669 0)
(3.0938 -0.315185 0)
(3.09276 -0.317457 0)
(3.09119 -0.316406 0)
(3.09796 -0.316437 0)
(3.11206 -0.32097 0)
(3.12635 -0.325413 0)
(3.13536 -0.324088 0)
(3.14041 -0.310839 0)
(3.14323 -0.296859 0)
(3.14977 -0.29315 0)
(3.16092 -0.292842 0)
(3.17377 -0.290617 0)
(3.18277 -0.286461 0)
(3.18163 -0.280811 0)
(3.17224 -0.267676 0)
(3.18003 -0.260739 0)
(3.18915 -0.260227 0)
(3.19898 -0.257858 0)
(3.2152 -0.250438 0)
(3.22232 -0.245393 0)
(3.22882 -0.244479 0)
(3.23825 -0.240746 0)
(3.24403 -0.232895 0)
(3.24292 -0.222248 0)
(3.23772 -0.214584 0)
(3.23499 -0.213319 0)
(3.23672 -0.212533 0)
(3.24389 -0.209276 0)
(3.24066 -0.186181 0)
(3 -9.72442e-16 0)
(3 -1.01499e-15 0)
(3 2.08747e-15 0)
(3 3.67187e-11 0)
(3 1.47879e-07 0)
(2.99998 7.81777e-05 0)
(2.99762 0.00708399 0)
(2.92847 0.122042 0)
(2.62832 0.547195 0)
(2.3063 0.876283 0)
(2.16405 1.00236 0)
(2.1699 0.992537 0)
(2.18668 0.965088 0)
(2.22446 0.933994 0)
(2.28061 0.896999 0)
(2.31998 0.852487 0)
(2.33703 0.849251 0)
(2.33812 0.85867 0)
(2.36265 0.831026 0)
(2.41876 0.76283 0)
(2.44058 0.709152 0)
(2.43348 0.644913 0)
(2.38519 0.481302 0)
(2.27705 0.196692 0)
(2.2579 -0.0167713 0)
(2.20988 -0.198079 0)
(2.22905 -0.267031 0)
(2.24892 -0.27946 0)
(2.28406 -0.288312 0)
(2.32374 -0.292579 0)
(2.37529 -0.289296 0)
(2.42872 -0.293561 0)
(2.46899 -0.285857 0)
(2.49042 -0.267393 0)
(2.50009 -0.267694 0)
(2.50989 -0.279567 0)
(2.5505 -0.28129 0)
(2.58979 -0.278774 0)
(2.62401 -0.278739 0)
(2.65105 -0.282462 0)
(2.67463 -0.283043 0)
(2.69899 -0.279407 0)
(2.72116 -0.279494 0)
(2.73557 -0.289763 0)
(2.74143 -0.300748 0)
(2.75676 -0.294844 0)
(2.78035 -0.283123 0)
(2.80423 -0.28178 0)
(2.82949 -0.290552 0)
(2.85309 -0.29726 0)
(2.87455 -0.292505 0)
(2.89052 -0.282776 0)
(2.89596 -0.278004 0)
(2.89486 -0.281924 0)
(2.91486 -0.282827 0)
(2.93348 -0.272309 0)
(2.95322 -0.266808 0)
(2.97588 -0.280874 0)
(2.99171 -0.30315 0)
(2.99697 -0.299423 0)
(3.00598 -0.272363 0)
(3.0088 -0.250218 0)
(3.00932 -0.243462 0)
(3.02682 -0.250772 0)
(3.05248 -0.256866 0)
(3.07355 -0.261061 0)
(3.09233 -0.258125 0)
(3.10068 -0.252111 0)
(3.09642 -0.253486 0)
(3.09271 -0.260311 0)
(3.10123 -0.264979 0)
(3.11597 -0.266809 0)
(3.13041 -0.262767 0)
(3.14043 -0.254155 0)
(3.14537 -0.244736 0)
(3.14877 -0.239392 0)
(3.15595 -0.241691 0)
(3.16656 -0.244343 0)
(3.1776 -0.244278 0)
(3.18573 -0.241972 0)
(3.18642 -0.236459 0)
(3.17774 -0.225273 0)
(3.18559 -0.219085 0)
(3.19952 -0.219768 0)
(3.20831 -0.219019 0)
(3.21974 -0.214443 0)
(3.22806 -0.209675 0)
(3.23444 -0.208693 0)
(3.24458 -0.204965 0)
(3.251 -0.198658 0)
(3.2503 -0.191306 0)
(3.24699 -0.182303 0)
(3.25045 -0.173583 0)
(3.25348 -0.165191 0)
(3.25066 -0.163262 0)
(3.23984 -0.16072 0)
(3 6.10979e-16 0)
(3 1.41547e-15 0)
(3 2.38738e-15 0)
(3 6.14565e-15 0)
(3 2.99855e-11 0)
(3 9.77769e-08 0)
(2.99998 4.9235e-05 0)
(2.99814 0.00466753 0)
(2.9477 0.101221 0)
(2.71781 0.465516 0)
(2.32321 0.883751 0)
(2.22086 0.951929 0)
(2.22171 0.958134 0)
(2.23229 0.951346 0)
(2.27195 0.930531 0)
(2.3088 0.895574 0)
(2.30565 0.907859 0)
(2.3301 0.886744 0)
(2.37142 0.845321 0)
(2.38614 0.729655 0)
(2.35823 0.5251 0)
(2.25518 0.212296 0)
(2.20015 -0.0236582 0)
(2.15175 -0.191897 0)
(2.17078 -0.28652 0)
(2.18426 -0.294041 0)
(2.21437 -0.270339 0)
(2.25703 -0.242405 0)
(2.30185 -0.216143 0)
(2.34863 -0.199418 0)
(2.3984 -0.203644 0)
(2.44997 -0.214522 0)
(2.4876 -0.213216 0)
(2.50252 -0.202259 0)
(2.51253 -0.225549 0)
(2.52334 -0.252873 0)
(2.55913 -0.248513 0)
(2.59578 -0.237772 0)
(2.62761 -0.229783 0)
(2.65407 -0.227047 0)
(2.67868 -0.224997 0)
(2.70236 -0.218796 0)
(2.71905 -0.2162 0)
(2.72802 -0.229151 0)
(2.73352 -0.242255 0)
(2.75014 -0.234958 0)
(2.7741 -0.224134 0)
(2.80223 -0.221073 0)
(2.82983 -0.225544 0)
(2.84935 -0.227748 0)
(2.86294 -0.221995 0)
(2.8758 -0.218961 0)
(2.88949 -0.22186 0)
(2.90479 -0.221748 0)
(2.91141 -0.21605 0)
(2.91015 -0.21148 0)
(2.92109 -0.213774 0)
(2.94015 -0.223919 0)
(2.96658 -0.226449 0)
(2.98497 -0.221755 0)
(3.00059 -0.205843 0)
(3.01298 -0.19217 0)
(3.02579 -0.193978 0)
(3.04506 -0.197664 0)
(3.06055 -0.201212 0)
(3.06783 -0.207939 0)
(3.07124 -0.205228 0)
(3.07102 -0.200195 0)
(3.06899 -0.201871 0)
(3.07212 -0.20509 0)
(3.08294 -0.204773 0)
(3.09601 -0.203416 0)
(3.10836 -0.198746 0)
(3.11748 -0.191795 0)
(3.12292 -0.184856 0)
(3.12918 -0.183356 0)
(3.13947 -0.187717 0)
(3.15161 -0.190381 0)
(3.16295 -0.190313 0)
(3.17064 -0.188274 0)
(3.16952 -0.183633 0)
(3.15672 -0.177769 0)
(3.16419 -0.176804 0)
(3.1778 -0.177798 0)
(3.18644 -0.177679 0)
(3.19651 -0.174385 0)
(3.20363 -0.170737 0)
(3.21101 -0.169729 0)
(3.22072 -0.167207 0)
(3.22712 -0.164075 0)
(3.22473 -0.159471 0)
(3.22007 -0.153034 0)
(3.22269 -0.149917 0)
(3.22556 -0.14735 0)
(3.22898 -0.14469 0)
(3.22277 -0.141809 0)
(3 8.26801e-16 0)
(3 2.34397e-15 0)
(3 3.02646e-15 0)
(3 2.43181e-15 0)
(3 4.41586e-15 0)
(3 1.83873e-11 0)
(3 5.67869e-08 0)
(2.99999 2.91604e-05 0)
(2.9987 0.00331004 0)
(2.97159 0.0693668 0)
(2.75206 0.39554 0)
(2.43791 0.765962 0)
(2.3107 0.881844 0)
(2.25911 0.953612 0)
(2.24199 0.971156 0)
(2.2603 0.965638 0)
(2.2845 0.939127 0)
(2.29649 0.835756 0)
(2.32132 0.642564 0)
(2.29838 0.356011 0)
(2.19222 0.0945943 0)
(2.14759 -0.0344922 0)
(2.13004 -0.128659 0)
(2.14394 -0.153082 0)
(2.16851 -0.162795 0)
(2.21239 -0.162832 0)
(2.24974 -0.160029 0)
(2.27114 -0.151125 0)
(2.30321 -0.136745 0)
(2.34484 -0.140407 0)
(2.38495 -0.14973 0)
(2.42051 -0.153071 0)
(2.44824 -0.142735 0)
(2.46908 -0.135317 0)
(2.48709 -0.148091 0)
(2.50397 -0.163487 0)
(2.52648 -0.163188 0)
(2.55423 -0.155922 0)
(2.58415 -0.15302 0)
(2.61394 -0.158046 0)
(2.6397 -0.161252 0)
(2.66056 -0.156151 0)
(2.67632 -0.152475 0)
(2.68692 -0.158743 0)
(2.69495 -0.165288 0)
(2.71068 -0.162317 0)
(2.73352 -0.155085 0)
(2.75842 -0.152004 0)
(2.78328 -0.153574 0)
(2.80547 -0.154087 0)
(2.82566 -0.152537 0)
(2.84438 -0.153079 0)
(2.85828 -0.156733 0)
(2.86607 -0.156355 0)
(2.87302 -0.150679 0)
(2.8842 -0.144464 0)
(2.90188 -0.144297 0)
(2.92448 -0.150613 0)
(2.94468 -0.155413 0)
(2.96517 -0.15532 0)
(2.98225 -0.145387 0)
(2.99427 -0.134686 0)
(3.00318 -0.131303 0)
(3.01529 -0.136038 0)
(3.03066 -0.143231 0)
(3.04356 -0.147155 0)
(3.05132 -0.143667 0)
(3.05527 -0.138222 0)
(3.05887 -0.138328 0)
(3.06661 -0.139878 0)
(3.07817 -0.138719 0)
(3.08987 -0.136915 0)
(3.10042 -0.132731 0)
(3.1086 -0.127009 0)
(3.11618 -0.122683 0)
(3.12741 -0.122941 0)
(3.14146 -0.125527 0)
(3.15529 -0.127386 0)
(3.16673 -0.1285 0)
(3.17334 -0.126914 0)
(3.16969 -0.122128 0)
(3.15411 -0.118341 0)
(3.15983 -0.118935 0)
(3.17203 -0.119542 0)
(3.1803 -0.11915 0)
(3.18967 -0.116607 0)
(3.19618 -0.114011 0)
(3.20497 -0.112892 0)
(3.21455 -0.110889 0)
(3.22003 -0.108709 0)
(3.21543 -0.106316 0)
(3.20734 -0.105799 0)
(3.20925 -0.105169 0)
(3.21411 -0.103773 0)
(3.22064 -0.102018 0)
(3.21788 -0.100085 0)
(3 1.09095e-15 0)
(3 9.54494e-16 0)
(3 1.72429e-16 0)
(3 -1.76973e-16 0)
(3 3.33845e-16 0)
(3 2.98704e-15 0)
(3 1.00498e-11 0)
(3 3.14563e-08 0)
(2.99999 1.69608e-05 0)
(2.9995 0.00160937 0)
(2.97854 0.0468174 0)
(2.87415 0.234219 0)
(2.54552 0.662677 0)
(2.36314 0.884397 0)
(2.28978 0.977394 0)
(2.20581 0.862457 0)
(2.14113 0.620546 0)
(2.06793 0.287531 0)
(1.99756 -0.0221408 0)
(1.95505 -0.14857 0)
(1.94488 -0.217436 0)
(1.97396 -0.198427 0)
(2.03848 -0.156289 0)
(2.10625 -0.140242 0)
(2.16526 -0.117169 0)
(2.2071 -0.0746652 0)
(2.23869 -0.0580782 0)
(2.27504 -0.0640936 0)
(2.31709 -0.0739448 0)
(2.3616 -0.0871832 0)
(2.39738 -0.0989242 0)
(2.42439 -0.0960218 0)
(2.44677 -0.0802329 0)
(2.4686 -0.0718522 0)
(2.49168 -0.0796539 0)
(2.51265 -0.0888901 0)
(2.53407 -0.0901834 0)
(2.55962 -0.0862636 0)
(2.58983 -0.0868681 0)
(2.62066 -0.0947467 0)
(2.64597 -0.0993205 0)
(2.66638 -0.0956799 0)
(2.68422 -0.0936123 0)
(2.69873 -0.0989224 0)
(2.70825 -0.103174 0)
(2.71998 -0.0989773 0)
(2.73912 -0.0918962 0)
(2.76392 -0.0895069 0)
(2.79028 -0.0914907 0)
(2.81423 -0.0933796 0)
(2.83504 -0.0937927 0)
(2.85169 -0.0939121 0)
(2.86208 -0.0948842 0)
(2.86637 -0.0937508 0)
(2.87195 -0.0891191 0)
(2.88658 -0.0843831 0)
(2.90898 -0.0843581 0)
(2.93456 -0.0900463 0)
(2.95712 -0.0973112 0)
(2.97376 -0.0968083 0)
(2.98491 -0.0874467 0)
(2.9947 -0.078471 0)
(3.00645 -0.0775362 0)
(3.01991 -0.0829063 0)
(3.03305 -0.0882798 0)
(3.04361 -0.0908192 0)
(3.05154 -0.0896943 0)
(3.05789 -0.0871406 0)
(3.06472 -0.0873004 0)
(3.07388 -0.0862593 0)
(3.0846 -0.0835102 0)
(3.09561 -0.0815081 0)
(3.10574 -0.0788536 0)
(3.11293 -0.0761318 0)
(3.12058 -0.0765062 0)
(3.13475 -0.0784283 0)
(3.15022 -0.0793893 0)
(3.16446 -0.0798963 0)
(3.17616 -0.0794254 0)
(3.1836 -0.0768464 0)
(3.18131 -0.0733956 0)
(3.16565 -0.0733572 0)
(3.16967 -0.0749899 0)
(3.18023 -0.075274 0)
(3.18823 -0.0748648 0)
(3.19764 -0.0727309 0)
(3.20543 -0.0715276 0)
(3.21596 -0.0704185 0)
(3.22657 -0.0690577 0)
(3.23305 -0.0677587 0)
(3.22736 -0.0663155 0)
(3.21539 -0.0657765 0)
(3.2159 -0.0647029 0)
(3.21988 -0.0639422 0)
(3.22722 -0.0628347 0)
(3.22451 -0.0619774 0)
(3 1.4002e-15 0)
(3 1.5861e-16 0)
(3 -4.95163e-16 0)
(3 -9.80403e-16 0)
(3 5.68565e-16 0)
(3 2.97447e-16 0)
(3 6.24073e-16 0)
(3 4.24705e-12 0)
(3 1.12351e-08 0)
(3 4.8111e-06 0)
(2.99968 0.000623375 0)
(2.99296 0.0143164 0)
(2.87462 0.132692 0)
(2.55278 0.40053 0)
(2.26923 0.596999 0)
(2.10348 0.62114 0)
(1.99252 0.516583 0)
(1.90278 0.341646 0)
(1.86441 0.195189 0)
(1.86632 0.0935556 0)
(1.92838 -0.00800051 0)
(2.01664 -0.0570185 0)
(2.10196 -0.0700605 0)
(2.1487 -0.0681163 0)
(2.17052 -0.0600527 0)
(2.18392 -0.0532518 0)
(2.211 -0.0371947 0)
(2.24757 -0.0357232 0)
(2.28996 -0.0407442 0)
(2.33307 -0.0485438 0)
(2.36646 -0.0558567 0)
(2.39078 -0.049509 0)
(2.41641 -0.0359878 0)
(2.44677 -0.0320401 0)
(2.4739 -0.0401902 0)
(2.49154 -0.0466023 0)
(2.50877 -0.0443611 0)
(2.53323 -0.0402784 0)
(2.56476 -0.0405822 0)
(2.5961 -0.0449254 0)
(2.62116 -0.0467643 0)
(2.64262 -0.0441323 0)
(2.66316 -0.0438951 0)
(2.67828 -0.0490181 0)
(2.68422 -0.0524443 0)
(2.69265 -0.0494509 0)
(2.7122 -0.0459622 0)
(2.73932 -0.0461693 0)
(2.76692 -0.0488118 0)
(2.78986 -0.0499253 0)
(2.80837 -0.0494312 0)
(2.82349 -0.0501185 0)
(2.8331 -0.0511004 0)
(2.83679 -0.0486859 0)
(2.84444 -0.0448764 0)
(2.86279 -0.0437439 0)
(2.8875 -0.0463669 0)
(2.91159 -0.0517515 0)
(2.92914 -0.056019 0)
(2.94106 -0.0534061 0)
(2.95214 -0.0469657 0)
(2.96576 -0.0429446 0)
(2.98161 -0.0449474 0)
(2.99551 -0.049733 0)
(3.00537 -0.052497 0)
(3.01265 -0.0531334 0)
(3.01944 -0.0515328 0)
(3.02745 -0.0486124 0)
(3.03729 -0.0492067 0)
(3.04824 -0.0496839 0)
(3.05949 -0.0487359 0)
(3.0705 -0.0485465 0)
(3.08002 -0.0478072 0)
(3.08534 -0.0464515 0)
(3.09301 -0.0459392 0)
(3.10855 -0.0455954 0)
(3.12393 -0.0455877 0)
(3.1392 -0.0459136 0)
(3.15214 -0.0458096 0)
(3.16118 -0.0450064 0)
(3.16018 -0.0442569 0)
(3.14334 -0.0448059 0)
(3.14618 -0.0454927 0)
(3.15643 -0.0455811 0)
(3.16456 -0.0452542 0)
(3.1748 -0.0440807 0)
(3.18292 -0.0434891 0)
(3.19464 -0.0430701 0)
(3.20656 -0.0428452 0)
(3.21381 -0.0428231 0)
(3.20742 -0.0424581 0)
(3.19461 -0.0422269 0)
(3.19531 -0.0416519 0)
(3.19962 -0.0408046 0)
(3.20778 -0.0405021 0)
(3.20464 -0.0399555 0)
)
;

boundaryField
{
    inlet
    {
        type            fixedValue;
        value           uniform (3 0 0);
    }
    outlet
    {
        type            inletOutlet;
        inletValue      uniform (3 0 0);
        value           nonuniform List<vector> 
32
(
(2.76207 -0.00402118 0)
(2.7662 -0.00193301 0)
(2.77937 0.00224897 0)
(2.8177 0.00895087 0)
(2.87291 0.00508003 0)
(2.9183 0.0372062 0)
(2.95365 0.0480023 0)
(2.99193 0.00779038 0)
(3.05309 -0.206088 0)
(3.06958 -0.410054 0)
(3.05506 -0.464754 0)
(3.04293 -0.452521 0)
(3.04406 -0.416125 0)
(3.0565 -0.384766 0)
(3.07959 -0.349337 0)
(3.10751 -0.316897 0)
(3.11555 -0.301918 0)
(3.12234 -0.291762 0)
(3.1375 -0.272946 0)
(3.15888 -0.245442 0)
(3.17048 -0.212225 0)
(3.18262 -0.180845 0)
(3.1935 -0.158473 0)
(3.21049 -0.138463 0)
(3.22846 -0.14922 0)
(3.24023 -0.168419 0)
(3.24066 -0.186181 0)
(3.23984 -0.16072 0)
(3.22277 -0.141809 0)
(3.21788 -0.100085 0)
(3.22451 -0.0619774 0)
(3.20464 -0.0399555 0)
)
;
    }
    bottom
    {
        type            symmetryPlane;
    }
    top
    {
        type            symmetryPlane;
    }
    obstacle
    {
        type            slip;
    }
    defaultFaces
    {
        type            empty;
    }
}


// ************************************************************************* //
