0.0015625 	0.99999 	-1.03195e-18 	3 	-1.67862e-16 	0
0.0046875 	0.99999 	8.88178e-21 	3 	-2.70659e-17 	0
0.0078125 	0.99999 	1.39666e-18 	3 	3.39909e-16 	0
0.0109375 	0.99999 	8.88178e-21 	3 	3.58033e-16 	0
0.0140625 	0.99999 	-2.76668e-18 	3 	-2.02161e-17 	0
0.0171875 	0.99999 	-5.54223e-18 	3 	-7.08431e-16 	0
0.0203125 	0.99999 	-6.58307e-18 	3 	-4.44027e-16 	0
0.0234375 	0.99999 	-4.84834e-18 	3 	5.3922e-17 	0
0.0265625 	0.99999 	-2.07279e-18 	3 	-5.97162e-17 	0
0.0296875 	0.99999 	-2.41973e-18 	3 	-2.94616e-16 	0
0.0328125 	0.99999 	-2.76668e-18 	3 	2.47412e-17 	0
0.0359375 	0.99999 	-1.03195e-18 	3 	1.72856e-17 	0
0.0390625 	0.99999 	-6.85008e-19 	3 	-4.72952e-16 	0
0.0421875 	0.99999 	-2.41973e-18 	3 	-6.45954e-16 	0
0.0453125 	0.99999 	-4.15445e-18 	3 	-5.27641e-16 	0
0.0484375 	0.99999 	-4.15445e-18 	3 	5.30211e-16 	0
0.0515625 	0.99999 	-2.41973e-18 	3 	8.69476e-16 	0
0.0546875 	0.99999 	-3.80751e-18 	3 	4.1999e-16 	0
0.0578125 	0.99999 	-6.58307e-18 	3 	4.40327e-16 	0
0.0609375 	0.99999 	-6.23612e-18 	3 	-2.37856e-16 	0
0.0640625 	0.99999 	-7.6239e-18 	3 	-3.8611e-16 	0
0.0671875 	0.99999 	-7.6239e-18 	3 	-1.17235e-15 	0
0.0703125 	0.99999 	-4.84834e-18 	3 	-1.35273e-15 	0
0.0734375 	0.99999 	-5.19529e-18 	3 	-1.29499e-15 	0
0.0765625 	0.99999 	-5.54223e-18 	3 	-1.15899e-15 	0
0.0796875 	0.99999 	-2.76668e-18 	3 	-5.46509e-16 	0
0.0828125 	0.99999 	8.88178e-21 	3 	-5.47723e-17 	0
0.0859375 	0.99999 	3.13138e-18 	3 	-2.01312e-16 	0
0.0890625 	0.99999 	3.47833e-18 	3 	-2.7784e-16 	0
0.0921875 	0.99999 	3.47833e-18 	3 	-4.75386e-17 	0
0.0953125 	0.99999 	6.25389e-18 	3 	1.2847e-16 	0
0.0984375 	0.99999 	6.25389e-18 	3 	-2.59077e-17 	0
0.101562 	0.99999 	4.51916e-18 	3 	-4.23492e-16 	0
0.104687 	0.99999 	5.90694e-18 	3 	-1.67957e-16 	0
0.107812 	0.99999 	7.29472e-18 	3 	4.85088e-18 	0
0.110937 	0.99999 	8.33555e-18 	3 	3.81238e-18 	0
0.114062 	0.99999 	1.14581e-17 	3 	-1.81015e-16 	0
0.117187 	0.99999 	1.31928e-17 	3 	-7.38118e-16 	0
0.120312 	0.99999 	8.33555e-18 	3 	-5.36424e-16 	0
0.123437 	0.99999 	5.21305e-18 	3 	-6.23321e-16 	0
0.126562 	0.99999 	8.6825e-18 	3 	-7.26943e-16 	0
0.129687 	0.99999 	1.04172e-17 	3 	-6.78851e-16 	0
0.132812 	0.99999 	6.94778e-18 	3 	-7.47788e-16 	0
0.135937 	0.99999 	2.09055e-18 	3 	-1.11686e-15 	0
0.139062 	0.99999 	7.02771e-19 	3 	-1.87035e-15 	0
0.142187 	0.99999 	-2.41973e-18 	3 	-2.04826e-15 	0
0.145312 	0.99999 	-6.93001e-18 	3 	-1.59563e-15 	0
0.148437 	0.99999 	-1.00525e-17 	3 	-1.0202e-15 	0
0.151562 	0.99999 	-1.14403e-17 	3 	2.15813e-16 	0
0.154687 	0.99999 	-7.97085e-18 	3 	4.12491e-17 	0
0.157812 	0.99999 	-3.46057e-18 	3 	-4.83105e-16 	0
0.160937 	0.99999 	-6.85008e-19 	3 	-7.57837e-16 	0
0.164062 	0.99999 	7.02771e-19 	3 	-6.73259e-16 	0
0.167187 	0.99999 	2.43749e-18 	3 	-4.48955e-16 	0
0.170312 	0.99999 	5.56e-18 	3 	-4.2734e-16 	0
0.173437 	0.99999 	5.21305e-18 	3 	-1.38588e-16 	0
0.176562 	0.99999 	3.47833e-18 	3 	-1.96948e-16 	0
0.179687 	0.99999 	4.86611e-18 	3 	-4.09963e-16 	0
0.182812 	0.99999 	4.86611e-18 	3 	-1.51306e-16 	0
0.185937 	0.99999 	4.86611e-18 	3 	5.58326e-16 	0
0.189062 	0.99999 	7.64167e-18 	3 	7.74168e-16 	0
0.192187 	0.99999 	1.07642e-17 	3 	9.97205e-16 	0
0.195312 	0.99999 	1.38867e-17 	3 	4.54164e-16 	0
0.198437 	0.99999 	1.8397e-17 	3 	-1.23572e-15 	0
0.201562 	0.99999 	2.29072e-17 	3 	-1.42255e-15 	0
0.204687 	0.99999 	2.4295e-17 	3 	-1.46411e-15 	0
0.207812 	0.99999 	2.4295e-17 	3 	-8.21029e-16 	0
0.210937 	0.99999 	2.56828e-17 	3 	-7.0266e-16 	0
0.214062 	0.99999 	2.56828e-17 	3 	-1.26848e-16 	0
0.217187 	0.99999 	2.29072e-17 	3 	5.7128e-16 	0
0.220312 	0.99999 	2.32542e-17 	3 	1.56124e-15 	0
0.223437 	0.99999 	2.49889e-17 	3 	1.58108e-15 	0
0.226562 	0.99999 	2.84583e-17 	3 	1.39106e-15 	0
0.229687 	0.99999 	3.054e-17 	3 	1.04466e-15 	0
0.232812 	0.99999 	2.77645e-17 	3 	6.71408e-16 	0
0.235937 	0.99999 	2.63767e-17 	3 	7.62313e-17 	0
0.239062 	0.99999 	2.77645e-17 	3 	-5.01801e-16 	0
0.242187 	0.99999 	3.054e-17 	3 	6.50263e-17 	0
0.245312 	0.99999 	2.84583e-17 	3 	4.14843e-16 	0
0.248437 	0.99999 	2.49889e-17 	3 	1.13894e-15 	0
0.251562 	0.99999 	2.49889e-17 	3 	1.03946e-15 	0
0.254687 	0.99999 	2.49889e-17 	3 	4.8863e-16 	0
0.257812 	0.99999 	2.36011e-17 	3 	1.1302e-15 	0
0.260937 	0.99999 	2.22133e-17 	3 	1.27658e-15 	0
0.264062 	0.99999 	2.36011e-17 	3 	1.18647e-15 	0
0.267187 	0.99999 	2.63767e-17 	3 	1.01009e-15 	0
0.270312 	0.99999 	2.91522e-17 	3 	1.07499e-15 	0
0.273437 	0.99999 	3.054e-17 	3 	5.04537e-16 	0
0.276562 	0.99999 	3.054e-17 	3 	-1.07995e-16 	0
0.279687 	0.99999 	3.054e-17 	3 	-1.21442e-16 	0
0.282812 	0.99999 	2.88053e-17 	3 	3.34532e-16 	0
0.285937 	0.99999 	2.70706e-17 	3 	5.42926e-16 	0
0.289062 	0.99999 	2.56828e-17 	3 	1.26042e-15 	0
0.292187 	0.99999 	2.56828e-17 	3 	1.84041e-15 	0
0.295312 	0.99999 	2.84583e-17 	3 	1.17178e-15 	0
0.298437 	0.99999 	2.94992e-17 	3 	6.40558e-16 	0
0.301562 	0.99999 	2.94992e-17 	3 	7.5593e-16 	0
0.304687 	0.99999 	3.01931e-17 	3 	9.83787e-16 	0
0.307812 	0.99999 	2.91522e-17 	3 	7.86425e-16 	0
0.310937 	0.99999 	2.91522e-17 	3 	3.94175e-16 	0
0.314062 	0.99999 	2.88053e-17 	3 	-3.61298e-16 	0
0.317187 	0.99999 	2.56828e-17 	3 	-8.49155e-16 	0
0.320312 	0.99999 	2.29072e-17 	3 	-7.30912e-16 	0
0.323437 	0.99999 	1.97847e-17 	3 	-6.86895e-16 	0
0.326562 	0.99999 	1.63153e-17 	3 	-4.85463e-16 	0
0.329687 	0.99999 	1.59683e-17 	3 	-8.82106e-16 	0
0.332812 	0.99999 	1.56214e-17 	3 	-9.16697e-16 	0
0.335937 	0.99999 	1.21519e-17 	3 	-9.94233e-16 	0
0.339062 	0.99999 	1.04172e-17 	3 	-8.25926e-16 	0
0.342187 	0.99999 	9.02944e-18 	3 	-7.57745e-16 	0
0.345312 	0.99999 	7.64167e-18 	3 	-7.49577e-16 	0
0.348437 	0.99999 	7.64167e-18 	3 	-9.61171e-16 	0
0.351562 	0.99999 	9.02944e-18 	3 	-6.71026e-16 	0
0.354687 	0.99999 	1.04172e-17 	3 	-7.06169e-16 	0
0.357812 	0.99999 	1.04172e-17 	3 	-6.16208e-16 	0
0.360937 	0.99999 	1.04172e-17 	3 	-5.61495e-16 	0
0.364062 	0.99999 	1.04172e-17 	3 	3.50701e-16 	0
0.367187 	0.99999 	9.02944e-18 	3 	1.12522e-15 	0
0.370312 	0.99999 	9.02944e-18 	3 	1.01665e-15 	0
0.373437 	0.99999 	1.00703e-17 	3 	6.91217e-16 	0
0.376562 	0.99999 	1.11111e-17 	3 	5.84516e-16 	0
0.379687 	0.99999 	1.24989e-17 	3 	2.60059e-16 	0
0.382812 	0.99999 	1.07642e-17 	3 	1.34617e-16 	0
0.385937 	0.99999 	8.6825e-18 	3 	4.51687e-16 	0
0.389062 	0.99999 	8.33555e-18 	3 	4.81636e-16 	0
0.392187 	0.99999 	9.72333e-18 	3 	6.69354e-17 	0
0.395312 	0.99999 	1.24989e-17 	3 	2.09429e-17 	0
0.398437 	0.99999 	1.38867e-17 	3 	-4.2995e-16 	0
0.401562 	0.99999 	1.07642e-17 	3 	-7.586e-16 	0
0.404687 	0.99999 	1.07642e-17 	3 	-1.12712e-15 	0
0.407812 	0.99999 	1.21519e-17 	3 	-1.07546e-15 	0
0.410937 	0.99999 	1.1805e-17 	3 	-8.67053e-16 	0
0.414062 	0.99999 	1.1805e-17 	3 	-3.46671e-16 	0
0.417187 	0.99999 	1.04172e-17 	3 	-4.99507e-16 	0
0.420312 	0.99999 	1.04172e-17 	3 	7.22874e-16 	0
0.423437 	0.99999 	8.6825e-18 	3 	1.00949e-15 	0
0.426562 	0.99999 	8.6825e-18 	3 	1.14484e-15 	0
0.429687 	0.99999 	8.6825e-18 	3 	5.59165e-16 	0
0.432812 	0.99999 	6.60083e-18 	3 	-2.10364e-16 	0
0.435937 	0.99999 	4.51916e-18 	3 	1.78371e-16 	0
0.439062 	0.99999 	5.90694e-18 	3 	-5.40527e-16 	0
0.442187 	0.99999 	9.02944e-18 	3 	-9.4836e-16 	0
0.445312 	0.99999 	9.02944e-18 	3 	-3.60623e-16 	0
0.448437 	0.99999 	7.29472e-18 	3 	-1.88218e-16 	0
0.451562 	0.99999 	4.17222e-18 	3 	1.71285e-16 	0
0.454687 	0.99999 	4.51916e-18 	3 	4.04936e-16 	0
0.457812 	0.99999 	4.51916e-18 	3 	3.18836e-16 	0
0.460937 	0.99999 	1.39666e-18 	3 	-7.5961e-17 	0
0.464062 	0.99999 	1.74361e-18 	3 	-1.03066e-15 	0
0.467187 	0.99999 	4.86611e-18 	3 	-8.63514e-16 	0
0.470312 	0.99999 	6.25389e-18 	3 	-5.45147e-16 	0
0.473437 	0.99999 	7.64167e-18 	3 	-5.03766e-16 	0
0.476562 	0.99999 	1.07642e-17 	3 	-1.33802e-15 	0
0.479687 	0.99999 	1.24989e-17 	3 	-1.42915e-15 	0
0.482812 	0.99999 	1.56214e-17 	3 	-1.36563e-15 	0
0.485937 	0.99999 	1.87439e-17 	3 	-1.02487e-15 	0
0.489062 	0.99999 	2.01317e-17 	3 	-1.04139e-15 	0
0.492187 	0.99999 	2.15195e-17 	3 	-6.36183e-16 	0
0.495312 	0.99999 	2.15195e-17 	3 	-1.667e-16 	0
0.498437 	0.99999 	2.15195e-17 	3 	-8.94676e-17 	0
0.501562 	0.99999 	2.01317e-17 	3 	-1.03865e-16 	0
0.504687 	0.99999 	2.04786e-17 	3 	6.39265e-17 	0
0.507812 	0.99999 	2.36011e-17 	3 	-9.092e-16 	0
0.510937 	0.99999 	2.49889e-17 	3 	-1.12435e-15 	0
0.514062 	0.99999 	2.63767e-17 	3 	-9.51226e-16 	0
0.517187 	0.99999 	2.77645e-17 	3 	-2.77033e-16 	0
0.520312 	0.99999 	2.77645e-17 	3 	1.83989e-16 	0
0.523437 	0.99999 	2.77645e-17 	3 	5.4133e-17 	0
0.526562 	0.99999 	2.77645e-17 	3 	-1.8549e-16 	0
0.529687 	0.99999 	2.94992e-17 	3 	-1.10728e-16 	0
0.532812 	0.99999 	3.12339e-17 	3 	-2.33636e-16 	0
0.535937 	0.99999 	3.26217e-17 	3 	2.14235e-16 	0
0.539062 	0.99999 	3.36625e-17 	3 	1.37501e-15 	0
0.542187 	0.99999 	3.47034e-17 	3 	2.12247e-15 	0
0.545312 	0.99999 	3.60911e-17 	3 	2.49392e-15 	0
0.548437 	0.99999 	3.29686e-17 	3 	1.68906e-15 	0
0.551562 	0.99999 	3.15808e-17 	3 	9.26533e-16 	0
0.554687 	0.99999 	3.01931e-17 	3 	2.7929e-16 	0
0.557812 	0.99999 	2.70706e-17 	3 	-9.48357e-17 	0
0.560937 	0.99999 	2.74175e-17 	3 	-5.85026e-17 	0
0.564062 	0.99999 	2.63767e-17 	3 	-2.35943e-16 	0
0.567187 	0.99999 	2.49889e-17 	3 	8.01464e-19 	0
0.570312 	0.99999 	2.18664e-17 	3 	-8.43069e-16 	0
0.573437 	0.99999 	2.01317e-17 	3 	-1.42808e-15 	0
0.576562 	0.99999 	2.29072e-17 	3 	-1.1298e-15 	0
0.579687 	0.99999 	2.74175e-17 	3 	-1.06502e-15 	0
0.582812 	0.99999 	3.054e-17 	3 	-7.6512e-16 	0
0.585937 	0.99999 	3.01931e-17 	3 	-1.76717e-16 	0
0.589062 	0.99999 	2.84583e-17 	2.29528 	0.00306704 	0
0.592187 	0.99999 	2.70706e-17 	0.832372 	0.0056142 	0
0.595312 	0.99999 	2.88053e-17 	0.729947 	0.0057278 	0
0.598437 	0.99999 	3.054e-17 	0.744848 	0.00567592 	0
0.601562 	0.99999 	2.91522e-17 	0.756661 	0.00511662 	0
0.604687 	0.99999 	2.77645e-17 	0.767939 	0.0042541 	0
0.607812 	0.99999 	2.63767e-17 	0.776962 	0.00304763 	0
0.610937 	0.99999 	2.36011e-17 	0.783352 	0.00223342 	0
0.614062 	0.99999 	2.22133e-17 	0.787839 	0.001848 	0
0.617187 	0.99999 	2.04786e-17 	0.790461 	0.00131127 	0
0.620312 	0.99999 	2.04786e-17 	0.792693 	0.00124741 	0
0.623437 	0.99999 	2.22133e-17 	0.793727 	0.00130407 	0
0.626562 	0.99999 	2.22133e-17 	0.793957 	0.00158308 	0
0.629687 	0.99999 	2.22133e-17 	0.792897 	0.00184841 	0
0.632812 	0.99999 	2.39481e-17 	0.789655 	0.00184228 	0
0.635937 	0.99999 	2.70706e-17 	0.786598 	0.00137963 	0
0.639062 	0.99999 	2.70706e-17 	0.787661 	0.000946944 	0
0.642187 	0.99999 	2.56828e-17 	0.790127 	0.000680747 	0
0.645312 	0.99999 	2.74175e-17 	0.794296 	0.000781537 	0
0.648437 	0.99999 	3.22747e-17 	0.800466 	0.00103412 	0
0.651562 	0.99999 	3.53972e-17 	0.808471 	0.00145198 	0
0.654687 	0.99999 	3.53972e-17 	0.817955 	0.00218204 	0
0.657812 	0.99999 	3.53972e-17 	0.82846 	0.00298928 	0
0.660937 	0.99999 	3.53972e-17 	0.839556 	0.00369022 	0
0.664062 	0.99999 	3.40095e-17 	0.850798 	0.00407317 	0
0.667187 	0.99999 	3.26217e-17 	0.861136 	0.00371252 	0
0.670312 	0.99999 	3.26217e-17 	0.869383 	0.0028149 	0
0.673437 	0.99999 	3.12339e-17 	0.875251 	0.00168151 	0
0.676562 	0.99999 	2.98461e-17 	0.879446 	0.000891078 	0
0.679687 	0.99999 	2.98461e-17 	0.882858 	0.000462077 	0
0.682812 	0.99999 	3.15808e-17 	0.885103 	0.000366486 	0
0.685937 	0.99999 	3.33156e-17 	0.887084 	0.00024217 	0
0.689062 	0.99999 	3.33156e-17 	0.888682 	-4.74833e-06 	0
0.692187 	0.99999 	3.33156e-17 	0.890227 	-0.000104115 	0
0.695312 	0.99999 	3.33156e-17 	0.891836 	-0.000124211 	0
0.698437 	0.99999 	3.50503e-17 	0.894104 	0.000226809 	0
0.701562 	0.99999 	3.6785e-17 	0.897241 	0.000361782 	0
0.704687 	0.99999 	3.99075e-17 	0.899841 	0.000609278 	0
0.707812 	0.99999 	4.303e-17 	0.902477 	0.000849417 	0
0.710937 	0.99999 	4.12953e-17 	0.905513 	0.0012468 	0
0.714062 	0.99999 	3.78259e-17 	0.90943 	0.00189923 	0
0.717187 	0.99999 	3.47034e-17 	0.914834 	0.00273419 	0
0.720312 	0.99999 	3.33156e-17 	0.922253 	0.00358895 	0
0.723437 	0.99999 	3.33156e-17 	0.931502 	0.00432178 	0
0.726562 	0.99999 	3.33156e-17 	0.942198 	0.00475904 	0
0.729687 	0.99999 	3.50503e-17 	0.95344 	0.00471158 	0
0.732812 	0.99999 	3.6785e-17 	0.96406 	0.00418246 	0
0.735937 	0.99999 	3.6785e-17 	0.973011 	0.00330315 	0
0.739062 	0.99999 	3.6785e-17 	0.979883 	0.00202805 	0
0.742187 	0.99999 	3.85197e-17 	0.985149 	0.00100985 	0
0.745312 	0.99999 	4.02545e-17 	0.988725 	0.000692876 	0
0.748437 	0.99999 	4.02545e-17 	0.991537 	0.00063166 	0
0.751562 	0.99999 	4.02545e-17 	0.994075 	0.000561045 	0
0.754687 	0.99999 	3.85197e-17 	0.996439 	0.000419965 	0
0.757812 	0.99999 	3.6785e-17 	0.998662 	0.000263778 	0
0.760937 	0.99999 	3.85197e-17 	1.00092 	0.000155739 	0
0.764062 	0.99999 	3.88667e-17 	1.0034 	0.000193114 	0
0.767187 	0.99999 	3.57442e-17 	1.00688 	0.000536235 	0
0.770312 	0.99999 	3.22747e-17 	1.0103 	0.000820858 	0
0.773437 	0.99999 	3.054e-17 	1.01313 	0.0010789 	0
0.776562 	0.99999 	3.22747e-17 	1.01615 	0.00143154 	0
0.779687 	0.99999 	3.57442e-17 	1.01955 	0.00167561 	0
0.782812 	0.99999 	3.7132e-17 	1.02369 	0.00209397 	0
0.785937 	0.99999 	3.64381e-17 	1.02911 	0.00264504 	0
0.789062 	0.99999 	3.60911e-17 	1.03621 	0.00322886 	0
0.792187 	0.99999 	3.60911e-17 	1.04505 	0.00372971 	0
0.795312 	0.99999 	3.60911e-17 	1.05516 	0.00409265 	0
0.798437 	0.99999 	3.60911e-17 	1.06575 	0.00420092 	0
0.801562 	0.99999 	3.60911e-17 	1.07591 	0.0039619 	0
0.804687 	0.99999 	3.60911e-17 	1.08446 	0.00301205 	0
0.807812 	0.99999 	3.47034e-17 	1.09062 	0.00185256 	0
0.810937 	0.99999 	3.50503e-17 	1.09578 	0.000977837 	0
0.814062 	0.99999 	3.53972e-17 	1.09956 	0.000250001 	0
0.817187 	0.99999 	3.40095e-17 	1.10241 	7.38207e-06 	0
0.820312 	0.99999 	3.53972e-17 	1.10497 	-0.000314191 	0
0.823437 	0.99999 	3.6785e-17 	1.10712 	-0.000437864 	0
0.826562 	0.99999 	3.50503e-17 	1.1092 	-0.000420983 	0
0.829687 	0.99999 	3.33156e-17 	1.11152 	-0.00029364 	0
0.832812 	0.99999 	3.36625e-17 	1.11426 	-6.42181e-05 	0
0.835937 	0.99999 	3.40095e-17 	1.11735 	0.000116218 	0
0.839062 	0.99999 	3.57442e-17 	1.1208 	0.000320394 	0
0.842187 	0.99999 	3.60911e-17 	1.12435 	0.00055105 	0
0.845312 	0.99999 	3.47034e-17 	1.12759 	0.000865052 	0
0.848437 	0.99999 	3.47034e-17 	1.13125 	0.00103348 	0
0.851562 	0.99999 	3.47034e-17 	1.13525 	0.00126701 	0
0.854687 	0.99999 	3.47034e-17 	1.13982 	0.00172888 	0
0.857812 	0.99999 	3.47034e-17 	1.14532 	0.00233708 	0
0.860937 	0.99999 	3.60911e-17 	1.15193 	0.00303812 	0
0.864062 	0.99999 	3.88667e-17 	1.15964 	0.0035872 	0
0.867187 	0.99999 	4.02545e-17 	1.16812 	0.00381341 	0
0.870312 	0.99999 	4.02545e-17 	1.17702 	0.003633 	0
0.873437 	0.99999 	3.85197e-17 	1.18592 	0.00314788 	0
0.876562 	0.99999 	3.6785e-17 	1.19438 	0.00262201 	0
0.879687 	0.99999 	3.50503e-17 	1.20202 	0.00165745 	0
0.882812 	0.99999 	3.47034e-17 	1.20843 	0.000460692 	0
0.885937 	0.99999 	3.74789e-17 	1.21389 	-0.000437288 	0
0.889062 	0.99999 	3.88667e-17 	1.21915 	-0.00073239 	0
0.892187 	0.99999 	3.88667e-17 	1.22515 	-0.000690813 	0
0.895312 	0.99999 	3.7132e-17 	1.23072 	-0.000602626 	0
0.898437 	0.99999 	3.53972e-17 	1.23508 	-0.000311218 	0
0.901562 	0.99999 	3.6785e-17 	1.2392 	0.000124181 	0
0.904687 	0.99999 	3.81728e-17 	1.24326 	0.000691282 	0
0.907812 	0.99999 	3.81728e-17 	1.24712 	0.00124884 	0
0.910937 	0.99999 	3.81728e-17 	1.25072 	0.00172943 	0
0.914062 	0.99999 	3.99075e-17 	1.25422 	0.00210176 	0
0.917187 	0.99999 	4.16422e-17 	1.25738 	0.00236488 	0
0.920312 	0.99999 	4.16422e-17 	1.26009 	0.00214529 	0
0.923437 	0.99999 	4.16422e-17 	1.26265 	0.00137758 	0
0.926562 	0.99999 	3.99075e-17 	1.26592 	0.000370018 	0
0.929687 	0.99999 	3.81728e-17 	1.27005 	-0.000262018 	0
0.932812 	0.99999 	4.12953e-17 	1.27457 	-0.000505944 	0
0.935937 	0.99999 	4.44178e-17 	1.27983 	-0.000603689 	0
0.939062 	0.99999 	4.44178e-17 	1.28609 	-0.000342599 	0
0.942187 	0.99999 	4.26831e-17 	1.29309 	0.000260262 	0
0.945312 	0.99999 	3.95606e-17 	1.30035 	0.000973561 	0
0.948437 	0.99999 	3.81728e-17 	1.30774 	0.00156222 	0
0.951562 	0.99999 	3.81728e-17 	1.31536 	0.00192386 	0
0.954687 	0.99999 	3.81728e-17 	1.32304 	0.0021577 	0
0.957812 	0.99999 	3.95606e-17 	1.33052 	0.00222689 	0
0.960937 	0.99999 	4.23361e-17 	1.33755 	0.00227619 	0
0.964062 	0.99999 	4.19892e-17 	1.34434 	0.00228873 	0
0.967187 	0.99999 	4.3377e-17 	1.35098 	0.00236001 	0
0.970312 	0.99999 	4.64995e-17 	1.35634 	0.0026695 	0
0.973437 	0.99999 	4.78872e-17 	1.36062 	0.00253939 	0
0.976562 	0.99999 	4.9275e-17 	1.36419 	0.00158708 	0
0.979687 	0.99999 	4.75403e-17 	1.36698 	2.98581e-05 	0
0.982812 	0.99999 	4.58056e-17 	1.3702 	-0.00140496 	0
0.985937 	0.99999 	4.58056e-17 	1.374 	-0.00209642 	0
0.989062 	0.99999 	4.58056e-17 	1.37834 	-0.00230942 	0
0.992187 	0.99999 	4.58056e-17 	1.38337 	-0.00233953 	0
0.995312 	0.99999 	4.58056e-17 	1.38943 	-0.00200988 	0
0.998437 	0.99999 	4.58056e-17 	1.39605 	-0.00112176 	0
1.00156 	0.99999 	4.61525e-17 	1.40197 	5.22448e-05 	0
1.00469 	0.99999 	4.64995e-17 	1.40722 	0.000985777 	0
1.00781 	0.99999 	4.47647e-17 	1.41192 	0.00174958 	0
1.01094 	0.99999 	4.303e-17 	1.41591 	0.00229995 	0
1.01406 	0.99999 	4.303e-17 	1.41889 	0.0025579 	0
1.01719 	0.99999 	4.19892e-17 	1.42095 	0.00240883 	0
1.02031 	0.99999 	4.09484e-17 	1.42305 	0.00173175 	0
1.02344 	0.99999 	4.09484e-17 	1.42654 	0.000759068 	0
1.02656 	0.99999 	4.09484e-17 	1.43102 	0.000201678 	0
1.02969 	0.99999 	4.23361e-17 	1.43569 	-8.45903e-05 	0
1.03281 	0.99999 	4.40709e-17 	1.44088 	-0.000307101 	0
1.03594 	0.99999 	4.75403e-17 	1.4467 	-0.000422159 	0
1.03906 	0.99999 	5.06628e-17 	1.45274 	-0.000542629 	0
1.04219 	0.99999 	5.06628e-17 	1.4586 	-0.000830039 	0
1.04531 	0.99999 	5.06628e-17 	1.4642 	-0.00116909 	0
1.04844 	0.99999 	4.9275e-17 	1.46995 	-0.00127126 	0
1.05156 	0.99999 	4.78872e-17 	1.4767 	-0.000794876 	0
1.05469 	0.99999 	4.64995e-17 	1.48489 	0.00046614 	0
1.05781 	0.99999 	4.37239e-17 	1.49314 	0.00204001 	0
1.06094 	0.99999 	4.40709e-17 	1.4988 	0.00293547 	0
1.06406 	0.99999 	4.58056e-17 	1.50358 	0.00316051 	0
1.06719 	0.99999 	4.58056e-17 	1.50777 	0.00343683 	0
1.07031 	0.99999 	4.58056e-17 	1.50965 	0.0034043 	0
1.07344 	0.99999 	4.40709e-17 	1.50921 	0.00207874 	0
1.07656 	0.99999 	4.23361e-17 	1.50999 	-0.000316637 	0
1.07969 	0.99999 	4.303e-17 	1.5137 	-0.00205402 	0
1.08281 	0.99999 	4.37239e-17 	1.5188 	-0.00267654 	0
1.08594 	0.99999 	4.37239e-17 	1.52466 	-0.00289736 	0
1.08906 	0.99999 	4.37239e-17 	1.53239 	-0.00304709 	0
1.09219 	0.99999 	4.37239e-17 	1.54137 	-0.00289542 	0
1.09531 	0.99999 	4.37239e-17 	1.54886 	-0.00210506 	0
1.09844 	0.99999 	4.37239e-17 	1.55458 	-0.000941614 	0
1.10156 	0.99999 	4.51117e-17 	1.55966 	0.000167702 	0
1.10469 	0.99999 	4.64995e-17 	1.56435 	0.00115279 	0
1.10781 	0.99999 	4.78872e-17 	1.56761 	0.0018785 	0
1.11094 	0.99999 	4.82342e-17 	1.56906 	0.00220835 	0
1.11406 	0.99999 	4.71934e-17 	1.57012 	0.00200712 	0
1.11719 	0.99999 	4.71934e-17 	1.57234 	0.00113753 	0
1.12031 	0.99999 	4.71934e-17 	1.57609 	-7.43892e-06 	0
1.12344 	0.99999 	4.54586e-17 	1.58063 	-0.000807004 	0
1.12656 	0.99999 	4.37239e-17 	1.58534 	-0.00126659 	0
1.12969 	0.99999 	4.37239e-17 	1.59051 	-0.00160252 	0
1.13281 	0.99999 	4.37239e-17 	1.59653 	-0.00177947 	0
1.13594 	0.99999 	4.37239e-17 	1.60316 	-0.00190696 	0
1.13906 	0.99999 	4.37239e-17 	1.60979 	-0.00183225 	0
1.14219 	0.99999 	4.37239e-17 	1.61636 	-0.00132587 	0
1.14531 	0.99999 	4.51117e-17 	1.62249 	-0.000334627 	0
1.14844 	0.99999 	4.64995e-17 	1.6277 	0.000608518 	0
1.15156 	0.99999 	4.64995e-17 	1.63201 	0.000922298 	0
1.15469 	0.99999 	4.64995e-17 	1.6361 	0.000941791 	0
1.15781 	0.99999 	4.68464e-17 	1.63969 	0.000960638 	0
1.16094 	0.99999 	4.58056e-17 	1.6429 	0.000670714 	0
1.16406 	0.99999 	4.44178e-17 	1.64623 	-0.000108949 	0
1.16719 	0.99999 	4.44178e-17 	1.65079 	-0.00103341 	0
1.17031 	0.99999 	4.44178e-17 	1.656 	-0.00160092 	0
1.17344 	0.99999 	4.303e-17 	1.66112 	-0.00190716 	0
1.17656 	0.99999 	4.303e-17 	1.66626 	-0.00219847 	0
1.17969 	0.99999 	4.26831e-17 	1.67162 	-0.00244471 	0
1.18281 	0.99999 	3.95606e-17 	1.67693 	-0.00248679 	0
1.18594 	0.99999 	3.78259e-17 	1.68225 	-0.00203406 	0
1.18906 	0.99999 	3.64381e-17 	1.68742 	-0.00121521 	0
1.19219 	0.99999 	3.36625e-17 	1.6923 	-0.000421008 	0
1.19531 	0.99999 	3.19278e-17 	1.69653 	0.000198955 	0
1.19844 	0.99999 	3.50503e-17 	1.69974 	0.000488194 	0
1.20156 	0.99999 	3.81728e-17 	1.70227 	0.000500881 	0
1.20469 	0.99999 	3.81728e-17 	1.7046 	2.11649e-05 	0
1.20781 	0.99999 	3.64381e-17 	1.70706 	-0.000652087 	0
1.21094 	0.99999 	3.43564e-17 	1.71012 	-0.00120517 	0
1.21406 	0.99999 	3.40095e-17 	1.71399 	-0.00155437 	0
1.21719 	0.99999 	3.40095e-17 	1.71855 	-0.00171471 	0
1.22031 	0.99999 	3.57442e-17 	1.72318 	-0.00182364 	0
1.22344 	0.99999 	3.74789e-17 	1.72782 	-0.00197182 	0
1.22656 	0.99999 	3.74789e-17 	1.73284 	-0.00200696 	0
1.22969 	0.99999 	3.74789e-17 	1.73818 	-0.0016925 	0
1.23281 	0.99999 	3.74789e-17 	1.74344 	-0.00108532 	0
1.23594 	0.99999 	3.60911e-17 	1.74848 	-0.000589353 	0
1.23906 	0.99999 	3.47034e-17 	1.75297 	-0.000449686 	0
1.24219 	0.99999 	3.29686e-17 	1.757 	-0.000510704 	0
1.24531 	0.99999 	3.29686e-17 	1.76088 	-0.000735278 	0
1.24844 	0.99999 	3.47034e-17 	1.76426 	-0.00108343 	0
1.25156 	0.99999 	3.47034e-17 	1.76716 	-0.00140011 	0
1.25469 	0.99999 	3.47034e-17 	1.76999 	-0.00156271 	0
1.25781 	0.99999 	3.47034e-17 	1.77325 	-0.00153387 	0
1.26094 	0.99999 	3.47034e-17 	1.77692 	-0.00133347 	0
1.26406 	0.99999 	3.47034e-17 	1.78092 	-0.00099875 	0
1.26719 	0.99999 	3.50503e-17 	1.7851 	-0.000639319 	0
1.27031 	0.99999 	3.53972e-17 	1.78927 	-0.000450539 	0
1.27344 	0.99999 	3.36625e-17 	1.79348 	-0.00048897 	0
1.27656 	0.99999 	3.01931e-17 	1.79799 	-0.000687926 	0
1.27969 	0.99999 	2.98461e-17 	1.80268 	-0.000990005 	0
1.28281 	0.99999 	2.98461e-17 	1.80705 	-0.00146886 	0
1.28594 	0.99999 	2.84583e-17 	1.81093 	-0.00197453 	0
1.28906 	0.99999 	2.84583e-17 	1.81455 	-0.00242074 	0
1.29219 	0.99999 	2.84583e-17 	1.81842 	-0.00286043 	0
1.29531 	0.99999 	2.98461e-17 	1.82311 	-0.00326007 	0
1.29844 	0.99999 	3.12339e-17 	1.82805 	-0.00346217 	0
1.30156 	0.99999 	3.12339e-17 	1.83307 	-0.00288586 	0
1.30469 	0.99999 	3.29686e-17 	1.83808 	-0.00166026 	0
1.30781 	0.99999 	3.29686e-17 	1.84292 	-0.000821432 	0
1.31094 	0.99999 	3.12339e-17 	1.84693 	-5.85801e-05 	0
1.31406 	0.99999 	3.15808e-17 	1.84952 	0.000363886 	0
1.31719 	0.99999 	3.19278e-17 	1.85097 	0.000278939 	0
1.32031 	0.99999 	3.054e-17 	1.85159 	-0.000930515 	0
1.32344 	0.99999 	2.91522e-17 	1.85197 	-0.00275473 	0
1.32656 	0.99999 	2.77645e-17 	1.85406 	-0.00411301 	0
1.32969 	0.99999 	2.63767e-17 	1.85762 	-0.00471026 	0
1.33281 	0.99999 	2.63767e-17 	1.86152 	-0.00499831 	0
1.33594 	0.99999 	2.63767e-17 	1.86699 	-0.00534085 	0
1.33906 	0.99999 	2.63767e-17 	1.87645 	-0.00511539 	0
1.34219 	0.99999 	2.77645e-17 	1.88622 	-0.0029297 	0
1.34531 	0.99999 	2.94992e-17 	1.89293 	-8.84024e-05 	0
1.34844 	0.99999 	2.98461e-17 	1.89689 	0.0013306 	0
1.35156 	0.99999 	2.98461e-17 	1.90078 	0.00209139 	0
1.35469 	0.99999 	2.98461e-17 	1.90238 	0.002516 	0
1.35781 	0.99999 	2.98461e-17 	1.90078 	0.00231906 	0
1.36094 	0.99999 	2.98461e-17 	1.89866 	0.000685189 	0
1.36406 	0.99999 	2.98461e-17 	1.89823 	-0.00171947 	0
1.36719 	0.99999 	2.98461e-17 	1.90016 	-0.00364413 	0
1.37031 	0.99999 	2.98461e-17 	1.90393 	-0.0047502 	0
1.37344 	0.99999 	2.98461e-17 	1.90878 	-0.00514116 	0
1.37656 	0.99999 	2.88053e-17 	1.91449 	-0.0054306 	0
1.37969 	0.99999 	2.77645e-17 	1.92212 	-0.00543292 	0
1.38281 	0.99999 	2.77645e-17 	1.92998 	-0.00415191 	0
1.38594 	0.99999 	2.77645e-17 	1.93635 	-0.00235436 	0
1.38906 	0.99999 	2.77645e-17 	1.94209 	-0.00110446 	0
1.39219 	0.99999 	2.74175e-17 	1.94755 	-0.000267071 	0
1.39531 	0.99999 	2.70706e-17 	1.95182 	0.000495859 	0
1.39844 	0.99999 	2.70706e-17 	1.95403 	0.000791401 	0
1.40156 	0.99999 	2.70706e-17 	1.95448 	0.000403532 	0
1.40469 	0.99999 	2.70706e-17 	1.95391 	-0.00107002 	0
1.40781 	0.99999 	2.70706e-17 	1.95425 	-0.00247709 	0
1.41094 	0.99999 	2.70706e-17 	1.95729 	-0.00310778 	0
1.41406 	0.99999 	2.70706e-17 	1.962 	-0.00326374 	0
1.41719 	0.99999 	2.70706e-17 	1.96669 	-0.00318101 	0
1.42031 	0.99999 	2.70706e-17 	1.97184 	-0.00264776 	0
1.42344 	0.99999 	2.4295e-17 	1.97647 	-0.00231655 	0
1.42656 	0.99999 	2.15195e-17 	1.9804 	-0.0020427 	0
1.42969 	0.99999 	2.15195e-17 	1.98128 	-0.00187201 	0
1.43281 	0.99999 	2.15195e-17 	1.97986 	-0.0022291 	0
1.43594 	0.99999 	2.15195e-17 	1.98147 	-0.00267388 	0
1.43906 	0.99999 	2.15195e-17 	1.98534 	-0.00284709 	0
1.44219 	0.99999 	2.15195e-17 	1.98922 	-0.00307189 	0
1.44531 	0.99999 	2.15195e-17 	1.99455 	-0.00333886 	0
1.44844 	0.99999 	2.15195e-17 	2.00214 	-0.00273627 	0
1.45156 	0.99999 	2.15195e-17 	2.00744 	-0.00173234 	0
1.45469 	0.99999 	2.04786e-17 	2.01108 	-0.00154553 	0
1.45781 	0.99999 	1.94378e-17 	2.01445 	-0.00142579 	0
1.46094 	0.99999 	1.94378e-17 	2.01597 	-0.00151366 	0
1.46406 	0.99999 	1.94378e-17 	2.01547 	-0.00230485 	0
1.46719 	0.99999 	1.94378e-17 	2.01575 	-0.00320444 	0
1.47031 	0.99999 	1.94378e-17 	2.01865 	-0.00369957 	0
1.47344 	0.99999 	1.94378e-17 	2.02227 	-0.00398333 	0
1.47656 	0.99999 	1.94378e-17 	2.02672 	-0.00341076 	0
1.47969 	0.99999 	1.94378e-17 	2.03114 	-0.00204961 	0
1.48281 	0.99999 	1.94378e-17 	2.03592 	-0.00130645 	0
1.48594 	0.99999 	1.94378e-17 	2.04021 	-0.000431392 	0
1.48906 	0.99999 	1.94378e-17 	2.04258 	0.000253949 	0
1.49219 	0.99999 	1.94378e-17 	2.04336 	0.00040794 	0
1.49531 	0.99999 	1.94378e-17 	2.04418 	-0.000284087 	0
1.49844 	0.99999 	1.94378e-17 	2.04505 	-0.00191029 	0
1.50156 	0.99999 	1.66622e-17 	2.04641 	-0.00342194 	0
1.50469 	0.99999 	1.38867e-17 	2.0494 	-0.00441621 	0
1.50781 	0.99999 	1.38867e-17 	2.05397 	-0.00479196 	0
1.51094 	0.99999 	1.38867e-17 	2.05877 	-0.00511745 	0
1.51406 	0.99999 	1.38867e-17 	2.06528 	-0.00511246 	0
1.51719 	0.99999 	1.38867e-17 	2.07221 	-0.00345419 	0
1.52031 	0.99999 	1.38867e-17 	2.07676 	-0.00207378 	0
1.52344 	0.99999 	1.38867e-17 	2.08167 	-0.00129081 	0
1.52656 	0.99999 	1.38867e-17 	2.08522 	-0.00049361 	0
1.52969 	0.99999 	1.38867e-17 	2.08517 	-0.000249811 	0
1.53281 	0.99999 	1.11111e-17 	2.08286 	-0.00109367 	0
1.53594 	0.99999 	8.33555e-18 	2.08215 	-0.00247837 	0
1.53906 	0.99999 	8.33555e-18 	2.08475 	-0.00314726 	0
1.54219 	0.99999 	8.33555e-18 	2.0889 	-0.00335976 	0
1.54531 	0.99999 	8.33555e-18 	2.09299 	-0.0035244 	0
1.54844 	0.99999 	8.33555e-18 	2.09809 	-0.00343067 	0
1.55156 	0.99999 	9.72333e-18 	2.10311 	-0.00266505 	0
1.55469 	0.99999 	9.72333e-18 	2.10685 	-0.00224839 	0
1.55781 	0.99999 	6.94778e-18 	2.11022 	-0.0020161 	0
1.56094 	0.99999 	5.56e-18 	2.11125 	-0.00197015 	0
1.56406 	0.99999 	5.56e-18 	2.11011 	-0.00259908 	0
1.56719 	0.99999 	4.17222e-18 	2.11024 	-0.00380199 	0
1.57031 	0.99999 	4.17222e-18 	2.11247 	-0.00444129 	0
1.57344 	0.99999 	5.56e-18 	2.11529 	-0.00464817 	0
1.57656 	0.99999 	4.17222e-18 	2.11896 	-0.00491311 	0
1.57969 	0.99999 	4.86611e-18 	2.12641 	-0.00491102 	0
1.58281 	0.99999 	6.94778e-18 	2.13289 	-0.00319657 	0
1.58594 	0.99999 	8.33555e-18 	2.13605 	-0.00177236 	0
1.58906 	0.99999 	9.72333e-18 	2.13987 	-0.000601875 	0
1.59219 	0.99999 	9.72333e-18 	2.14277 	0.000238779 	0
1.59531 	0.99999 	1.14581e-17 	2.1428 	0.000334777 	0
1.59844 	0.99999 	1.00703e-17 	2.1418 	-0.000504778 	0
1.60156 	0.99999 	6.94778e-18 	2.14274 	-0.00203593 	0
1.60469 	0.99999 	2.09055e-18 	2.14512 	-0.00334454 	0
1.60781 	0.99999 	-2.76668e-18 	2.1482 	-0.00427583 	0
1.61094 	0.99999 	-6.85008e-19 	2.15213 	-0.00484592 	0
1.61406 	0.99999 	-2.07279e-18 	2.15712 	-0.0050968 	0
1.61719 	0.99999 	-6.93001e-18 	2.16229 	-0.00538159 	0
1.62031 	0.99999 	-1.17872e-17 	2.16818 	-0.0051667 	0
1.62344 	0.99999 	-1.52567e-17 	2.17254 	-0.0039024 	0
1.62656 	0.99999 	-1.52567e-17 	2.17654 	-0.00301845 	0
1.62969 	0.99999 	-1.52567e-17 	2.17984 	-0.0019697 	0
1.63281 	0.99999 	-1.52567e-17 	2.18078 	-0.00103482 	0
1.63594 	0.99999 	-1.38689e-17 	2.18014 	-0.000622138 	0
1.63906 	0.99999 	-1.42159e-17 	2.18042 	-0.000762029 	0
1.64219 	0.99999 	-1.45628e-17 	2.18207 	-0.00147632 	0
1.64531 	0.99999 	-1.3175e-17 	2.18391 	-0.002726 	0
1.64844 	0.99999 	-1.62975e-17 	2.18563 	-0.00392057 	0
1.65156 	0.99999 	-1.62975e-17 	2.18782 	-0.00473913 	0
1.65469 	0.99999 	-1.17872e-17 	2.19088 	-0.00525486 	0
1.65781 	0.99999 	-1.14403e-17 	2.19456 	-0.00557156 	0
1.66094 	0.99999 	-1.10933e-17 	2.19792 	-0.00587632 	0
1.66406 	0.99999 	-9.70557e-18 	2.20186 	-0.00516592 	0
1.66719 	0.99999 	-1.10933e-17 	2.20508 	-0.0036214 	0
1.67031 	0.99999 	-1.38689e-17 	2.20798 	-0.00230999 	0
1.67344 	0.99999 	-1.3175e-17 	2.21083 	-0.00107665 	0
1.67656 	0.99999 	-1.24811e-17 	2.21335 	-0.000356629 	0
1.67969 	0.99999 	-1.59506e-17 	2.21592 	-0.000158361 	0
1.68281 	0.99999 	-1.80322e-17 	2.21849 	-0.000318225 	0
1.68594 	0.99999 	-1.80322e-17 	2.22038 	-0.00115705 	0
1.68906 	0.99999 	-2.08078e-17 	2.22035 	-0.00301816 	0
1.69219 	0.99999 	-2.35834e-17 	2.21889 	-0.00503213 	0
1.69531 	0.99999 	-2.49711e-17 	2.21867 	-0.00629922 	0
1.69844 	0.99999 	-2.49711e-17 	2.22067 	-0.00669614 	0
1.70156 	0.99999 	-2.21956e-17 	2.22368 	-0.00684841 	0
1.70469 	0.99999 	-2.08078e-17 	2.22992 	-0.00619512 	0
1.70781 	0.99999 	-2.08078e-17 	2.23483 	-0.00392738 	0
1.71094 	0.99999 	-1.942e-17 	2.23792 	-0.00273278 	0
1.71406 	0.99999 	-1.80322e-17 	2.24146 	-0.00114425 	0
1.71719 	0.99999 	-1.80322e-17 	2.24327 	0.000109726 	0
1.72031 	0.99999 	-1.80322e-17 	2.24338 	0.000573611 	0
1.72344 	0.99999 	-1.66445e-17 	2.24339 	0.000153237 	0
1.72656 	0.99999 	-1.52567e-17 	2.24343 	-0.0014134 	0
1.72969 	0.99999 	-1.38689e-17 	2.24348 	-0.00320268 	0
1.73281 	0.99999 	-1.10933e-17 	2.24546 	-0.00433879 	0
1.73594 	0.99999 	-1.10933e-17 	2.24955 	-0.00477045 	0
1.73906 	0.99999 	-1.24811e-17 	2.2536 	-0.0050996 	0
1.74219 	0.99999 	-1.10933e-17 	2.25977 	-0.00516511 	0
1.74531 	0.99999 	-8.31779e-18 	2.26693 	-0.00337184 	0
1.74844 	0.99999 	-6.93001e-18 	2.27094 	-0.00173021 	0
1.75156 	0.99999 	-6.93001e-18 	2.27569 	-0.000732976 	0
1.75469 	0.99999 	-8.31779e-18 	2.27958 	0.000188836 	0
1.75781 	0.99999 	-9.70557e-18 	2.27967 	0.000655789 	0
1.76094 	0.99999 	-1.10933e-17 	2.27503 	-0.000362212 	0
1.76406 	0.99999 	-1.24811e-17 	2.26951 	-0.00340243 	0
1.76719 	0.99999 	-1.66445e-17 	2.2681 	-0.00592425 	0
1.77031 	0.99999 	-2.08078e-17 	2.27005 	-0.00701973 	0
1.77344 	0.99999 	-2.08078e-17 	2.27294 	-0.00733501 	0
1.77656 	0.99999 	-2.08078e-17 	2.27634 	-0.00768153 	0
1.77969 	0.99999 	-2.39303e-17 	2.28463 	-0.00801706 	0
1.78281 	0.99999 	-2.67059e-17 	2.29415 	-0.00604456 	0
1.78594 	0.99999 	-2.63589e-17 	2.30077 	-0.00247309 	0
1.78906 	0.99999 	-2.63589e-17 	2.30391 	-0.000335326 	0
1.79219 	0.99999 	-2.63589e-17 	2.30733 	0.000881579 	0
1.79531 	0.99999 	-2.63589e-17 	2.3093 	0.0017959 	0
1.79844 	0.99999 	-2.63589e-17 	2.30683 	0.0017572 	0
1.80156 	0.99999 	-2.63589e-17 	2.30035 	-0.000679137 	0
1.80469 	0.99999 	-2.63589e-17 	2.29501 	-0.00417531 	0
1.80781 	0.99999 	-2.63589e-17 	2.29469 	-0.00614482 	0
1.81094 	0.99999 	-2.49711e-17 	2.29645 	-0.00663034 	0
1.81406 	0.99999 	-2.63589e-17 	2.29923 	-0.00680772 	0
1.81719 	0.99999 	-2.91345e-17 	2.30772 	-0.0067045 	0
1.82031 	0.99999 	-3.05223e-17 	2.31877 	-0.00470886 	0
1.82344 	0.99999 	-3.191e-17 	2.32472 	-0.00220845 	0
1.82656 	0.99999 	-3.32978e-17 	2.32822 	-0.00113748 	0
1.82969 	0.99999 	-3.46856e-17 	2.33227 	0.000170174 	0
1.83281 	0.99999 	-3.46856e-17 	2.33346 	0.000840026 	0
1.83594 	0.99999 	-3.60734e-17 	2.32973 	0.000220949 	0
1.83906 	0.99999 	-3.91959e-17 	2.32375 	-0.0027398 	0
1.84219 	0.99999 	-3.78081e-17 	2.3212 	-0.00560332 	0
1.84531 	0.99999 	-3.74611e-17 	2.32294 	-0.00695662 	0
1.84844 	0.99999 	-4.02367e-17 	2.32634 	-0.00730149 	0
1.85156 	0.99999 	-4.02367e-17 	2.32996 	-0.00749021 	0
1.85469 	0.99999 	-4.16245e-17 	2.33769 	-0.00764217 	0
1.85781 	0.99999 	-4.16245e-17 	2.34992 	-0.00637631 	0
1.86094 	0.99999 	-4.02367e-17 	2.35795 	-0.00280246 	0
1.86406 	0.99999 	-4.16245e-17 	2.36129 	-0.000563568 	0
1.86719 	0.99999 	-4.61348e-17 	2.36605 	0.00138151 	0
1.87031 	0.99999 	-4.92573e-17 	2.36927 	0.00273773 	0
1.87344 	0.99999 	-4.92573e-17 	2.36547 	0.003074 	0
1.87656 	0.99999 	-4.78695e-17 	2.35265 	0.000721161 	0
1.87969 	0.99999 	-4.64817e-17 	2.34094 	-0.00417641 	0
1.88281 	0.99999 	-4.64817e-17 	2.33885 	-0.00748925 	0
1.88594 	0.99999 	-4.78695e-17 	2.3406 	-0.0087117 	0
1.88906 	0.99999 	-4.92573e-17 	2.34259 	-0.00906915 	0
1.89219 	0.99999 	-4.89103e-17 	2.34738 	-0.00947763 	0
1.89531 	0.99999 	-4.85634e-17 	2.36015 	-0.00930035 	0
1.89844 	0.99999 	-4.71756e-17 	2.3769 	-0.00607383 	0
1.90156 	0.99999 	-4.57878e-17 	2.38694 	-0.00138698 	0
1.90469 	0.99999 	-4.57878e-17 	2.3905 	0.000732905 	0
1.90781 	0.99999 	-4.71756e-17 	2.39445 	0.00205777 	0
1.91094 	0.99999 	-4.99512e-17 	2.39578 	0.00308793 	0
1.91406 	0.99999 	-4.99512e-17 	2.38895 	0.00285988 	0
1.91719 	0.99999 	-4.85634e-17 	2.37391 	-0.00112445 	0
1.92031 	0.99999 	-4.71756e-17 	2.36324 	-0.00606377 	0
1.92344 	0.99999 	-4.50939e-17 	2.3622 	-0.00850052 	0
1.92656 	0.99999 	-4.64817e-17 	2.36326 	-0.00914229 	0
1.92969 	0.99999 	-4.71756e-17 	2.36633 	-0.00959106 	0
1.93281 	0.99999 	-4.75225e-17 	2.3762 	-0.00969486 	0
1.93594 	0.99999 	-5.0992e-17 	2.39143 	-0.00754377 	0
1.93906 	0.99999 	-5.58492e-17 	2.40134 	-0.00290942 	0
1.94219 	0.99999 	-5.93187e-17 	2.40422 	-0.000600604 	0
1.94531 	0.99999 	-5.96656e-17 	2.40772 	0.00163145 	0
1.94844 	0.99999 	-5.96656e-17 	2.40801 	0.0034445 	0
1.95156 	0.99999 	-5.96656e-17 	2.4005 	0.00354239 	0
1.95469 	0.99999 	-6.14003e-17 	2.3892 	0.00081028 	0
1.95781 	0.99999 	-6.31351e-17 	2.38433 	-0.00322447 	0
1.96094 	0.99999 	-6.31351e-17 	2.38571 	-0.0059584 	0
1.96406 	0.99999 	-6.14003e-17 	2.38893 	-0.00726037 	0
1.96719 	0.99999 	-5.96656e-17 	2.3923 	-0.00763619 	0
1.97031 	0.99999 	-6.24412e-17 	2.39807 	-0.00791713 	0
1.97344 	0.99999 	-6.52167e-17 	2.412 	-0.00790492 	0
1.97656 	0.99999 	-6.52167e-17 	2.42684 	-0.00587817 	0
1.97969 	0.99999 	-6.38289e-17 	2.43309 	-0.00252265 	0
1.98281 	0.99999 	-6.24412e-17 	2.43604 	-0.000542028 	0
1.98594 	0.99999 	-6.20942e-17 	2.44018 	0.00169237 	0
1.98906 	0.99999 	-6.48698e-17 	2.44115 	0.00298561 	0
1.99219 	0.99999 	-6.79923e-17 	2.43189 	0.00278177 	0
1.99531 	0.99999 	-6.79923e-17 	2.41441 	-0.00112815 	0
1.99844 	0.99999 	-6.79923e-17 	2.40469 	-0.00560093 	0
2.00156 	0.99999 	-6.9727e-17 	2.40484 	-0.00757172 	0
2.00469 	0.99999 	-6.9727e-17 	2.4068 	-0.0081114 	0
2.00781 	0.99999 	-6.93801e-17 	2.40889 	-0.00840044 	0
2.01094 	0.99999 	-7.07678e-17 	2.41547 	-0.00872123 	0
2.01406 	0.99999 	-7.07678e-17 	2.43012 	-0.00832866 	0
2.01719 	0.99999 	-6.93801e-17 	2.44561 	-0.00493948 	0
2.02031 	0.99999 	-6.79923e-17 	2.45262 	-0.00157811 	0
2.02344 	0.99999 	-6.79923e-17 	2.45546 	-0.000580703 	0
2.02656 	0.99999 	-6.79923e-17 	2.4587 	0.000455683 	0
2.02969 	0.99999 	-6.66045e-17 	2.4584 	0.000876535 	0
2.03281 	0.99999 	-6.69514e-17 	2.45071 	-0.000450149 	0
2.03594 	0.99999 	-7.00739e-17 	2.43958 	-0.00414894 	0
2.03906 	0.99999 	-7.14617e-17 	2.43557 	-0.00660873 	0
2.04219 	0.99999 	-7.31964e-17 	2.43636 	-0.00735419 	0
2.04531 	0.99999 	-7.18087e-17 	2.43773 	-0.0075386 	0
2.04844 	0.99999 	-6.86862e-17 	2.44352 	-0.00770425 	0
2.05156 	0.99999 	-6.69514e-17 	2.4572 	-0.00727082 	0
2.05469 	0.99999 	-6.52167e-17 	2.47288 	-0.00410445 	0
2.05781 	0.99999 	-6.52167e-17 	2.47935 	-0.00116522 	0
2.06094 	0.99999 	-6.52167e-17 	2.48232 	0.000277794 	0
2.06406 	0.99999 	-6.52167e-17 	2.48494 	0.00199801 	0
2.06719 	0.99999 	-6.38289e-17 	2.48089 	0.00259621 	0
2.07031 	0.99999 	-6.24412e-17 	2.46674 	0.00069961 	0
2.07344 	0.99999 	-6.24412e-17 	2.45354 	-0.00362107 	0
2.07656 	0.99999 	-6.24412e-17 	2.45162 	-0.00615624 	0
2.07969 	0.99999 	-6.38289e-17 	2.45411 	-0.00700756 	0
2.08281 	0.99999 	-6.66045e-17 	2.45736 	-0.00716145 	0
2.08594 	0.99999 	-6.79923e-17 	2.46238 	-0.0072854 	0
2.08906 	0.99999 	-6.79923e-17 	2.47613 	-0.00706116 	0
2.09219 	0.99999 	-6.79923e-17 	2.49316 	-0.0051869 	0
2.09531 	0.99999 	-6.79923e-17 	2.50064 	-0.0024732 	0
2.09844 	0.99999 	-6.83392e-17 	2.50366 	-0.00106198 	0
2.10156 	0.99999 	-7.04209e-17 	2.50774 	0.000888414 	0
2.10469 	0.99999 	-7.21556e-17 	2.50791 	0.00197864 	0
2.10781 	0.99999 	-7.38903e-17 	2.49581 	0.00133156 	0
2.11094 	0.99999 	-7.56251e-17 	2.47367 	-0.00296099 	0
2.11406 	0.99999 	-7.56251e-17 	2.46352 	-0.00668215 	0
2.11719 	0.99999 	-7.56251e-17 	2.46416 	-0.00816229 	0
2.12031 	0.99999 	-7.56251e-17 	2.46574 	-0.00866358 	0
2.12344 	0.99999 	-7.42373e-17 	2.46773 	-0.00896533 	0
2.12656 	0.99999 	-7.28495e-17 	2.47533 	-0.00924132 	0
2.12969 	0.99999 	-7.11148e-17 	2.49391 	-0.00887649 	0
2.13281 	0.99999 	-6.93801e-17 	2.51683 	-0.00608571 	0
2.13594 	0.99999 	-6.93801e-17 	2.52805 	-0.00179886 	0
2.13906 	0.99999 	-6.93801e-17 	2.53096 	0.000474729 	0
2.14219 	0.99999 	-6.76453e-17 	2.53409 	0.00223035 	0
2.14531 	0.99999 	-6.72984e-17 	2.53532 	0.00379613 	0
2.14844 	0.99999 	-6.86862e-17 	2.52652 	0.00405426 	0
2.15156 	0.99999 	-6.86862e-17 	2.50194 	0.000885158 	0
2.15469 	0.99999 	-6.72984e-17 	2.47954 	-0.00450513 	0
2.15781 	0.99999 	-6.72984e-17 	2.47504 	-0.00753289 	0
2.16094 	0.99999 	-6.86862e-17 	2.47574 	-0.00866933 	0
2.16406 	0.99999 	-6.86862e-17 	2.47665 	-0.00912133 	0
2.16719 	0.99999 	-6.69514e-17 	2.48129 	-0.00946968 	0
2.17031 	0.99999 	-6.52167e-17 	2.49539 	-0.0092344 	0
2.17344 	0.99999 	-6.52167e-17 	2.5193 	-0.00652085 	0
2.17656 	0.99999 	-6.52167e-17 	2.53486 	-0.0023698 	0
2.17969 	0.99999 	-6.52167e-17 	2.53815 	-0.000938777 	0
2.18281 	0.99999 	-6.52167e-17 	2.54198 	0.000500828 	0
2.18594 	0.99999 	-6.52167e-17 	2.54373 	0.00168522 	0
2.18906 	0.99999 	-6.52167e-17 	2.5381 	0.00160816 	0
2.19219 	0.99999 	-6.52167e-17 	2.52449 	-0.00113629 	0
2.19531 	0.99999 	-6.52167e-17 	2.51561 	-0.00439819 	0
2.19844 	0.99999 	-6.52167e-17 	2.51616 	-0.00571647 	0
2.20156 	0.99999 	-6.52167e-17 	2.51914 	-0.00601961 	0
2.20469 	0.99999 	-6.38289e-17 	2.52241 	-0.00606119 	0
2.20781 	0.99999 	-6.38289e-17 	2.5291 	-0.00606507 	0
2.21094 	0.99999 	-6.52167e-17 	2.54297 	-0.00535344 	0
2.21406 	0.99999 	-6.52167e-17 	2.55324 	-0.0033695 	0
2.21719 	0.99999 	-6.52167e-17 	2.55588 	-0.00232228 	0
2.22031 	0.99999 	-6.38289e-17 	2.55927 	-0.000884862 	0
2.22344 	0.99999 	-6.24412e-17 	2.55952 	0.000143647 	0
2.22656 	0.99999 	-6.24412e-17 	2.54966 	-0.000206659 	0
2.22969 	0.99999 	-6.24412e-17 	2.53189 	-0.00279328 	0
2.23281 	0.99999 	-6.24412e-17 	2.5249 	-0.00448042 	0
2.23594 	0.99999 	-6.24412e-17 	2.52626 	-0.00488117 	0
2.23906 	0.99999 	-6.24412e-17 	2.52839 	-0.00502642 	0
2.24219 	0.99999 	-6.07064e-17 	2.5305 	-0.00521726 	0
2.24531 	0.99999 	-5.89717e-17 	2.53521 	-0.00553921 	0
2.24844 	0.99999 	-5.89717e-17 	2.54581 	-0.00582731 	0
2.25156 	0.99999 	-5.75839e-17 	2.55813 	-0.00457739 	0
2.25469 	0.99999 	-5.61962e-17 	2.5644 	-0.00307896 	0
2.25781 	0.99999 	-5.61962e-17 	2.56627 	-0.00273262 	0
2.26094 	0.99999 	-5.48084e-17 	2.56867 	-0.00249719 	0
2.26406 	0.99999 	-5.34206e-17 	2.57015 	-0.00231102 	0
2.26719 	0.99999 	-5.34206e-17 	2.5683 	-0.00237932 	0
2.27031 	0.99999 	-5.34206e-17 	2.56221 	-0.00334741 	0
2.27344 	0.99999 	-5.34206e-17 	2.55772 	-0.00440233 	0
2.27656 	0.99999 	-5.34206e-17 	2.55806 	-0.00485896 	0
2.27969 	0.99999 	-5.51553e-17 	2.55958 	-0.00496589 	0
2.28281 	0.99999 	-5.689e-17 	2.56125 	-0.00504828 	0
2.28594 	0.99999 	-5.689e-17 	2.56678 	-0.00507873 	0
2.28906 	0.99999 	-5.689e-17 	2.57805 	-0.00449474 	0
2.29219 	0.99999 	-5.689e-17 	2.58814 	-0.00242621 	0
2.29531 	0.99999 	-5.689e-17 	2.59106 	-0.0011483 	0
2.29844 	0.99999 	-5.689e-17 	2.59469 	0.000111282 	0
2.30156 	0.99999 	-5.689e-17 	2.59707 	0.00116847 	0
2.30469 	0.99999 	-5.689e-17 	2.59265 	0.00109979 	0
2.30781 	0.99999 	-5.689e-17 	2.57727 	-0.00145141 	0
2.31094 	0.99999 	-5.689e-17 	2.56269 	-0.00481427 	0
2.31406 	0.99999 	-5.689e-17 	2.56091 	-0.00584853 	0
2.31719 	0.99999 	-5.689e-17 	2.56325 	-0.00594281 	0
2.32031 	0.99999 	-5.689e-17 	2.56643 	-0.00595513 	0
2.32344 	0.99999 	-5.689e-17 	2.57081 	-0.00602544 	0
2.32656 	0.99999 	-5.51553e-17 	2.58141 	-0.00587021 	0
2.32969 	0.99999 	-5.20328e-17 	2.59404 	-0.00534976 	0
2.33281 	0.99999 	-5.0645e-17 	2.59978 	-0.00441108 	0
2.33594 	0.99999 	-4.89103e-17 	2.60172 	-0.00344699 	0
2.33906 	0.99999 	-4.71756e-17 	2.60446 	-0.00229622 	0
2.34219 	0.99999 	-4.40531e-17 	2.60669 	-0.00134663 	0
2.34531 	0.99999 	-4.40531e-17 	2.60541 	-0.000836379 	0
2.34844 	0.99999 	-4.75225e-17 	2.59869 	-0.0013876 	0
2.35156 	0.99999 	-5.0992e-17 	2.59227 	-0.00296706 	0
2.35469 	0.99999 	-5.55023e-17 	2.59128 	-0.00375529 	0
2.35781 	0.99999 	-5.55023e-17 	2.59276 	-0.00391106 	0
2.36094 	0.99999 	-5.41145e-17 	2.59468 	-0.00392766 	0
2.36406 	0.99999 	-5.41145e-17 	2.59662 	-0.00376553 	0
2.36719 	0.99999 	-5.27267e-17 	2.59863 	-0.00347222 	0
2.37031 	0.99999 	-5.13389e-17 	2.6007 	-0.00342038 	0
2.37344 	0.99999 	-5.13389e-17 	2.60197 	-0.0035076 	0
2.37656 	0.99999 	-5.0992e-17 	2.60098 	-0.00376579 	0
2.37969 	0.99999 	-5.23798e-17 	2.5982 	-0.0041776 	0
2.38281 	0.99999 	-5.27267e-17 	2.59658 	-0.00456437 	0
2.38594 	0.99999 	-5.13389e-17 	2.59697 	-0.00471997 	0
2.38906 	0.99999 	-5.13389e-17 	2.5983 	-0.00475974 	0
2.39219 	0.99999 	-4.99512e-17 	2.59975 	-0.00481662 	0
2.39531 	0.99999 	-4.85634e-17 	2.60385 	-0.00484438 	0
2.39844 	0.99999 	-4.85634e-17 	2.61273 	-0.00453714 	0
2.40156 	0.99999 	-4.85634e-17 	2.62143 	-0.00296511 	0
2.40469 	0.99999 	-5.02981e-17 	2.62418 	-0.00212679 	0
2.40781 	0.99999 	-5.37675e-17 	2.62685 	-0.00166417 	0
2.41094 	0.99999 	-5.41145e-17 	2.62921 	-0.00159695 	0
2.41406 	0.99999 	-5.41145e-17 	2.62713 	-0.00222953 	0
2.41719 	0.99999 	-5.7237e-17 	2.62072 	-0.00220667 	0
2.42031 	0.99999 	-5.89717e-17 	2.6159 	0.00154036 	0
2.42344 	0.99999 	-5.7237e-17 	2.58731 	0.023436 	0
2.42656 	0.99999 	-5.689e-17 	2.4685 	0.105798 	0
2.42969 	0.99999 	-5.82778e-17 	2.28558 	0.198633 	0
2.43281 	0.99999 	-5.82778e-17 	2.11646 	0.256929 	0
2.43594 	0.99999 	-6.00126e-17 	2.00114 	0.243547 	0
2.43906 	0.99999 	-6.31351e-17 	1.89974 	0.207292 	0
2.44219 	0.99999 	-6.45228e-17 	1.795 	0.112619 	0
2.44531 	0.99999 	-6.48698e-17 	1.78199 	0.0491616 	0
2.44844 	0.99999 	-6.52167e-17 	1.79071 	0.0104686 	0
2.45156 	0.99999 	-6.52167e-17 	1.8193 	-0.00184146 	0
2.45469 	0.99999 	-6.52167e-17 	1.81417 	-0.000120247 	0
2.45781 	0.99999 	-6.38289e-17 	1.80561 	0.000810883 	0
2.46094 	0.99999 	-6.24412e-17 	1.80649 	-0.000835951 	0
2.46406 	0.99999 	-6.24412e-17 	1.80832 	-0.00120779 	0
2.46719 	0.99999 	-6.24412e-17 	1.80979 	-0.000820752 	0
2.47031 	0.99999 	-6.24412e-17 	1.81071 	-0.000107561 	0
2.47344 	0.99999 	-6.24412e-17 	1.81232 	-0.000737664 	0
2.47656 	0.99999 	-6.38289e-17 	1.81627 	-0.00197775 	0
2.47969 	0.99999 	-6.52167e-17 	1.81977 	-0.00193751 	0
2.48281 	0.99999 	-6.52167e-17 	1.82312 	-0.000960179 	0
2.48594 	0.99999 	-6.52167e-17 	1.82639 	-0.000174911 	0
2.48906 	0.99999 	-6.52167e-17 	1.82818 	-4.63962e-05 	0
2.49219 	0.99999 	-6.83392e-17 	1.82935 	-0.000545222 	0
2.49531 	0.99999 	-6.9727e-17 	1.82903 	-0.00205282 	0
2.49844 	0.99999 	-6.66045e-17 	1.82824 	-0.00341125 	0
2.50156 	0.99999 	-6.52167e-17 	1.82926 	-0.00385933 	0
2.50469 	0.99999 	-6.66045e-17 	1.83181 	-0.00423792 	0
2.50781 	0.99999 	-6.79923e-17 	1.83802 	-0.00398425 	0
2.51094 	0.99999 	-6.62576e-17 	1.84534 	-0.00218686 	0
2.51406 	0.99999 	-6.76453e-17 	1.84923 	0.000197899 	0
2.51719 	0.99999 	-7.07678e-17 	1.85263 	0.00172453 	0
2.52031 	0.99999 	-7.21556e-17 	1.85499 	0.00295021 	0
2.52344 	0.99999 	-7.21556e-17 	1.85283 	0.00349162 	0
2.52656 	0.99999 	-7.07678e-17 	1.84451 	0.00317411 	0
2.52969 	0.99999 	-6.93801e-17 	1.83744 	0.00171818 	0
2.53281 	0.99999 	-6.79923e-17 	1.83793 	0.000843148 	0
2.53594 	0.99999 	-6.62576e-17 	1.83984 	0.00052018 	0
2.53906 	0.99999 	-6.31351e-17 	1.84156 	-6.70265e-05 	0
2.54219 	0.99999 	-6.17473e-17 	1.84371 	-0.000566544 	0
2.54531 	0.99999 	-6.3482e-17 	1.84734 	-0.000678694 	0
2.54844 	0.99999 	-6.38289e-17 	1.85235 	-0.000441463 	0
2.55156 	0.99999 	-6.24412e-17 	1.85631 	-0.000101353 	0
2.55469 	0.99999 	-6.24412e-17 	1.85739 	1.36311e-05 	0
2.55781 	0.99999 	-6.24412e-17 	1.85806 	-5.1613e-05 	0
2.56094 	0.99999 	-6.24412e-17 	1.85752 	-0.000756644 	0
2.56406 	0.99999 	-6.24412e-17 	1.85412 	-0.00253272 	0
2.56719 	0.99999 	-6.24412e-17 	1.84924 	-0.00453792 	0
2.57031 	0.99999 	-6.38289e-17 	1.84746 	-0.00568017 	0
2.57344 	0.99999 	-6.52167e-17 	1.8478 	-0.00601755 	0
2.57656 	0.99999 	-6.69514e-17 	1.84985 	-0.00637815 	0
2.57969 	0.99999 	-6.86862e-17 	1.85539 	-0.00619165 	0
2.58281 	0.99999 	-7.00739e-17 	1.86469 	-0.00448142 	0
2.58594 	0.99999 	-7.14617e-17 	1.87251 	-0.00138793 	0
2.58906 	0.99999 	-7.00739e-17 	1.87571 	0.000476096 	0
2.59219 	0.99999 	-7.18087e-17 	1.87792 	0.00117086 	0
2.59531 	0.99999 	-7.35434e-17 	1.87987 	0.00205991 	0
2.59844 	0.99999 	-7.07678e-17 	1.88022 	0.0027269 	0
2.60156 	0.99999 	-6.93801e-17 	1.87807 	0.00300054 	0
2.60469 	0.99999 	-6.93801e-17 	1.87379 	0.00215415 	0
2.60781 	0.99999 	-6.93801e-17 	1.87026 	-5.00921e-05 	0
2.61094 	0.99999 	-6.93801e-17 	1.87112 	-0.0011888 	0
2.61406 	0.99999 	-6.93801e-17 	1.87336 	-0.00139786 	0
2.61719 	0.99999 	-6.93801e-17 	1.87581 	-0.00141584 	0
2.62031 	0.99999 	-6.93801e-17 	1.87882 	-0.0011386 	0
2.62344 	0.99999 	-6.76453e-17 	1.88121 	-0.000745214 	0
2.62656 	0.99999 	-6.90331e-17 	1.88283 	-0.000517016 	0
2.62969 	0.99999 	-7.21556e-17 	1.88386 	-0.000442176 	0
2.63281 	0.99999 	-7.21556e-17 	1.88464 	-0.000550509 	0
2.63594 	0.99999 	-7.38903e-17 	1.8854 	-0.000829992 	0
2.63906 	0.99999 	-7.56251e-17 	1.88628 	-0.00119377 	0
2.64219 	0.99999 	-7.38903e-17 	1.88754 	-0.00160634 	0
2.64531 	0.99999 	-7.07678e-17 	1.88921 	-0.00207611 	0
2.64844 	0.99999 	-6.93801e-17 	1.89102 	-0.00256163 	0
2.65156 	0.99999 	-6.93801e-17 	1.89294 	-0.00291898 	0
2.65469 	0.99999 	-6.93801e-17 	1.89547 	-0.00322505 	0
2.65781 	0.99999 	-6.93801e-17 	1.89861 	-0.00352362 	0
2.66094 	0.99999 	-6.93801e-17 	1.90205 	-0.00339491 	0
2.66406 	0.99999 	-6.93801e-17 	1.90587 	-0.00269437 	0
2.66719 	0.99999 	-6.93801e-17 	1.90942 	-0.00127666 	0
2.67031 	0.99999 	-6.93801e-17 	1.91239 	0.000676257 	0
2.67344 	0.99999 	-6.93801e-17 	1.91467 	0.00229904 	0
2.67656 	0.99999 	-6.93801e-17 	1.91722 	0.00344597 	0
2.67969 	0.99999 	-6.93801e-17 	1.91931 	0.00436962 	0
2.68281 	0.99999 	-6.93801e-17 	1.91933 	0.0050193 	0
2.68594 	0.99999 	-6.93801e-17 	1.91624 	0.00534788 	0
2.68906 	0.99999 	-6.93801e-17 	1.91082 	0.00484391 	0
2.69219 	0.99999 	-6.93801e-17 	1.90545 	0.00237906 	0
2.69531 	0.99999 	-6.93801e-17 	1.90222 	-0.000863544 	0
2.69844 	0.99999 	-6.93801e-17 	1.90137 	-0.00272665 	0
2.70156 	0.99999 	-6.93801e-17 	1.90139 	-0.00343317 	0
2.70469 	0.99999 	-6.93801e-17 	1.90265 	-0.00395744 	0
2.70781 	0.99999 	-6.93801e-17 	1.90641 	-0.00412925 	0
2.71094 	0.99999 	-6.93801e-17 	1.91108 	-0.00365842 	0
2.71406 	0.99999 	-6.93801e-17 	1.91368 	-0.0022929 	0
2.71719 	0.99999 	-6.93801e-17 	1.91375 	-0.000992295 	0
2.72031 	0.99999 	-6.79923e-17 	1.91214 	-0.000576012 	0
2.72344 	0.99999 	-6.62576e-17 	1.91042 	-0.000498862 	0
2.72656 	0.99999 	-6.59106e-17 	1.90816 	-0.000656291 	0
2.72969 	0.99999 	-6.41759e-17 	1.90608 	-0.00110015 	0
2.73281 	0.99999 	-6.24412e-17 	1.90486 	-0.00154854 	0
2.73594 	0.99999 	-6.20942e-17 	1.90405 	-0.00172992 	0
2.73906 	0.99999 	-6.00126e-17 	1.90382 	-0.0015561 	0
2.74219 	0.99999 	-5.82778e-17 	1.90502 	-0.000544034 	0
2.74531 	0.99999 	-5.82778e-17 	1.90673 	0.00113997 	0
2.74844 	0.99999 	-5.65431e-17 	1.90759 	0.00235067 	0
2.75156 	0.99999 	-5.48084e-17 	1.90832 	0.00316271 	0
2.75469 	0.99999 	-5.61962e-17 	1.90866 	0.00399293 	0
2.75781 	0.99999 	-5.93187e-17 	1.9078 	0.00461785 	0
2.76094 	0.99999 	-6.10534e-17 	1.90581 	0.00503637 	0
2.76406 	0.99999 	-6.10534e-17 	1.90325 	0.00468069 	0
2.76719 	0.99999 	-6.10534e-17 	1.90061 	0.00271698 	0
2.77031 	0.99999 	-6.27881e-17 	1.899 	-0.000412323 	0
2.77344 	0.99999 	-6.59106e-17 	1.89909 	-0.0031471 	0
2.77656 	0.99999 	-6.86862e-17 	1.90005 	-0.00458784 	0
2.77969 	0.99999 	-7.00739e-17 	1.90165 	-0.00554363 	0
2.78281 	0.99999 	-7.18087e-17 	1.90526 	-0.00625688 	0
2.78594 	0.99999 	-7.49312e-17 	1.91069 	-0.00631614 	0
2.78906 	0.99999 	-7.6319e-17 	1.91639 	-0.00511479 	0
2.79219 	0.99999 	-7.6319e-17 	1.9204 	-0.00262485 	0
2.79531 	0.99999 	-7.6319e-17 	1.92272 	0.000633141 	0
2.79844 	0.99999 	-7.77067e-17 	1.92314 	0.00295791 	0
2.80156 	0.99999 	-7.90945e-17 	1.92246 	0.00440772 	0
2.80469 	0.99999 	-7.90945e-17 	1.9195 	0.00540417 	0
2.80781 	0.99999 	-7.90945e-17 	1.91483 	0.0056301 	0
2.81094 	0.99999 	-8.04823e-17 	1.91156 	0.00535603 	0
2.81406 	0.99999 	-8.01353e-17 	1.91136 	0.004539 	0
2.81719 	0.99999 	-7.84006e-17 	1.91328 	0.00315822 	0
2.82031 	0.99999 	-7.84006e-17 	1.91585 	0.0014613 	0
2.82344 	0.99999 	-7.84006e-17 	1.91857 	-0.000450108 	0
2.82656 	0.99999 	-7.97884e-17 	1.92305 	-0.00234728 	0
2.82969 	0.99999 	-8.11762e-17 	1.92615 	-0.0037185 	0
2.83281 	0.99999 	-7.94415e-17 	1.9273 	-0.00407818 	0
2.83594 	0.99999 	-7.77067e-17 	1.92821 	-0.00432646 	0
2.83906 	0.99999 	-7.77067e-17 	1.92904 	-0.00456084 	0
2.84219 	0.99999 	-7.90945e-17 	1.93008 	-0.00467003 	0
2.84531 	0.99999 	-8.04823e-17 	1.9312 	-0.00414915 	0
2.84844 	0.99999 	-8.04823e-17 	1.93163 	-0.00316196 	0
2.85156 	0.99999 	-8.04823e-17 	1.9323 	-0.00201923 	0
2.85469 	0.99999 	-8.04823e-17 	1.9341 	-0.00165845 	0
2.85781 	0.99999 	-8.04823e-17 	1.93598 	-0.00127863 	0
2.86094 	0.99999 	-8.04823e-17 	1.93766 	-0.00140199 	0
2.86406 	0.99999 	-7.73598e-17 	1.93933 	-0.0017491 	0
2.86719 	0.99999 	-7.42373e-17 	1.94182 	-0.00196814 	0
2.87031 	0.99999 	-7.42373e-17 	1.94568 	-0.00196059 	0
2.87344 	0.99999 	-7.25026e-17 	1.95102 	-0.000951819 	0
2.87656 	0.99999 	-7.07678e-17 	1.95804 	0.00113476 	0
2.87969 	0.99999 	-7.07678e-17 	1.965 	0.00325655 	0
2.88281 	0.99999 	-7.07678e-17 	1.96852 	0.00437874 	0
2.88594 	0.99999 	-7.07678e-17 	1.97035 	0.00479846 	0
2.88906 	0.99999 	-7.07678e-17 	1.97241 	0.0054831 	0
2.89219 	0.99999 	-7.07678e-17 	1.97322 	0.00613463 	0
2.89531 	0.99999 	-7.07678e-17 	1.97072 	0.00605983 	0
2.89844 	0.99999 	-7.07678e-17 	1.96228 	0.00366017 	0
2.90156 	0.99999 	-7.07678e-17 	1.94851 	-0.00134887 	0
2.90469 	0.99999 	-7.07678e-17 	1.93716 	-0.00616907 	0
2.90781 	0.99999 	-7.07678e-17 	1.93282 	-0.00854195 	0
2.91094 	0.99999 	-7.25026e-17 	1.93191 	-0.00948428 	0
2.91406 	0.99999 	-7.5972e-17 	1.93235 	-0.009989 	0
2.91719 	0.99999 	-7.94415e-17 	1.93533 	-0.010713 	0
2.92031 	0.99999 	-8.11762e-17 	1.94321 	-0.0110285 	0
2.92344 	0.99999 	-7.97884e-17 	1.95445 	-0.00960843 	0
2.92656 	0.99999 	-7.97884e-17 	1.96537 	-0.00565486 	0
2.92969 	0.99999 	-8.08292e-17 	1.97492 	-9.50682e-05 	0
2.93281 	0.99999 	-8.08292e-17 	1.98168 	0.00514634 	0
2.93594 	0.99999 	-8.11762e-17 	1.98507 	0.0085134 	0
2.93906 	0.99999 	-8.29109e-17 	1.98822 	0.0104393 	0
2.94219 	0.99999 	-8.46456e-17 	1.98965 	0.0118998 	0
2.94531 	0.99999 	-8.60334e-17 	1.98435 	0.0129874 	0
2.94844 	0.99999 	-8.74212e-17 	1.97162 	0.0121926 	0
2.95156 	0.99999 	-8.74212e-17 	1.95799 	0.00784081 	0
2.95469 	0.99999 	-8.74212e-17 	1.94947 	0.00100129 	0
2.95781 	0.99999 	-8.70742e-17 	1.94561 	-0.00517205 	0
2.96094 	0.99999 	-8.67273e-17 	1.94504 	-0.00897771 	0
2.96406 	0.99999 	-8.67273e-17 	1.94578 	-0.0111102 	0
2.96719 	0.99999 	-8.36048e-17 	1.94842 	-0.0130389 	0
2.97031 	0.99999 	-8.04823e-17 	1.95572 	-0.014255 	0
2.97344 	0.99999 	-8.04823e-17 	1.9686 	-0.0146116 	0
2.97656 	0.99999 	-7.87476e-17 	1.98321 	-0.0127851 	0
2.97969 	0.99999 	-7.70128e-17 	1.99393 	-0.00762594 	0
2.98281 	0.99999 	-7.56251e-17 	2.00094 	-0.000873243 	0
2.98594 	0.99999 	-7.42373e-17 	2.00487 	0.00442337 	0
2.98906 	0.99999 	-7.42373e-17 	2.00727 	0.00675553 	0
2.99219 	0.99999 	-7.42373e-17 	2.00893 	0.00825065 	0
2.99531 	0.99999 	-7.42373e-17 	2.00797 	0.0102615 	0
2.99844 	0.99999 	-7.45887e-17 	2.0057 	0.00812005 	0
