/*--------------------------------*- C++ -*----------------------------------*\
  =========                 |
  \\      /  F ield         | OpenFOAM: The Open Source CFD Toolbox
   \\    /   O peration     | Website:  https://openfoam.org
    \\  /    A nd           | Version:  7
     \\/     M anipulation  |
\*---------------------------------------------------------------------------*/
FoamFile
{
    version     2.0;
    format      ascii;
    class       volVectorField;
    location    "2.7";
    object      U;
}
// * * * * * * * * * * * * * * * * * * * * * * * * * * * * * * * * * * * * * //

dimensions      [0 1 -1 0 0 0 0];

internalField   nonuniform List<vector> 
4032
(
(3 -5.64018e-18 0)
(3 -2.38465e-17 0)
(3 -1.66242e-16 0)
(3 8.02718e-17 0)
(3 1.90638e-16 0)
(3 1.28589e-16 0)
(3 -5.82199e-17 0)
(3 -2.08124e-16 0)
(3 -9.09961e-17 0)
(3 -1.23619e-17 0)
(3 -1.36174e-16 0)
(3 -6.07785e-16 0)
(1.10281 0.0159862 0)
(0.716644 0.0157996 0)
(0.666522 0.0213939 0)
(0.61094 0.023868 0)
(0.553317 0.0256929 0)
(0.493445 0.0274572 0)
(0.430839 0.0293796 0)
(0.364871 0.0316347 0)
(0.29482 0.0342943 0)
(0.218668 0.0379404 0)
(0.135872 0.0405535 0)
(0.0501912 0.0452473 0)
(3 3.99496e-17 0)
(3 -5.07295e-16 0)
(3 -4.61625e-16 0)
(3 1.03225e-16 0)
(3 1.18968e-16 0)
(3 1.4007e-16 0)
(3 1.41535e-17 0)
(3 -1.59354e-16 0)
(3 -2.56588e-16 0)
(3 -6.63679e-17 0)
(3 -1.73326e-16 0)
(3 -1.01416e-15 0)
(1.12582 0.0720589 0)
(0.711406 0.0614024 0)
(0.655569 0.067523 0)
(0.59876 0.0734939 0)
(0.540099 0.0780329 0)
(0.47997 0.0831786 0)
(0.417666 0.0891892 0)
(0.352605 0.0965895 0)
(0.284049 0.105188 0)
(0.210309 0.116909 0)
(0.129954 0.12541 0)
(0.048099 0.138965 0)
(3 -1.66082e-16 0)
(3 -5.87806e-16 0)
(3 -3.55262e-16 0)
(3 -7.05688e-17 0)
(3 2.56954e-16 0)
(3 -2.50869e-17 0)
(3 -4.73939e-17 0)
(3 1.72011e-16 0)
(3 -1.60775e-17 0)
(3 -2.89594e-16 0)
(3 3.60353e-17 0)
(3 -2.93093e-16 0)
(1.19652 0.126033 0)
(0.722541 0.106882 0)
(0.661701 0.116002 0)
(0.603231 0.125286 0)
(0.542768 0.132422 0)
(0.481439 0.140448 0)
(0.418182 0.149722 0)
(0.352398 0.161311 0)
(0.283126 0.174564 0)
(0.209543 0.193338 0)
(0.12845 0.206965 0)
(0.0481119 0.228139 0)
(3 1.94581e-17 0)
(3 5.56317e-16 0)
(3 2.87725e-16 0)
(3 1.7406e-16 0)
(3 5.17561e-17 0)
(3 -2.29805e-16 0)
(3 -7.98613e-16 0)
(3 -9.5026e-16 0)
(3 -7.02887e-16 0)
(3 -3.29612e-16 0)
(3 -1.12652e-16 0)
(3 5.9841e-16 0)
(1.31045 0.177976 0)
(0.737141 0.154946 0)
(0.669272 0.165828 0)
(0.610877 0.177936 0)
(0.550109 0.187568 0)
(0.488711 0.198878 0)
(0.4247 0.212187 0)
(0.357399 0.229103 0)
(0.285805 0.247376 0)
(0.211384 0.27327 0)
(0.128432 0.292338 0)
(0.046782 0.31864 0)
(3 1.24874e-16 0)
(3 -1.79292e-16 0)
(3 -5.60684e-16 0)
(3 -4.77928e-16 0)
(3 -6.01684e-16 0)
(3 -8.24724e-16 0)
(3 -1.38097e-15 0)
(3 -1.64551e-15 0)
(3 -5.93703e-16 0)
(3 -1.09206e-16 0)
(3 3.16745e-17 0)
(3 5.96947e-18 0)
(1.48084 0.228858 0)
(0.757588 0.207526 0)
(0.677496 0.216744 0)
(0.621149 0.230074 0)
(0.563249 0.241656 0)
(0.505713 0.256236 0)
(0.445498 0.273965 0)
(0.381879 0.297057 0)
(0.311942 0.320692 0)
(0.238007 0.354024 0)
(0.14894 0.382385 0)
(0.0565645 0.416582 0)
(3 -7.47166e-17 0)
(3 -3.22515e-16 0)
(3 -5.31889e-16 0)
(3 -4.77727e-16 0)
(3 -3.6751e-16 0)
(3 -6.18437e-16 0)
(3 -4.45422e-16 0)
(3 -3.54866e-16 0)
(3 2.20037e-16 0)
(3 3.76445e-16 0)
(3 1.0172e-15 0)
(3 -9.9955e-16 0)
(1.72648 0.27603 0)
(0.78786 0.267856 0)
(0.683988 0.268898 0)
(0.626506 0.280621 0)
(0.569805 0.293692 0)
(0.515875 0.311407 0)
(0.460453 0.333657 0)
(0.402354 0.364544 0)
(0.333379 0.398521 0)
(0.255252 0.445844 0)
(0.161496 0.492797 0)
(0.0549716 0.535751 0)
(3 -1.02246e-16 0)
(3 3.94769e-17 0)
(3 -9.10655e-17 0)
(3 8.89736e-17 0)
(3 1.63336e-17 0)
(3 -3.65676e-17 0)
(3 2.9386e-16 0)
(3 3.95294e-16 0)
(3 3.31376e-16 0)
(3 6.40234e-16 0)
(3 1.73042e-15 0)
(3 3.8833e-16 0)
(2.06636 0.319386 0)
(0.831206 0.345272 0)
(0.696067 0.329729 0)
(0.643937 0.338673 0)
(0.590786 0.349685 0)
(0.540031 0.367475 0)
(0.487926 0.391946 0)
(0.436624 0.429817 0)
(0.376125 0.476912 0)
(0.31159 0.536767 0)
(0.225749 0.602571 0)
(0.0986689 0.675107 0)
(3 2.69362e-17 0)
(3 9.19464e-17 0)
(3 1.91214e-16 0)
(3 1.63176e-16 0)
(3 9.85307e-17 0)
(3 -4.093e-16 0)
(3 -4.21541e-16 0)
(3 4.5312e-16 0)
(3 6.5459e-16 0)
(3 5.74847e-16 0)
(3 5.03339e-16 0)
(3 -1.0555e-16 0)
(2.55968 0.302277 0)
(0.943277 0.430477 0)
(0.767349 0.368323 0)
(0.718254 0.380282 0)
(0.659982 0.397466 0)
(0.603967 0.420093 0)
(0.548678 0.448541 0)
(0.495798 0.490581 0)
(0.444363 0.545663 0)
(0.382413 0.630447 0)
(0.270077 0.760947 0)
(0.148967 0.934346 0)
(3 -7.20652e-17 0)
(3 1.78381e-16 0)
(3 4.56392e-16 0)
(3 1.8681e-16 0)
(3 9.83951e-17 0)
(3 2.28793e-16 0)
(3 4.10299e-16 0)
(3 6.00477e-16 0)
(3 6.30944e-16 0)
(3 3.41073e-16 0)
(3 -4.41229e-17 0)
(3 -1.32221e-16 0)
(3.03361 0.0786415 0)
(1.14457 0.443157 0)
(0.849001 0.405306 0)
(0.80507 0.429515 0)
(0.748485 0.45029 0)
(0.691937 0.474213 0)
(0.635153 0.504077 0)
(0.580657 0.547516 0)
(0.531989 0.615375 0)
(0.490249 0.737794 0)
(0.459772 0.920062 0)
(0.576255 1.20886 0)
(3 -1.74527e-16 0)
(3 -8.04246e-16 0)
(3 -5.6083e-16 0)
(3 -2.49444e-16 0)
(3 5.49059e-16 0)
(3 9.21491e-16 0)
(3 1.28468e-15 0)
(3 8.69838e-16 0)
(3 5.93112e-16 0)
(3 8.06544e-16 0)
(3 1.15291e-15 0)
(3 9.60191e-16 0)
(3.01805 0.00213865 0)
(1.32606 0.429666 0)
(0.864089 0.465842 0)
(0.811608 0.492218 0)
(0.766144 0.513975 0)
(0.726814 0.541126 0)
(0.691006 0.574322 0)
(0.653718 0.617586 0)
(0.628911 0.688943 0)
(0.621661 0.812676 0)
(0.681829 0.96004 0)
(0.965737 1.13437 0)
(3 -1.35885e-16 0)
(3 -1.64272e-16 0)
(3 -1.8547e-16 0)
(3 -3.83214e-16 0)
(3 -3.63127e-16 0)
(3 -6.0937e-16 0)
(3 -6.11897e-16 0)
(3 -4.5371e-16 0)
(3 1.06898e-16 0)
(3 6.49419e-16 0)
(3 9.45914e-16 0)
(3 5.41022e-16 0)
(3.00024 -6.016e-06 0)
(1.70419 0.470581 0)
(0.874824 0.515569 0)
(0.815997 0.533107 0)
(0.788573 0.555165 0)
(0.766301 0.580481 0)
(0.74918 0.61566 0)
(0.732477 0.660138 0)
(0.733391 0.730052 0)
(0.756002 0.838372 0)
(0.873421 0.96072 0)
(1.17922 1.06871 0)
(3 -1.03276e-16 0)
(3 6.96775e-16 0)
(3 4.96354e-16 0)
(3 2.91545e-16 0)
(3 -4.28077e-16 0)
(3 -7.48589e-16 0)
(3 -7.88273e-16 0)
(3 -2.75897e-16 0)
(3 1.02265e-16 0)
(3 -5.5533e-16 0)
(3 -3.821e-16 0)
(3 4.58728e-17 0)
(3.00001 -4.72314e-06 0)
(2.40744 0.434038 0)
(0.989509 0.602717 0)
(0.865322 0.553605 0)
(0.846177 0.577497 0)
(0.824769 0.606855 0)
(0.815101 0.646347 0)
(0.812632 0.6936 0)
(0.829413 0.758857 0)
(0.877448 0.844438 0)
(1.01482 0.939505 0)
(1.27477 0.999862 0)
(3 9.95036e-17 0)
(3 1.30799e-17 0)
(3 -1.88236e-16 0)
(3 3.92547e-16 0)
(3 3.56002e-16 0)
(3 1.1135e-16 0)
(3 1.32054e-16 0)
(3 -4.39165e-16 0)
(3 -8.92919e-16 0)
(3 -1.02933e-15 0)
(3 -1.46313e-15 0)
(3 -9.55932e-16 0)
(3 -1.00567e-06 0)
(3.08577 0.0851475 0)
(1.27974 0.602662 0)
(0.961555 0.57887 0)
(0.934917 0.611886 0)
(0.905918 0.63879 0)
(0.890145 0.674108 0)
(0.891779 0.718435 0)
(0.914432 0.77598 0)
(0.979994 0.84667 0)
(1.11719 0.915699 0)
(1.33065 0.954389 0)
(3 9.63565e-18 0)
(3 -5.09066e-16 0)
(3 -1.01466e-15 0)
(3 -5.93261e-16 0)
(3 9.73926e-17 0)
(3 2.59285e-16 0)
(3 2.75884e-16 0)
(3 -6.07353e-16 0)
(3 -7.24976e-16 0)
(3 -7.50231e-16 0)
(3 -8.8474e-16 0)
(3 -1.03921e-15 0)
(3 -9.49456e-08 0)
(3.01734 0.000473374 0)
(1.57407 0.579696 0)
(0.988008 0.662295 0)
(0.950699 0.668122 0)
(0.936963 0.686481 0)
(0.93721 0.712686 0)
(0.952103 0.746403 0)
(0.98617 0.787457 0)
(1.05872 0.838019 0)
(1.18228 0.884479 0)
(1.35195 0.906464 0)
(3 3.94585e-17 0)
(3 9.04872e-17 0)
(3 -3.42948e-16 0)
(3 -1.57161e-16 0)
(3 2.49567e-16 0)
(3 7.15344e-16 0)
(3 7.68141e-16 0)
(3 5.66083e-16 0)
(3 2.53591e-16 0)
(3 -1.71977e-16 0)
(3 -7.73414e-16 0)
(3 -1.04297e-15 0)
(3 -2.77032e-09 0)
(3.00017 -4.7176e-06 0)
(2.36712 0.492125 0)
(1.09643 0.722791 0)
(0.994566 0.698592 0)
(0.982058 0.708693 0)
(0.985811 0.72624 0)
(1.00638 0.756513 0)
(1.04781 0.791855 0)
(1.12322 0.831992 0)
(1.23137 0.864838 0)
(1.3719 0.879378 0)
(3 -2.34072e-16 0)
(3 3.51479e-16 0)
(3 1.13704e-15 0)
(3 1.07357e-15 0)
(3 6.39397e-16 0)
(3 6.93428e-16 0)
(3 5.72457e-16 0)
(3 2.1686e-16 0)
(3 -6.99117e-17 0)
(3 -8.07714e-16 0)
(3 -1.29111e-15 0)
(3 -4.74509e-16 0)
(3 -6.1725e-12 0)
(3.00002 -7.2744e-06 0)
(3.07172 0.0819795 0)
(1.4335 0.717194 0)
(1.08752 0.718318 0)
(1.06067 0.721727 0)
(1.05196 0.742595 0)
(1.06597 0.765523 0)
(1.10312 0.789904 0)
(1.17253 0.818905 0)
(1.26442 0.840947 0)
(1.38193 0.850163 0)
(3 5.99339e-17 0)
(3 1.28147e-17 0)
(3 3.05589e-16 0)
(3 4.08514e-16 0)
(3 3.08316e-16 0)
(3 4.62685e-17 0)
(3 1.83915e-17 0)
(3 8.07122e-17 0)
(3 -6.12925e-17 0)
(3 -1.60946e-16 0)
(3 -2.23429e-17 0)
(3 -9.97639e-17 0)
(3 -7.69799e-15 0)
(3 -1.50561e-06 0)
(3.01255 0.000844987 0)
(1.96087 0.656681 0)
(1.14178 0.792301 0)
(1.10321 0.786349 0)
(1.11295 0.782652 0)
(1.12531 0.790929 0)
(1.15747 0.804111 0)
(1.21813 0.820672 0)
(1.29753 0.83405 0)
(1.3967 0.839006 0)
(3 -5.69872e-17 0)
(3 -3.07588e-16 0)
(3 -1.02513e-15 0)
(3 -9.18236e-16 0)
(3 -5.61192e-16 0)
(3 -3.97877e-16 0)
(3 -1.93653e-16 0)
(3 -2.51334e-17 0)
(3 -2.88791e-16 0)
(3 -4.39285e-17 0)
(3 -9.02865e-17 0)
(3 -5.88555e-16 0)
(3 -4.65997e-16 0)
(3 -1.20943e-07 0)
(3.00008 4.79702e-06 0)
(2.9546 0.22458 0)
(1.37661 0.781021 0)
(1.16262 0.786193 0)
(1.18916 0.792758 0)
(1.19679 0.802459 0)
(1.22384 0.809515 0)
(1.27161 0.817627 0)
(1.33662 0.824869 0)
(1.41865 0.827601 0)
(3 -3.64984e-17 0)
(3 6.206e-17 0)
(3 -1.54417e-16 0)
(3 -4.2745e-16 0)
(3 -4.17215e-16 0)
(3 -4.59079e-16 0)
(3 -6.80454e-16 0)
(3 -6.96076e-16 0)
(3 -2.29025e-16 0)
(3 2.63706e-16 0)
(3 -3.59253e-16 0)
(3 -6.71974e-16 0)
(3 -1.17864e-16 0)
(3 -6.00692e-10 0)
(3.00001 -2.81816e-06 0)
(3.03283 0.00532941 0)
(1.78197 0.728061 0)
(1.19348 0.83326 0)
(1.20275 0.830068 0)
(1.22913 0.836099 0)
(1.2672 0.842587 0)
(1.31367 0.846428 0)
(1.37034 0.845566 0)
(1.43773 0.841397 0)
(3 2.46021e-16 0)
(3 1.39841e-16 0)
(3 4.16491e-16 0)
(3 7.65127e-16 0)
(3 5.9699e-16 0)
(3 1.12769e-16 0)
(3 -9.02294e-16 0)
(3 -1.04315e-15 0)
(3 -4.65738e-16 0)
(3 7.87859e-17 0)
(3 -6.37746e-17 0)
(3 -1.44932e-16 0)
(3 3.63612e-16 0)
(3 -8.77371e-13 0)
(3 -5.86456e-07 0)
(3.00043 8.12469e-05 0)
(2.82019 0.353363 0)
(1.38517 0.850419 0)
(1.23668 0.818931 0)
(1.27457 0.828542 0)
(1.31182 0.839732 0)
(1.3591 0.844613 0)
(1.41107 0.843177 0)
(1.4682 0.837425 0)
(3 1.32468e-16 0)
(3 -2.45151e-16 0)
(3 -7.80976e-18 0)
(3 3.41169e-16 0)
(3 1.76582e-16 0)
(3 -2.9406e-16 0)
(3 -3.81734e-16 0)
(3 -6.08706e-16 0)
(3 -5.41947e-16 0)
(3 -1.3496e-16 0)
(3 1.80703e-16 0)
(3 8.18727e-16 0)
(3 1.15854e-15 0)
(3 6.80815e-16 0)
(3 -4.85629e-08 0)
(3 1.78519e-09 0)
(3.04656 0.0154664 0)
(1.82307 0.763591 0)
(1.27683 0.862743 0)
(1.29229 0.860504 0)
(1.33305 0.863434 0)
(1.37931 0.865652 0)
(1.43029 0.864922 0)
(1.48596 0.858352 0)
(3 7.20009e-17 0)
(3 4.45192e-16 0)
(3 5.05939e-16 0)
(3 -3.74915e-16 0)
(3 -7.31682e-16 0)
(3 -5.10066e-16 0)
(3 3.35766e-16 0)
(3 5.57634e-16 0)
(3 -1.65779e-16 0)
(3 -3.53374e-16 0)
(3 3.1122e-16 0)
(3 3.18318e-16 0)
(3 -4.93723e-17 0)
(3 4.25667e-16 0)
(3 -2.32855e-10 0)
(3 -1.53066e-08 0)
(3.00108 0.000386011 0)
(2.79619 0.370302 0)
(1.48428 0.897123 0)
(1.32159 0.856784 0)
(1.36702 0.858262 0)
(1.40657 0.86163 0)
(1.45438 0.862168 0)
(1.50901 0.856779 0)
(3 -7.13674e-17 0)
(3 3.77559e-16 0)
(3 8.73164e-17 0)
(3 -1.04959e-16 0)
(3 -3.95814e-16 0)
(3 -5.43364e-16 0)
(3 -8.05388e-17 0)
(3 3.31994e-16 0)
(3 1.45666e-16 0)
(3 -2.70614e-16 0)
(3 8.28487e-16 0)
(3 7.74759e-16 0)
(3 5.45648e-16 0)
(3 4.20436e-16 0)
(3 -6.14672e-13 0)
(3 -2.55104e-09 0)
(3 7.10424e-07 0)
(3.03549 0.0197633 0)
(2.01216 0.767359 0)
(1.38118 0.896393 0)
(1.38968 0.889704 0)
(1.42579 0.885392 0)
(1.46689 0.880559 0)
(1.51558 0.872791 0)
(3 1.36342e-18 0)
(3 -6.29959e-16 0)
(3 -5.05998e-16 0)
(3 -2.25122e-16 0)
(3 -2.86525e-16 0)
(3 -2.81543e-16 0)
(3 5.07157e-16 0)
(3 9.00023e-16 0)
(3 1.05635e-15 0)
(3 1.12351e-15 0)
(3 6.38e-16 0)
(3 7.97339e-16 0)
(3 9.15062e-16 0)
(3 4.29214e-16 0)
(3 -6.62448e-17 0)
(3 -2.13997e-10 0)
(3 -1.24477e-10 0)
(3.00077 0.000617512 0)
(2.88305 0.276376 0)
(1.67852 0.902941 0)
(1.41809 0.899295 0)
(1.46171 0.892229 0)
(1.49198 0.883885 0)
(1.53224 0.873731 0)
(3 -1.60859e-17 0)
(3 1.58403e-16 0)
(3 -1.22409e-16 0)
(3 -6.09295e-16 0)
(3 -4.57487e-16 0)
(3 4.42724e-16 0)
(3 8.97109e-16 0)
(3 9.48184e-16 0)
(3 6.8066e-16 0)
(3 3.51598e-16 0)
(3 8.95753e-17 0)
(3 -6.86895e-17 0)
(3 -1.70407e-16 0)
(3 1.63725e-16 0)
(3 2.25986e-16 0)
(3 -2.85385e-12 0)
(3 -4.01043e-11 0)
(3 1.4989e-06 0)
(3.01407 0.0154205 0)
(2.38535 0.673376 0)
(1.51652 0.940107 0)
(1.48697 0.92722 0)
(1.51625 0.907966 0)
(1.54624 0.894885 0)
(3 1.83828e-17 0)
(3 -1.18542e-16 0)
(3 -5.92349e-16 0)
(3 -3.9602e-16 0)
(3 -1.27357e-16 0)
(3 -4.39186e-16 0)
(3 -6.97209e-16 0)
(3 -5.41529e-16 0)
(3 -3.35868e-16 0)
(3 -1.57749e-16 0)
(3 -6.36459e-17 0)
(3 2.64022e-17 0)
(3 -3.48005e-16 0)
(3 -3.4218e-16 0)
(3 -7.70584e-17 0)
(3 -7.28941e-15 0)
(3 -4.32457e-12 0)
(3 3.64846e-10 0)
(3.00012 0.000397339 0)
(2.99956 0.124057 0)
(1.95551 0.837598 0)
(1.53511 0.935234 0)
(1.55729 0.921846 0)
(1.58208 0.904748 0)
(3 -2.72377e-17 0)
(3 -1.96196e-16 0)
(3 -3.79861e-16 0)
(3 -2.9987e-16 0)
(3 -4.44076e-16 0)
(3 -1.25907e-15 0)
(3 -2.2073e-15 0)
(3 -1.98724e-15 0)
(3 -1.0284e-15 0)
(3 -4.36123e-16 0)
(3 -3.98461e-16 0)
(3 -9.76257e-16 0)
(3 -1.20885e-15 0)
(3 -1.28576e-15 0)
(3 -8.85063e-16 0)
(3 -2.41965e-17 0)
(3 -2.08485e-13 0)
(3 -1.59141e-13 0)
(3 7.40755e-07 0)
(3.00299 0.00659877 0)
(2.73511 0.40093 0)
(1.76713 0.925497 0)
(1.57388 0.948353 0)
(1.60605 0.933383 0)
(3 -5.93926e-17 0)
(3 -2.51764e-17 0)
(3 2.29235e-17 0)
(3 -2.08084e-17 0)
(3 -4.10335e-16 0)
(3 -6.20656e-16 0)
(3 -4.30162e-16 0)
(3 -6.01969e-18 0)
(3 -4.10794e-17 0)
(3 -1.1867e-16 0)
(3 -4.31096e-16 0)
(3 -5.7308e-16 0)
(3 4.68713e-17 0)
(3 3.74128e-16 0)
(3 2.7444e-16 0)
(3 4.3652e-16 0)
(3 -2.01748e-15 0)
(3 -4.92879e-14 0)
(3 2.95701e-10 0)
(3 6.68924e-05 0)
(3.00405 0.0351588 0)
(2.38713 0.665285 0)
(1.67458 0.967832 0)
(1.62133 0.955255 0)
(3 -1.53687e-16 0)
(3 -2.45127e-16 0)
(3 1.95683e-16 0)
(3 6.95377e-16 0)
(3 8.16128e-16 0)
(3 1.19754e-15 0)
(3 1.98947e-15 0)
(3 1.63356e-15 0)
(3 1.19773e-15 0)
(3 3.5772e-16 0)
(3 -4.23512e-17 0)
(3 2.54887e-16 0)
(3 9.54918e-16 0)
(3 1.12595e-15 0)
(3 1.02807e-15 0)
(3 9.28954e-16 0)
(3 5.82605e-16 0)
(3 -1.0959e-14 0)
(3 2.93759e-14 0)
(3 6.44747e-08 0)
(3.00003 0.00121704 0)
(2.96019 0.134724 0)
(2.11147 0.808857 0)
(1.68147 0.9609 0)
(3 9.72715e-17 0)
(3 1.30932e-16 0)
(3 3.827e-16 0)
(3 8.92464e-16 0)
(3 1.50235e-15 0)
(3 1.7662e-15 0)
(3 1.52787e-15 0)
(3 3.45051e-16 0)
(3 2.84938e-16 0)
(3 4.81406e-16 0)
(3 3.17303e-16 0)
(3 -3.08878e-17 0)
(3 6.52272e-16 0)
(3 1.27603e-15 0)
(3 1.19139e-15 0)
(3 1.23955e-15 0)
(3 2.67597e-16 0)
(3 -1.71683e-15 0)
(3 -4.34354e-15 0)
(3 2.86516e-11 0)
(3 3.75455e-06 0)
(3.0002 0.0077741 0)
(2.80133 0.322021 0)
(1.95128 0.884874 0)
(3 1.28038e-16 0)
(3 3.99626e-16 0)
(3 4.8306e-16 0)
(3 3.08467e-16 0)
(3 1.89825e-16 0)
(3 3.42906e-16 0)
(3 3.70123e-16 0)
(3 2.74399e-16 0)
(3 -1.34254e-17 0)
(3 -1.18676e-16 0)
(3 2.3197e-16 0)
(3 5.3553e-16 0)
(3 1.00548e-15 0)
(3 1.14077e-15 0)
(3 7.2161e-16 0)
(3 1.55884e-16 0)
(3 2.41176e-16 0)
(3 9.24639e-16 0)
(3 -1.27055e-15 0)
(3 8.68914e-16 0)
(3 2.86678e-09 0)
(2.99998 7.64305e-05 0)
(2.99701 0.0266346 0)
(2.57549 0.511674 0)
(3 -3.43595e-16 0)
(3 1.90389e-16 0)
(3 3.36056e-16 0)
(3 1.70163e-16 0)
(3 -6.82139e-17 0)
(3 3.16713e-17 0)
(3 8.69449e-17 0)
(3 -9.82123e-17 0)
(3 -5.0988e-17 0)
(3 -2.20566e-16 0)
(3 -3.99629e-17 0)
(3 3.48879e-16 0)
(3 7.26451e-16 0)
(3 2.38139e-17 0)
(3 6.78242e-17 0)
(3 1.73193e-16 0)
(3 1.44799e-16 0)
(3 9.23846e-16 0)
(3 7.99736e-16 0)
(3 -1.26543e-15 0)
(3 6.90358e-13 0)
(3 9.32113e-08 0)
(2.99988 0.000689822 0)
(2.97832 0.0659774 0)
(3 -1.43612e-16 0)
(3 -4.05962e-16 0)
(3 -5.67862e-16 0)
(3 8.43404e-17 0)
(3 1.09013e-16 0)
(3 -2.02558e-16 0)
(3 -4.38778e-16 0)
(3 -2.75254e-16 0)
(3 6.82258e-17 0)
(3 1.89075e-16 0)
(3 4.0817e-17 0)
(3 -2.28066e-16 0)
(3 -2.48932e-16 0)
(3 2.64811e-16 0)
(3 7.21451e-16 0)
(3 9.66018e-16 0)
(3 5.05175e-16 0)
(3 6.91208e-16 0)
(3 8.74575e-16 0)
(3 6.69508e-17 0)
(3 -5.33831e-16 0)
(3 5.21642e-11 0)
(3 1.63465e-06 0)
(2.99958 0.00294422 0)
(3 -1.54757e-16 0)
(3 -2.34214e-16 0)
(3 -4.11036e-16 0)
(3 -2.23039e-16 0)
(3 1.97892e-16 0)
(3 -1.2499e-16 0)
(3 -1.00882e-15 0)
(3 -8.30936e-16 0)
(3 -1.09043e-15 0)
(3 -7.66559e-16 0)
(3 5.82305e-17 0)
(3 2.49661e-16 0)
(3 -2.48102e-16 0)
(3 -2.28733e-16 0)
(3 -1.17359e-17 0)
(3 1.5537e-16 0)
(3 5.64865e-16 0)
(3 1.23101e-15 0)
(3 1.45326e-15 0)
(3 1.32237e-15 0)
(3 5.00503e-17 0)
(3 4.7567e-15 0)
(3 1.55467e-09 0)
(3 1.41263e-05 0)
(3 7.17163e-17 0)
(3 1.53856e-16 0)
(3 5.71553e-17 0)
(3 -3.92666e-16 0)
(3 -4.79655e-16 0)
(3 -1.60031e-16 0)
(3 -3.36147e-17 0)
(3 -3.82469e-16 0)
(3 -6.29838e-16 0)
(3 -9.20231e-16 0)
(3 -1.15758e-15 0)
(3 -1.19467e-15 0)
(3 -1.19068e-15 0)
(3 -1.42043e-15 0)
(3 -1.18911e-15 0)
(3 -4.27668e-16 0)
(3 2.34799e-16 0)
(3 4.03322e-16 0)
(3 8.24818e-16 0)
(3 1.01282e-15 0)
(3 5.49275e-16 0)
(3 4.39783e-17 0)
(3 2.36156e-13 0)
(3 1.79807e-08 0)
(3 1.05691e-16 0)
(3 1.2196e-16 0)
(3 3.60638e-17 0)
(3 -7.83866e-16 0)
(3 -1.22675e-15 0)
(3 -3.06129e-16 0)
(3 2.98265e-16 0)
(3 6.12155e-16 0)
(3 3.67727e-16 0)
(3 -1.38599e-16 0)
(3 -6.60011e-16 0)
(3 -1.32659e-15 0)
(3 -1.08708e-15 0)
(3 -1.23497e-15 0)
(3 -9.44763e-16 0)
(3 -6.43176e-16 0)
(3 -1.2681e-16 0)
(3 1.22167e-16 0)
(3 5.86371e-16 0)
(3 1.40475e-15 0)
(3 1.00756e-15 0)
(3 7.78631e-16 0)
(3 1.36942e-15 0)
(3 5.53133e-12 0)
(3 8.71128e-17 0)
(3 3.66877e-16 0)
(3 3.71862e-16 0)
(3 -3.35563e-16 0)
(3 6.02723e-17 0)
(3 1.3925e-16 0)
(3 -1.1581e-17 0)
(3 2.30036e-17 0)
(3 4.29584e-16 0)
(3 9.76087e-16 0)
(3 9.94555e-16 0)
(3 1.09802e-15 0)
(3 1.41755e-16 0)
(3 -2.78211e-17 0)
(3 -6.90976e-16 0)
(3 -7.8848e-16 0)
(3 -6.91323e-17 0)
(3 -2.68767e-17 0)
(3 3.46279e-16 0)
(3 -3.06069e-16 0)
(3 -8.66004e-16 0)
(3 -2.06028e-16 0)
(3 -3.78728e-16 0)
(3 -1.16843e-15 0)
(3 -1.84984e-18 0)
(3 5.13215e-17 0)
(3 4.40502e-17 0)
(3 1.42979e-17 0)
(3 1.31198e-17 0)
(3 -3.89997e-16 0)
(3 -2.90181e-16 0)
(3 -3.4817e-16 0)
(3 5.28168e-17 0)
(3 4.99983e-16 0)
(3 1.20347e-15 0)
(3 1.27132e-15 0)
(3 1.01161e-15 0)
(3 1.06308e-15 0)
(3 4.13186e-16 0)
(3 3.91529e-16 0)
(3 2.03716e-16 0)
(3 -1.38031e-16 0)
(3 6.76684e-17 0)
(3 -4.45097e-16 0)
(3 -7.47532e-16 0)
(3 -7.17531e-17 0)
(3 -3.66144e-16 0)
(3 -1.27612e-15 0)
(3 -6.1944e-17 0)
(3 -5.88225e-17 0)
(3 3.4689e-17 0)
(3 4.84182e-16 0)
(3 7.84472e-16 0)
(3 5.70304e-16 0)
(3 -5.03582e-16 0)
(3 -1.34319e-15 0)
(3 -4.3921e-16 0)
(3 -1.38028e-17 0)
(3 6.63519e-16 0)
(3 1.47648e-15 0)
(3 2.38143e-15 0)
(3 1.53995e-15 0)
(3 1.05883e-15 0)
(3 1.53335e-16 0)
(3 6.8253e-17 0)
(3 -1.47149e-18 0)
(3 5.20862e-17 0)
(3 7.58171e-16 0)
(3 1.25183e-15 0)
(3 9.8859e-16 0)
(3 1.06382e-16 0)
(3 -1.02279e-16 0)
(3 4.46087e-17 0)
(3 3.26271e-16 0)
(3 3.11489e-16 0)
(3 6.8993e-16 0)
(3 8.94022e-16 0)
(3 6.5705e-16 0)
(3 -4.24477e-16 0)
(3 -7.70813e-16 0)
(3 -2.79055e-16 0)
(3 4.54625e-18 0)
(3 2.5495e-16 0)
(3 9.61028e-16 0)
(3 1.49592e-15 0)
(3 9.87687e-16 0)
(3 3.85382e-16 0)
(3 -2.38021e-16 0)
(3 -2.34091e-16 0)
(3 -1.89734e-16 0)
(3 1.98324e-16 0)
(3 5.48928e-16 0)
(3 8.18748e-16 0)
(3 5.06099e-17 0)
(3 2.43054e-16 0)
(3 2.91707e-16 0)
(1.52598 1.28025 0)
(1.95041 1.41273 0)
(2.26206 1.34493 0)
(2.54008 0.752745 0)
(2.54319 0.242552 0)
(2.65239 -0.0124512 0)
(2.57773 -0.272392 0)
(2.50754 -0.296448 0)
(2.44397 -0.263292 0)
(2.43033 -0.33904 0)
(2.4701 -0.325777 0)
(2.49627 -0.229682 0)
(2.47484 -0.183805 0)
(2.44073 -0.130113 0)
(2.3847 -0.102651 0)
(2.33629 -0.0805169 0)
(2.33765 -0.0516943 0)
(2.38595 -0.0343766 0)
(2.42477 -0.03253 0)
(2.4296 -0.0305085 0)
(2.42047 -0.0186812 0)
(2.393 -0.00929188 0)
(2.38461 -0.00853975 0)
(2.37599 -0.00736608 0)
(2.38602 -0.00669218 0)
(2.40208 -0.00789174 0)
(2.40652 -0.00926968 0)
(2.40675 -0.00826487 0)
(2.40138 -0.00383878 0)
(2.39752 -0.00221754 0)
(2.39351 -0.00309563 0)
(2.40273 -0.0056867 0)
(2.40849 -0.00630119 0)
(2.41027 -0.00360492 0)
(2.37533 -0.0239235 0)
(1.37874 -0.0957454 0)
(0.92138 -0.0847536 0)
(0.976907 -0.0797713 0)
(1.06193 -0.0635745 0)
(1.14397 -0.0552798 0)
(1.21218 -0.0448961 0)
(1.26005 -0.0380298 0)
(1.29875 -0.0299269 0)
(1.33382 -0.0239067 0)
(1.37047 -0.0187768 0)
(1.41126 -0.0151359 0)
(1.44846 -0.0111466 0)
(1.47979 -0.00862667 0)
(1.50907 -0.00686163 0)
(1.53743 -0.00510717 0)
(1.56588 -0.00428117 0)
(1.59692 -0.00404432 0)
(1.63088 -0.00371373 0)
(1.6622 -0.00449596 0)
(1.68735 -0.00472584 0)
(1.71206 -0.00360747 0)
(1.73398 -0.000931584 0)
(1.75112 0.00257084 0)
(1.76589 0.00531312 0)
(1.78485 0.00601588 0)
(1.80549 0.00594983 0)
(1.82878 0.00526953 0)
(1.85637 0.00339354 0)
(1.87967 0.00148111 0)
(1.90102 0.00101167 0)
(1.92077 0.00144457 0)
(1.93401 0.00339904 0)
(1.94189 0.00666144 0)
(1.95436 0.00879255 0)
(1.97333 0.00929307 0)
(1.99294 0.00961033 0)
(2.01606 0.00943473 0)
(2.04155 0.0072099 0)
(2.06047 0.00461091 0)
(2.07866 0.00348958 0)
(2.09088 0.00336386 0)
(2.09039 0.00553506 0)
(2.09431 0.00752081 0)
(2.1106 0.00796789 0)
(2.12968 0.00825838 0)
(2.1494 0.00853982 0)
(2.17055 0.00877681 0)
(2.19002 0.00886352 0)
(2.20819 0.00894647 0)
(2.22562 0.00899443 0)
(2.24042 0.00868379 0)
(2.24619 0.00760887 0)
(2.2409 0.00775598 0)
(2.24101 0.00847706 0)
(2.25206 0.00884409 0)
(2.26688 0.00898998 0)
(2.28274 0.00910793 0)
(2.29834 0.00929486 0)
(2.3143 0.00880568 0)
(2.32846 0.00855904 0)
(2.34944 0.00844858 0)
(1.77503 1.07049 0)
(2.29157 0.857485 0)
(2.51067 0.461856 0)
(2.66758 -0.000782708 0)
(2.73932 -0.187966 0)
(2.76679 -0.458669 0)
(2.71122 -0.668771 0)
(2.71216 -0.665831 0)
(2.68521 -0.555294 0)
(2.65978 -0.443519 0)
(2.6097 -0.375167 0)
(2.5711 -0.287954 0)
(2.53332 -0.225784 0)
(2.48892 -0.176187 0)
(2.45321 -0.118354 0)
(2.42411 -0.0690508 0)
(2.41489 -0.0152332 0)
(2.4381 -0.00172173 0)
(2.46451 -0.00667976 0)
(2.45805 -0.00564564 0)
(2.44853 -0.00973064 0)
(2.42706 -0.0213028 0)
(2.4135 -0.0194593 0)
(2.40999 -0.00309656 0)
(2.41276 0.0113419 0)
(2.41862 0.000625103 0)
(2.4283 -0.0183303 0)
(2.43736 -0.0245832 0)
(2.4394 -0.0205793 0)
(2.43857 -0.00712904 0)
(2.43269 0.0095736 0)
(2.42494 0.0162365 0)
(2.42229 0.0105459 0)
(2.41271 -0.0195221 0)
(2.24186 -0.23984 0)
(1.7841 -0.314039 0)
(1.1909 -0.134255 0)
(1.15452 -0.0540458 0)
(1.19693 -0.0263319 0)
(1.23914 -0.0208675 0)
(1.27963 -0.0156378 0)
(1.31148 -0.0275306 0)
(1.34663 -0.0309959 0)
(1.38023 -0.0264355 0)
(1.41229 -0.0124762 0)
(1.44307 -0.00972862 0)
(1.475 -0.012329 0)
(1.50717 -0.0136236 0)
(1.53704 -0.011171 0)
(1.56462 -0.00590756 0)
(1.59073 0.00115079 0)
(1.61596 0.00612984 0)
(1.64209 0.00587984 0)
(1.67164 -0.000788012 0)
(1.70041 -0.00726155 0)
(1.72461 -0.00895961 0)
(1.74797 -0.0079265 0)
(1.76804 -0.00162846 0)
(1.7826 0.0100067 0)
(1.79563 0.0202748 0)
(1.81384 0.0237604 0)
(1.83411 0.023598 0)
(1.85799 0.0181793 0)
(1.88353 0.00895498 0)
(1.90443 0.00129614 0)
(1.92413 -0.00405771 0)
(1.94211 -0.00536982 0)
(1.95707 0.00169599 0)
(1.96883 0.0154508 0)
(1.98084 0.0263856 0)
(1.99782 0.0298951 0)
(2.0162 0.0301379 0)
(2.03749 0.0251245 0)
(2.0582 0.0173036 0)
(2.07655 0.00901054 0)
(2.09191 0.000996514 0)
(2.10165 0.00102517 0)
(2.10795 0.0118894 0)
(2.11727 0.0225477 0)
(2.13318 0.0268841 0)
(2.15152 0.0282479 0)
(2.17056 0.0288543 0)
(2.18984 0.0282206 0)
(2.20818 0.027427 0)
(2.22561 0.0261613 0)
(2.23997 0.0231725 0)
(2.24798 0.0181568 0)
(2.24908 0.0131496 0)
(2.25079 0.0128216 0)
(2.26064 0.0146775 0)
(2.27473 0.0165092 0)
(2.29037 0.0195741 0)
(2.3055 0.0235015 0)
(2.3206 0.0257079 0)
(2.33387 0.0267506 0)
(2.35287 0.0266483 0)
(1.69129 1.01972 0)
(2.04551 0.892353 0)
(2.26308 0.728564 0)
(2.55423 0.324543 0)
(2.66551 0.105058 0)
(2.68323 -0.0195745 0)
(2.70782 -0.212453 0)
(2.74328 -0.225421 0)
(2.77228 -0.277449 0)
(2.74814 -0.400918 0)
(2.749 -0.438337 0)
(2.72732 -0.470392 0)
(2.6796 -0.448207 0)
(2.65727 -0.384508 0)
(2.64452 -0.304223 0)
(2.63635 -0.239253 0)
(2.61015 -0.157002 0)
(2.57318 -0.0846792 0)
(2.53833 -0.0744076 0)
(2.5067 -0.051261 0)
(2.49492 -0.024283 0)
(2.49877 -0.0107588 0)
(2.49937 -0.0141762 0)
(2.49197 -0.0147527 0)
(2.48035 0.00248346 0)
(2.47388 0.0108542 0)
(2.46987 0.00480822 0)
(2.48032 -0.0195758 0)
(2.49609 -0.0395197 0)
(2.49931 -0.03838 0)
(2.49944 -0.0280226 0)
(2.48163 -0.00729866 0)
(2.45412 -0.0312789 0)
(2.33981 -0.170915 0)
(2.01007 -0.464696 0)
(1.96293 -0.645501 0)
(1.61213 -0.351206 0)
(1.39412 -0.144822 0)
(1.36412 -0.0439434 0)
(1.39312 -0.036363 0)
(1.40886 -0.0576565 0)
(1.42958 -0.075836 0)
(1.45196 -0.0747892 0)
(1.4778 -0.0620877 0)
(1.50321 -0.0404073 0)
(1.52312 -0.0215031 0)
(1.54436 -0.0195449 0)
(1.56877 -0.022708 0)
(1.59653 -0.0242005 0)
(1.62177 -0.0219606 0)
(1.64469 -0.0170689 0)
(1.66404 -0.00845159 0)
(1.68412 -0.00234199 0)
(1.7073 -0.00171205 0)
(1.73226 -0.00479801 0)
(1.75554 -0.00788926 0)
(1.77746 -0.00851266 0)
(1.79753 -0.0068193 0)
(1.81338 -1.8634e-05 0)
(1.82624 0.0122552 0)
(1.84002 0.0243527 0)
(1.85595 0.0314327 0)
(1.87418 0.0336357 0)
(1.89308 0.0316309 0)
(1.91232 0.0236337 0)
(1.93395 0.0145584 0)
(1.9553 0.00923602 0)
(1.97525 0.00875679 0)
(1.99389 0.0151454 0)
(2.00768 0.0303293 0)
(2.01576 0.043509 0)
(2.02761 0.0450966 0)
(2.04488 0.0408442 0)
(2.06249 0.0335015 0)
(2.07873 0.0243469 0)
(2.09379 0.0163562 0)
(2.11027 0.0125321 0)
(2.12665 0.0156463 0)
(2.13927 0.0278537 0)
(2.14797 0.0418182 0)
(2.16113 0.0472059 0)
(2.17923 0.047252 0)
(2.19731 0.0462894 0)
(2.21492 0.0443703 0)
(2.23105 0.0415766 0)
(2.24333 0.0380929 0)
(2.2495 0.0350359 0)
(2.25073 0.0340094 0)
(2.25474 0.0345381 0)
(2.26616 0.0347809 0)
(2.28153 0.034166 0)
(2.29828 0.0348325 0)
(2.31502 0.0362421 0)
(2.33171 0.0372855 0)
(2.34515 0.0407745 0)
(2.36055 0.0440118 0)
(1.6015 0.98528 0)
(1.87712 0.901079 0)
(2.1706 0.64633 0)
(2.33719 0.489677 0)
(2.40213 0.425236 0)
(2.53901 0.222375 0)
(2.64304 -0.0427815 0)
(2.68486 -0.176369 0)
(2.70261 -0.221911 0)
(2.74782 -0.37234 0)
(2.7455 -0.453387 0)
(2.75008 -0.486913 0)
(2.75795 -0.484169 0)
(2.76034 -0.475552 0)
(2.75568 -0.449255 0)
(2.74599 -0.410695 0)
(2.7202 -0.361141 0)
(2.67313 -0.260126 0)
(2.62528 -0.193575 0)
(2.5941 -0.159943 0)
(2.58527 -0.115377 0)
(2.59126 -0.0945901 0)
(2.58417 -0.0793142 0)
(2.55791 -0.0482504 0)
(2.54496 -0.0116588 0)
(2.53258 0.0164444 0)
(2.52291 0.0149208 0)
(2.52202 0.00874015 0)
(2.54034 0.00276062 0)
(2.54759 -0.000687404 0)
(2.54698 -0.00351745 0)
(2.52042 -0.0330761 0)
(2.39103 -0.186751 0)
(2.08602 -0.519323 0)
(1.94553 -0.541547 0)
(1.96656 -0.658216 0)
(1.91856 -0.613249 0)
(1.72066 -0.390427 0)
(1.56033 -0.172486 0)
(1.51317 -0.0882101 0)
(1.50338 -0.0292439 0)
(1.52131 -0.0254077 0)
(1.54558 -0.0397091 0)
(1.57683 -0.045918 0)
(1.60034 -0.0402181 0)
(1.61461 -0.0219001 0)
(1.62638 -0.00373113 0)
(1.64285 0.00238913 0)
(1.66445 0.00194095 0)
(1.68724 -0.000380463 0)
(1.70815 -0.000981 0)
(1.72562 0.00189744 0)
(1.73959 0.00625027 0)
(1.75672 0.00764342 0)
(1.77711 0.00786175 0)
(1.79781 0.00789506 0)
(1.81814 0.00894371 0)
(1.83698 0.0111168 0)
(1.85282 0.0144361 0)
(1.86565 0.0198256 0)
(1.87752 0.0263476 0)
(1.88995 0.0311644 0)
(1.90429 0.0321301 0)
(1.92145 0.0301941 0)
(1.94037 0.028558 0)
(1.95953 0.0278746 0)
(1.97962 0.0275632 0)
(2.00028 0.0286911 0)
(2.02032 0.0303848 0)
(2.03819 0.0348244 0)
(2.04711 0.0436985 0)
(2.04971 0.0496916 0)
(2.05953 0.046634 0)
(2.0742 0.0399633 0)
(2.09054 0.0333081 0)
(2.10858 0.0307941 0)
(2.12725 0.0310756 0)
(2.14588 0.0324715 0)
(2.16353 0.0365987 0)
(2.17545 0.0478031 0)
(2.18085 0.0604249 0)
(2.19146 0.0639341 0)
(2.20793 0.0618664 0)
(2.22458 0.0581477 0)
(2.23956 0.0523997 0)
(2.25076 0.0454075 0)
(2.25818 0.040318 0)
(2.26525 0.0414185 0)
(2.2723 0.0484017 0)
(2.27827 0.0558842 0)
(2.29027 0.0571916 0)
(2.30666 0.0566295 0)
(2.32372 0.0555955 0)
(2.3411 0.0526083 0)
(2.35537 0.0519118 0)
(2.37226 0.0543544 0)
(1.56591 0.937448 0)
(1.78605 0.876249 0)
(2.00951 0.726426 0)
(2.17962 0.575619 0)
(2.28469 0.483326 0)
(2.41595 0.32555 0)
(2.49606 0.187192 0)
(2.54223 0.101351 0)
(2.61906 -0.0473702 0)
(2.65754 -0.167254 0)
(2.66986 -0.203392 0)
(2.65741 -0.229845 0)
(2.70383 -0.313014 0)
(2.7333 -0.370122 0)
(2.75524 -0.404265 0)
(2.76507 -0.436149 0)
(2.75721 -0.436817 0)
(2.7295 -0.40373 0)
(2.70348 -0.351602 0)
(2.67115 -0.299406 0)
(2.65047 -0.243166 0)
(2.64887 -0.201223 0)
(2.64646 -0.170517 0)
(2.63115 -0.130968 0)
(2.60238 -0.0854955 0)
(2.58224 -0.0355503 0)
(2.57328 -0.0095734 0)
(2.55677 -0.0125512 0)
(2.56467 -0.0152758 0)
(2.56807 -0.0063477 0)
(2.55107 -0.0258183 0)
(2.41385 -0.17529 0)
(2.16296 -0.442363 0)
(1.9589 -0.665741 0)
(1.93254 -0.633048 0)
(1.96162 -0.630063 0)
(1.98326 -0.631967 0)
(1.96742 -0.595268 0)
(1.86683 -0.455415 0)
(1.69316 -0.239779 0)
(1.6108 -0.0952731 0)
(1.57868 -0.040937 0)
(1.58987 -0.033724 0)
(1.63035 -0.0320738 0)
(1.65827 -0.0308807 0)
(1.67965 -0.0187731 0)
(1.69087 -0.00408455 0)
(1.69981 0.0010081 0)
(1.71563 0.000409892 0)
(1.73538 0.000334611 0)
(1.75628 0.00362521 0)
(1.77554 0.00754826 0)
(1.79133 0.0101424 0)
(1.80414 0.0105852 0)
(1.81899 0.0106005 0)
(1.83646 0.0113818 0)
(1.8548 0.012537 0)
(1.87283 0.0148047 0)
(1.88898 0.0194018 0)
(1.90293 0.0262654 0)
(1.91576 0.0339786 0)
(1.9273 0.0412956 0)
(1.93785 0.0460057 0)
(1.95287 0.0459064 0)
(1.97133 0.0441855 0)
(1.98999 0.04234 0)
(2.00937 0.0422471 0)
(2.02857 0.0435841 0)
(2.04794 0.0452892 0)
(2.06592 0.0476139 0)
(2.07642 0.0507898 0)
(2.07573 0.0547862 0)
(2.07863 0.0539663 0)
(2.0937 0.0499453 0)
(2.11084 0.0480555 0)
(2.12867 0.0467045 0)
(2.14924 0.0471623 0)
(2.16804 0.049956 0)
(2.18616 0.0535875 0)
(2.20156 0.0601466 0)
(2.20774 0.0711312 0)
(2.20823 0.0794072 0)
(2.2176 0.0778936 0)
(2.23211 0.0723609 0)
(2.24615 0.0651418 0)
(2.25842 0.05745 0)
(2.27062 0.0531938 0)
(2.28377 0.0537022 0)
(2.29578 0.0581621 0)
(2.30306 0.0673868 0)
(2.30684 0.0761907 0)
(2.3167 0.0782843 0)
(2.33174 0.0767065 0)
(2.34834 0.0719499 0)
(2.36176 0.0678232 0)
(2.38051 0.0667107 0)
(1.54234 0.892292 0)
(1.72483 0.841957 0)
(1.91262 0.738217 0)
(2.0511 0.653134 0)
(2.17081 0.567155 0)
(2.30835 0.416314 0)
(2.40674 0.27582 0)
(2.46947 0.20603 0)
(2.52082 0.117521 0)
(2.57471 -0.00602208 0)
(2.60876 -0.0939878 0)
(2.63571 -0.138475 0)
(2.65722 -0.206583 0)
(2.70393 -0.286781 0)
(2.72253 -0.334422 0)
(2.73949 -0.385968 0)
(2.73808 -0.451136 0)
(2.73762 -0.463873 0)
(2.74114 -0.419031 0)
(2.72545 -0.380995 0)
(2.71149 -0.369488 0)
(2.69216 -0.336189 0)
(2.67693 -0.270998 0)
(2.66441 -0.230856 0)
(2.65573 -0.192355 0)
(2.63004 -0.119485 0)
(2.61267 -0.0520376 0)
(2.59208 -0.0452705 0)
(2.59131 -0.0218862 0)
(2.56417 -0.0390774 0)
(2.41828 -0.188653 0)
(2.18674 -0.419992 0)
(1.97894 -0.629735 0)
(1.95279 -0.672701 0)
(1.95757 -0.663945 0)
(1.9755 -0.645122 0)
(1.99706 -0.629036 0)
(2.01817 -0.633967 0)
(2.01089 -0.615049 0)
(1.93143 -0.500092 0)
(1.78985 -0.284263 0)
(1.6683 -0.122429 0)
(1.62741 -0.0363078 0)
(1.65002 -0.0239961 0)
(1.67649 -0.00920746 0)
(1.70289 -0.00394297 0)
(1.72242 0.006156 0)
(1.7298 0.00684105 0)
(1.74526 0.00602857 0)
(1.76309 0.00695961 0)
(1.7851 0.0114059 0)
(1.80643 0.0163289 0)
(1.82546 0.020607 0)
(1.83836 0.022956 0)
(1.84796 0.0218434 0)
(1.86089 0.0214017 0)
(1.87681 0.0223968 0)
(1.89446 0.0254388 0)
(1.91236 0.0308441 0)
(1.92922 0.0369233 0)
(1.94496 0.0423481 0)
(1.95908 0.0483332 0)
(1.97021 0.0559637 0)
(1.98078 0.0620192 0)
(1.99741 0.0631473 0)
(2.01618 0.0622471 0)
(2.03479 0.0592457 0)
(2.05258 0.0567672 0)
(2.06989 0.0544816 0)
(2.08535 0.0516842 0)
(2.0965 0.0506064 0)
(2.10136 0.0554953 0)
(2.10269 0.0654924 0)
(2.11427 0.0706504 0)
(2.13171 0.0711938 0)
(2.1491 0.0698604 0)
(2.16922 0.0671553 0)
(2.1884 0.0667642 0)
(2.20674 0.0681259 0)
(2.22386 0.0710517 0)
(2.2338 0.0774157 0)
(2.23111 0.0862296 0)
(2.22979 0.088068 0)
(2.23991 0.0833556 0)
(2.25399 0.0782707 0)
(2.2697 0.0756799 0)
(2.28599 0.0758019 0)
(2.30227 0.0769311 0)
(2.3177 0.079363 0)
(2.32926 0.0845769 0)
(2.33223 0.0930202 0)
(2.33214 0.0981229 0)
(2.34071 0.0956578 0)
(2.35361 0.0890475 0)
(2.36484 0.0841071 0)
(2.38685 0.0818171 0)
(1.52522 0.868832 0)
(1.6777 0.829385 0)
(1.83748 0.752826 0)
(1.95829 0.697024 0)
(2.08545 0.619686 0)
(2.22701 0.47467 0)
(2.30678 0.375187 0)
(2.35518 0.345544 0)
(2.42105 0.257998 0)
(2.50547 0.122657 0)
(2.54924 0.0275226 0)
(2.58057 -0.0348008 0)
(2.60854 -0.0716245 0)
(2.62459 -0.092827 0)
(2.63868 -0.140945 0)
(2.66695 -0.210323 0)
(2.68962 -0.288676 0)
(2.70119 -0.351404 0)
(2.72041 -0.365059 0)
(2.73389 -0.364524 0)
(2.72636 -0.367857 0)
(2.71099 -0.369181 0)
(2.70577 -0.365196 0)
(2.69803 -0.345266 0)
(2.68551 -0.30321 0)
(2.67883 -0.248124 0)
(2.67685 -0.191434 0)
(2.6477 -0.139893 0)
(2.62079 -0.108424 0)
(2.45625 -0.25193 0)
(2.12045 -0.558892 0)
(2.0774 -0.597882 0)
(1.9999 -0.647135 0)
(1.97868 -0.664959 0)
(1.97159 -0.661387 0)
(1.98683 -0.640703 0)
(2.00369 -0.626389 0)
(2.01996 -0.633946 0)
(2.02926 -0.635306 0)
(2.02927 -0.61916 0)
(1.99203 -0.537099 0)
(1.86169 -0.339075 0)
(1.73287 -0.142297 0)
(1.68721 -0.0380296 0)
(1.69352 -0.00722585 0)
(1.70953 0.00296405 0)
(1.73332 0.0144781 0)
(1.74435 0.0131435 0)
(1.76318 0.0119939 0)
(1.78251 0.0118532 0)
(1.80472 0.015751 0)
(1.82633 0.0218706 0)
(1.84637 0.0264064 0)
(1.86064 0.0302554 0)
(1.8673 0.0320283 0)
(1.87465 0.0331991 0)
(1.88865 0.0351056 0)
(1.90715 0.0377806 0)
(1.92708 0.043052 0)
(1.94676 0.048658 0)
(1.96514 0.0530213 0)
(1.98178 0.0574878 0)
(1.99584 0.0635745 0)
(2.00655 0.0711183 0)
(2.01799 0.0758709 0)
(2.03369 0.0761191 0)
(2.05065 0.0745506 0)
(2.067 0.0718756 0)
(2.08187 0.0681226 0)
(2.09552 0.0643815 0)
(2.10895 0.0626342 0)
(2.12153 0.0653698 0)
(2.13047 0.0746729 0)
(2.13604 0.0863196 0)
(2.15 0.0906866 0)
(2.16772 0.091124 0)
(2.18608 0.0890996 0)
(2.20463 0.0851282 0)
(2.2224 0.0834113 0)
(2.23911 0.0830062 0)
(2.2519 0.0846099 0)
(2.25242 0.0901802 0)
(2.2441 0.0956201 0)
(2.25237 0.0948358 0)
(2.26865 0.0938959 0)
(2.28477 0.0936598 0)
(2.3029 0.0933488 0)
(2.32112 0.0950225 0)
(2.33771 0.0972244 0)
(2.35294 0.10123 0)
(2.35952 0.107814 0)
(2.35266 0.113227 0)
(2.35061 0.110304 0)
(2.36059 0.102013 0)
(2.37324 0.0983365 0)
(2.39691 0.097919 0)
(1.512 0.841396 0)
(1.64385 0.814228 0)
(1.7785 0.765317 0)
(1.90689 0.70718 0)
(2.01957 0.644987 0)
(2.12438 0.555135 0)
(2.2204 0.465101 0)
(2.2966 0.390559 0)
(2.36339 0.308741 0)
(2.40434 0.256731 0)
(2.43946 0.18894 0)
(2.51757 0.0975084 0)
(2.55885 0.00693197 0)
(2.58438 -0.0560736 0)
(2.6114 -0.0779025 0)
(2.62165 -0.100355 0)
(2.64383 -0.171692 0)
(2.67325 -0.233871 0)
(2.68917 -0.28077 0)
(2.70504 -0.330871 0)
(2.71733 -0.374399 0)
(2.73174 -0.381741 0)
(2.72457 -0.352388 0)
(2.71076 -0.339071 0)
(2.70577 -0.343959 0)
(2.70316 -0.343847 0)
(2.69831 -0.322174 0)
(2.68507 -0.293983 0)
(2.57227 -0.380473 0)
(2.20681 -0.680362 0)
(2.04279 -0.767527 0)
(2.02786 -0.787503 0)
(2.00362 -0.72729 0)
(1.99592 -0.694016 0)
(1.98475 -0.658578 0)
(1.99099 -0.631464 0)
(1.99991 -0.633683 0)
(2.01514 -0.634104 0)
(2.0318 -0.63132 0)
(2.05083 -0.625559 0)
(2.05799 -0.61027 0)
(2.03931 -0.551003 0)
(1.95217 -0.395316 0)
(1.79079 -0.158449 0)
(1.74295 -0.0389266 0)
(1.73536 -0.000776808 0)
(1.74044 0.0176899 0)
(1.75409 0.0235277 0)
(1.77817 0.0189578 0)
(1.80251 0.0199926 0)
(1.82354 0.0216554 0)
(1.84311 0.0238206 0)
(1.86171 0.0295662 0)
(1.87602 0.0372182 0)
(1.88369 0.0432356 0)
(1.88783 0.0472224 0)
(1.89859 0.0503665 0)
(1.91668 0.0524092 0)
(1.93732 0.0555302 0)
(1.9593 0.061256 0)
(1.97953 0.0668064 0)
(1.99804 0.0713256 0)
(2.01456 0.0761832 0)
(2.02716 0.0824524 0)
(2.03504 0.08852 0)
(2.04386 0.0900827 0)
(2.0573 0.0878472 0)
(2.07232 0.0845735 0)
(2.08715 0.0815054 0)
(2.10255 0.0801579 0)
(2.11941 0.0814463 0)
(2.13637 0.0845317 0)
(2.15074 0.0903703 0)
(2.1585 0.100421 0)
(2.16365 0.108457 0)
(2.17747 0.108072 0)
(2.1962 0.10546 0)
(2.21465 0.101925 0)
(2.23052 0.0983033 0)
(2.24664 0.0945298 0)
(2.26057 0.0900678 0)
(2.2666 0.0901448 0)
(2.26246 0.101269 0)
(2.26314 0.114698 0)
(2.27819 0.11958 0)
(2.29436 0.121081 0)
(2.31252 0.121839 0)
(2.33452 0.121402 0)
(2.3512 0.12113 0)
(2.36814 0.122252 0)
(2.37841 0.124082 0)
(2.36866 0.12709 0)
(2.35543 0.126276 0)
(2.3677 0.121877 0)
(2.3811 0.121042 0)
(2.40529 0.117579 0)
(1.50601 0.832267 0)
(1.61841 0.810365 0)
(1.7387 0.771445 0)
(1.84664 0.731978 0)
(1.9533 0.67568 0)
(2.06512 0.587134 0)
(2.13669 0.539057 0)
(2.20717 0.483225 0)
(2.302 0.377862 0)
(2.35826 0.285957 0)
(2.39579 0.259865 0)
(2.41687 0.229022 0)
(2.47602 0.14864 0)
(2.53667 0.0630276 0)
(2.56691 -0.00871979 0)
(2.58801 -0.0596845 0)
(2.59954 -0.07039 0)
(2.59403 -0.0875244 0)
(2.62639 -0.138914 0)
(2.66184 -0.197122 0)
(2.68121 -0.25557 0)
(2.6943 -0.307924 0)
(2.71011 -0.318291 0)
(2.72054 -0.298605 0)
(2.7035 -0.312568 0)
(2.69402 -0.333438 0)
(2.69012 -0.350021 0)
(2.59735 -0.468296 0)
(2.3466 -0.757905 0)
(2.08303 -0.932138 0)
(2.05678 -0.920931 0)
(2.02217 -0.870254 0)
(2.01312 -0.813269 0)
(2.00971 -0.748142 0)
(2.00961 -0.692091 0)
(2.01357 -0.679076 0)
(2.02118 -0.665332 0)
(2.0301 -0.649517 0)
(2.04319 -0.636424 0)
(2.05988 -0.625341 0)
(2.07628 -0.609998 0)
(2.09121 -0.600025 0)
(2.08118 -0.559272 0)
(2.01615 -0.442731 0)
(1.89265 -0.22855 0)
(1.82236 -0.0806111 0)
(1.76778 0.0120557 0)
(1.77164 0.0224975 0)
(1.80066 0.0314171 0)
(1.82911 0.0334666 0)
(1.84732 0.0301452 0)
(1.86665 0.0302089 0)
(1.87884 0.0323053 0)
(1.89259 0.0404262 0)
(1.90462 0.0503892 0)
(1.91076 0.0582312 0)
(1.91716 0.0635209 0)
(1.93201 0.0661358 0)
(1.95068 0.068101 0)
(1.97226 0.0728249 0)
(1.99495 0.0797652 0)
(2.01552 0.0844211 0)
(2.03453 0.0878391 0)
(2.04928 0.0922334 0)
(2.05567 0.0970239 0)
(2.05867 0.0980211 0)
(2.0683 0.0954916 0)
(2.08235 0.0934139 0)
(2.09789 0.0934467 0)
(2.11467 0.0962326 0)
(2.13198 0.100278 0)
(2.14913 0.104454 0)
(2.16471 0.108717 0)
(2.17539 0.113764 0)
(2.17968 0.119223 0)
(2.18667 0.121375 0)
(2.1998 0.120066 0)
(2.21437 0.116851 0)
(2.22959 0.112139 0)
(2.24397 0.107641 0)
(2.25745 0.10416 0)
(2.27019 0.102726 0)
(2.27972 0.108185 0)
(2.28348 0.124056 0)
(2.28834 0.140015 0)
(2.30439 0.146395 0)
(2.32117 0.14901 0)
(2.33911 0.148891 0)
(2.35625 0.144817 0)
(2.3714 0.138244 0)
(2.38294 0.130445 0)
(2.38178 0.126347 0)
(2.37237 0.133676 0)
(2.37999 0.142318 0)
(2.39212 0.144713 0)
(2.41212 0.145002 0)
(1.51092 0.821431 0)
(1.61008 0.801643 0)
(1.71366 0.773144 0)
(1.80619 0.744224 0)
(1.91174 0.689917 0)
(2.01271 0.619576 0)
(2.0864 0.574506 0)
(2.14896 0.53304 0)
(2.22746 0.453991 0)
(2.30244 0.367799 0)
(2.35348 0.315151 0)
(2.39224 0.251908 0)
(2.42558 0.216673 0)
(2.44494 0.187456 0)
(2.50026 0.115685 0)
(2.54362 0.0314887 0)
(2.56076 -0.0276125 0)
(2.57892 -0.0523189 0)
(2.58917 -0.0581202 0)
(2.60035 -0.0899281 0)
(2.63382 -0.141456 0)
(2.66399 -0.196245 0)
(2.6769 -0.252606 0)
(2.70428 -0.272888 0)
(2.72117 -0.288866 0)
(2.68906 -0.348914 0)
(2.59121 -0.46432 0)
(2.33029 -0.747738 0)
(2.11412 -0.934085 0)
(2.02526 -0.974637 0)
(2.03187 -0.967189 0)
(2.04118 -0.954743 0)
(2.04421 -0.927928 0)
(2.0585 -0.899727 0)
(2.07152 -0.865469 0)
(2.07321 -0.807171 0)
(2.07125 -0.7475 0)
(2.07266 -0.704984 0)
(2.0776 -0.677764 0)
(2.0869 -0.650872 0)
(2.11089 -0.617673 0)
(2.11374 -0.606582 0)
(2.13025 -0.602122 0)
(2.12771 -0.568237 0)
(2.09893 -0.4869 0)
(2.01714 -0.319308 0)
(1.89127 -0.114978 0)
(1.85755 -0.0266757 0)
(1.84162 0.0314959 0)
(1.85386 0.0478991 0)
(1.87194 0.0480282 0)
(1.89605 0.0451101 0)
(1.90507 0.0412686 0)
(1.91635 0.0472349 0)
(1.93089 0.0615426 0)
(1.93918 0.0731703 0)
(1.94291 0.079861 0)
(1.95386 0.0829531 0)
(1.97111 0.0842833 0)
(1.99081 0.0864861 0)
(2.01491 0.0907601 0)
(2.03743 0.0953562 0)
(2.05793 0.0986477 0)
(2.07444 0.102991 0)
(2.07937 0.108117 0)
(2.0749 0.110199 0)
(2.08155 0.108521 0)
(2.09651 0.107993 0)
(2.11316 0.109535 0)
(2.13035 0.112632 0)
(2.14752 0.116995 0)
(2.16392 0.121898 0)
(2.17838 0.126222 0)
(2.18867 0.129257 0)
(2.19323 0.131345 0)
(2.19784 0.13288 0)
(2.20795 0.133371 0)
(2.22062 0.132527 0)
(2.23359 0.130088 0)
(2.24671 0.127039 0)
(2.26133 0.125145 0)
(2.27652 0.125495 0)
(2.29196 0.127293 0)
(2.30434 0.134378 0)
(2.31019 0.150032 0)
(2.31394 0.163444 0)
(2.32484 0.166764 0)
(2.33932 0.164824 0)
(2.35372 0.15912 0)
(2.36708 0.150642 0)
(2.37691 0.14101 0)
(2.3845 0.136681 0)
(2.391 0.144094 0)
(2.3949 0.159468 0)
(2.39845 0.171663 0)
(2.41734 0.172673 0)
(1.51546 0.830792 0)
(1.60254 0.80981 0)
(1.68877 0.786215 0)
(1.77491 0.756535 0)
(1.86891 0.710409 0)
(1.9548 0.660499 0)
(2.02588 0.621747 0)
(2.10214 0.563913 0)
(2.18162 0.485856 0)
(2.22996 0.450113 0)
(2.26823 0.411534 0)
(2.34149 0.328406 0)
(2.388 0.247786 0)
(2.42245 0.219784 0)
(2.44153 0.204814 0)
(2.47254 0.145755 0)
(2.5142 0.0769703 0)
(2.54627 0.0238541 0)
(2.56559 -0.0235745 0)
(2.58066 -0.0460199 0)
(2.58746 -0.0465656 0)
(2.6077 -0.0763994 0)
(2.64718 -0.140315 0)
(2.65636 -0.170147 0)
(2.66841 -0.251567 0)
(2.60539 -0.374363 0)
(2.3167 -0.695816 0)
(2.09625 -0.88614 0)
(2.01097 -0.946727 0)
(2.03408 -0.94041 0)
(2.0496 -0.928762 0)
(2.06866 -0.928153 0)
(2.07838 -0.932325 0)
(2.09018 -0.932392 0)
(2.10376 -0.927768 0)
(2.11456 -0.912407 0)
(2.12624 -0.885833 0)
(2.13673 -0.859018 0)
(2.13374 -0.79969 0)
(2.13221 -0.73893 0)
(2.13824 -0.692262 0)
(2.15103 -0.669078 0)
(2.16891 -0.64525 0)
(2.18611 -0.620594 0)
(2.1996 -0.595559 0)
(2.18413 -0.528777 0)
(2.11948 -0.389276 0)
(2.03226 -0.206885 0)
(1.93431 -0.0379075 0)
(1.90442 0.0385944 0)
(1.9114 0.0435949 0)
(1.91937 0.0544152 0)
(1.93085 0.0677931 0)
(1.94432 0.0640366 0)
(1.96115 0.067264 0)
(1.97426 0.0786491 0)
(1.97625 0.0920125 0)
(1.98054 0.103417 0)
(1.99637 0.107312 0)
(2.01506 0.108867 0)
(2.03877 0.109557 0)
(2.06214 0.10893 0)
(2.08242 0.10919 0)
(2.09998 0.109845 0)
(2.10656 0.113892 0)
(2.09793 0.12217 0)
(2.09955 0.127638 0)
(2.1146 0.129525 0)
(2.13067 0.130399 0)
(2.14751 0.13123 0)
(2.16511 0.13272 0)
(2.18223 0.135798 0)
(2.19641 0.140286 0)
(2.20471 0.144309 0)
(2.20688 0.146098 0)
(2.2098 0.146586 0)
(2.21865 0.14698 0)
(2.23089 0.147024 0)
(2.24346 0.146728 0)
(2.25656 0.147281 0)
(2.27178 0.149415 0)
(2.28741 0.151742 0)
(2.30312 0.153995 0)
(2.31805 0.156895 0)
(2.32821 0.16312 0)
(2.32965 0.173392 0)
(2.32959 0.179478 0)
(2.33743 0.177222 0)
(2.34921 0.172174 0)
(2.36061 0.166088 0)
(2.37281 0.161338 0)
(2.38862 0.160053 0)
(2.40374 0.161437 0)
(2.4166 0.168522 0)
(2.42199 0.182655 0)
(2.43 0.189623 0)
(1.53562 0.824572 0)
(1.61219 0.805969 0)
(1.68424 0.788142 0)
(1.76156 0.759991 0)
(1.85151 0.715245 0)
(1.92548 0.68176 0)
(1.98236 0.654428 0)
(2.06245 0.595436 0)
(2.14479 0.52022 0)
(2.1984 0.481233 0)
(2.22999 0.455723 0)
(2.2815 0.399591 0)
(2.34368 0.31999 0)
(2.38761 0.277425 0)
(2.42074 0.23116 0)
(2.44676 0.182678 0)
(2.46293 0.166844 0)
(2.4858 0.130569 0)
(2.53555 0.0689227 0)
(2.556 0.00590852 0)
(2.5712 -0.0220951 0)
(2.59998 -0.0229948 0)
(2.60765 -0.0373363 0)
(2.59317 -0.116003 0)
(2.54586 -0.245905 0)
(2.30142 -0.574779 0)
(2.10082 -0.786913 0)
(1.99985 -0.875464 0)
(2.01999 -0.875951 0)
(2.03947 -0.864502 0)
(2.05214 -0.874397 0)
(2.07306 -0.894284 0)
(2.08998 -0.908637 0)
(2.10671 -0.918711 0)
(2.12881 -0.92333 0)
(2.15205 -0.921254 0)
(2.16545 -0.910986 0)
(2.17066 -0.903331 0)
(2.17972 -0.88393 0)
(2.18852 -0.856967 0)
(2.19389 -0.827581 0)
(2.19545 -0.77772 0)
(2.20347 -0.729904 0)
(2.21381 -0.684269 0)
(2.23394 -0.65861 0)
(2.24524 -0.622806 0)
(2.24008 -0.559627 0)
(2.21436 -0.460904 0)
(2.13623 -0.290874 0)
(2.03217 -0.0958112 0)
(1.99657 -0.0152464 0)
(1.95492 0.0570433 0)
(1.95813 0.0774734 0)
(1.9774 0.0793674 0)
(1.99661 0.0818145 0)
(2.00941 0.0864171 0)
(2.01246 0.0973704 0)
(2.01571 0.11525 0)
(2.02753 0.124178 0)
(2.04588 0.126378 0)
(2.06576 0.126524 0)
(2.08594 0.124968 0)
(2.10463 0.12469 0)
(2.12162 0.123079 0)
(2.13096 0.12214 0)
(2.12905 0.130986 0)
(2.12492 0.14578 0)
(2.13503 0.151359 0)
(2.1511 0.152174 0)
(2.1673 0.151566 0)
(2.18401 0.150181 0)
(2.20129 0.150243 0)
(2.21696 0.152169 0)
(2.22641 0.156674 0)
(2.22627 0.163047 0)
(2.22399 0.166957 0)
(2.23123 0.166267 0)
(2.24339 0.164668 0)
(2.25675 0.165097 0)
(2.27092 0.168472 0)
(2.28545 0.173004 0)
(2.30024 0.176758 0)
(2.31518 0.179164 0)
(2.32945 0.180741 0)
(2.34091 0.182415 0)
(2.34508 0.185666 0)
(2.34227 0.190165 0)
(2.34298 0.191497 0)
(2.35165 0.18849 0)
(2.36471 0.184651 0)
(2.38047 0.184064 0)
(2.39554 0.186442 0)
(2.4119 0.18899 0)
(2.42858 0.191322 0)
(2.44097 0.197013 0)
(2.44659 0.204405 0)
(1.54898 0.843835 0)
(1.61202 0.828738 0)
(1.67576 0.81001 0)
(1.75128 0.776296 0)
(1.82402 0.739935 0)
(1.88078 0.718879 0)
(1.9496 0.680324 0)
(2.03413 0.61409 0)
(2.09231 0.568211 0)
(2.12535 0.55035 0)
(2.18317 0.503107 0)
(2.25686 0.420528 0)
(2.30164 0.374783 0)
(2.31823 0.364412 0)
(2.35983 0.315755 0)
(2.4121 0.241045 0)
(2.4441 0.192975 0)
(2.46861 0.180921 0)
(2.47831 0.161301 0)
(2.51709 0.104495 0)
(2.54842 0.0439878 0)
(2.56885 0.033336 0)
(2.57982 -0.0386718 0)
(2.51029 -0.151838 0)
(2.24417 -0.482738 0)
(2.06861 -0.692117 0)
(1.98164 -0.788175 0)
(2.00353 -0.790199 0)
(2.02623 -0.792185 0)
(2.04248 -0.806975 0)
(2.05967 -0.833087 0)
(2.07584 -0.85359 0)
(2.09265 -0.869153 0)
(2.11202 -0.877337 0)
(2.13574 -0.879508 0)
(2.15906 -0.88502 0)
(2.18228 -0.886321 0)
(2.19907 -0.882475 0)
(2.20521 -0.87551 0)
(2.20806 -0.868988 0)
(2.21936 -0.85912 0)
(2.23501 -0.847321 0)
(2.25094 -0.82626 0)
(2.26657 -0.795196 0)
(2.28164 -0.758584 0)
(2.29276 -0.727332 0)
(2.30967 -0.698663 0)
(2.30724 -0.644864 0)
(2.293 -0.556969 0)
(2.24422 -0.418791 0)
(2.15973 -0.235743 0)
(2.04934 -0.0379446 0)
(2.0256 0.0367149 0)
(2.03088 0.0722617 0)
(2.03431 0.086248 0)
(2.03338 0.103108 0)
(2.04363 0.115521 0)
(2.05491 0.122164 0)
(2.06239 0.135826 0)
(2.06846 0.146726 0)
(2.08309 0.148873 0)
(2.10116 0.147508 0)
(2.12024 0.142628 0)
(2.13783 0.139217 0)
(2.15106 0.137143 0)
(2.15818 0.141915 0)
(2.15942 0.156195 0)
(2.15994 0.170437 0)
(2.17219 0.1742 0)
(2.18899 0.174125 0)
(2.20558 0.171457 0)
(2.2217 0.168024 0)
(2.23725 0.166899 0)
(2.24956 0.168864 0)
(2.2536 0.175922 0)
(2.24799 0.186424 0)
(2.2478 0.190786 0)
(2.25991 0.189528 0)
(2.27368 0.188529 0)
(2.28774 0.188809 0)
(2.30253 0.19085 0)
(2.31727 0.195259 0)
(2.3304 0.200603 0)
(2.34149 0.203481 0)
(2.351 0.20249 0)
(2.35706 0.200086 0)
(2.35719 0.196686 0)
(2.35701 0.197265 0)
(2.36394 0.200933 0)
(2.37747 0.205261 0)
(2.39252 0.208295 0)
(2.4082 0.209779 0)
(2.42418 0.21088 0)
(2.44008 0.212605 0)
(2.45382 0.21617 0)
(2.46555 0.22054 0)
(1.56874 0.845694 0)
(1.62417 0.83338 0)
(1.68495 0.811008 0)
(1.75683 0.777283 0)
(1.81394 0.755649 0)
(1.86429 0.732835 0)
(1.9395 0.684813 0)
(2.013 0.630099 0)
(2.05708 0.609216 0)
(2.09268 0.583148 0)
(2.16507 0.520621 0)
(2.22947 0.452768 0)
(2.26624 0.429615 0)
(2.28816 0.408038 0)
(2.33607 0.352076 0)
(2.38009 0.297281 0)
(2.41922 0.254237 0)
(2.44883 0.214764 0)
(2.46442 0.192234 0)
(2.49412 0.162613 0)
(2.50356 0.140455 0)
(2.51426 0.066134 0)
(2.47447 -0.0566484 0)
(2.20982 -0.39367 0)
(2.03574 -0.608776 0)
(1.95485 -0.709937 0)
(1.97773 -0.714557 0)
(2.00523 -0.719008 0)
(2.0266 -0.737461 0)
(2.04587 -0.75625 0)
(2.06252 -0.770651 0)
(2.07465 -0.789055 0)
(2.08886 -0.808312 0)
(2.1094 -0.822358 0)
(2.13535 -0.830512 0)
(2.16227 -0.834055 0)
(2.18847 -0.834202 0)
(2.20998 -0.839065 0)
(2.22283 -0.846645 0)
(2.22622 -0.844513 0)
(2.23254 -0.831257 0)
(2.2548 -0.828035 0)
(2.26962 -0.826709 0)
(2.2924 -0.819648 0)
(2.32075 -0.804334 0)
(2.34333 -0.789468 0)
(2.35438 -0.779479 0)
(2.36449 -0.762278 0)
(2.36272 -0.723603 0)
(2.36361 -0.656896 0)
(2.34148 -0.571396 0)
(2.25962 -0.390831 0)
(2.17601 -0.175265 0)
(2.13382 -0.032043 0)
(2.07964 0.0786488 0)
(2.07501 0.108673 0)
(2.07815 0.114574 0)
(2.08379 0.128491 0)
(2.09208 0.147019 0)
(2.09581 0.158526 0)
(2.10398 0.163498 0)
(2.12259 0.16343 0)
(2.13914 0.159919 0)
(2.15457 0.156892 0)
(2.1693 0.157033 0)
(2.18266 0.159074 0)
(2.19189 0.164241 0)
(2.19387 0.177532 0)
(2.19647 0.190489 0)
(2.21188 0.193075 0)
(2.22852 0.191961 0)
(2.24347 0.188318 0)
(2.25796 0.185909 0)
(2.27157 0.185936 0)
(2.28066 0.189412 0)
(2.27972 0.199011 0)
(2.27239 0.21096 0)
(2.27816 0.214901 0)
(2.29234 0.21444 0)
(2.30666 0.213178 0)
(2.32113 0.211252 0)
(2.33586 0.210589 0)
(2.35001 0.212701 0)
(2.36101 0.21765 0)
(2.36534 0.222411 0)
(2.36346 0.221579 0)
(2.36287 0.21772 0)
(2.37109 0.216075 0)
(2.38417 0.219899 0)
(2.39759 0.226101 0)
(2.41079 0.231294 0)
(2.42309 0.234389 0)
(2.43577 0.236063 0)
(2.45081 0.237147 0)
(2.46415 0.237664 0)
(2.48161 0.236548 0)
(1.5678 0.864363 0)
(1.62265 0.851165 0)
(1.68595 0.824966 0)
(1.74457 0.799795 0)
(1.79319 0.784417 0)
(1.85276 0.753259 0)
(1.92509 0.702087 0)
(1.97723 0.668669 0)
(2.01234 0.655409 0)
(2.07127 0.613203 0)
(2.1436 0.544421 0)
(2.18875 0.503402 0)
(2.20885 0.496517 0)
(2.24929 0.460258 0)
(2.31357 0.386596 0)
(2.35214 0.339883 0)
(2.36588 0.33227 0)
(2.3892 0.301721 0)
(2.44066 0.23705 0)
(2.4634 0.215714 0)
(2.47784 0.14333 0)
(2.41912 0.0242015 0)
(2.15702 -0.306983 0)
(1.99545 -0.515739 0)
(1.92612 -0.629582 0)
(1.94789 -0.640289 0)
(1.97714 -0.652175 0)
(2.00364 -0.67259 0)
(2.02623 -0.691381 0)
(2.0473 -0.705452 0)
(2.06367 -0.718668 0)
(2.07463 -0.734739 0)
(2.08897 -0.752619 0)
(2.11086 -0.765605 0)
(2.13761 -0.774458 0)
(2.16582 -0.783254 0)
(2.19376 -0.792741 0)
(2.22016 -0.798867 0)
(2.2384 -0.800161 0)
(2.24394 -0.801199 0)
(2.24596 -0.801719 0)
(2.26424 -0.800986 0)
(2.28898 -0.799177 0)
(2.31292 -0.792906 0)
(2.33566 -0.790238 0)
(2.35905 -0.788631 0)
(2.37818 -0.785054 0)
(2.39308 -0.779244 0)
(2.4037 -0.772628 0)
(2.40824 -0.752008 0)
(2.41364 -0.712493 0)
(2.41344 -0.673357 0)
(2.3825 -0.560905 0)
(2.32008 -0.370819 0)
(2.20684 -0.112024 0)
(2.18475 0.00253521 0)
(2.14037 0.0839382 0)
(2.11864 0.137531 0)
(2.11208 0.154986 0)
(2.11842 0.168727 0)
(2.12409 0.180252 0)
(2.13359 0.179669 0)
(2.15094 0.177367 0)
(2.16863 0.177208 0)
(2.18701 0.17835 0)
(2.20344 0.180471 0)
(2.21671 0.183334 0)
(2.22343 0.190942 0)
(2.22329 0.204867 0)
(2.22443 0.2147 0)
(2.23921 0.214549 0)
(2.25804 0.212466 0)
(2.27588 0.207117 0)
(2.29061 0.205494 0)
(2.30318 0.206835 0)
(2.30794 0.211841 0)
(2.30214 0.223337 0)
(2.29963 0.234722 0)
(2.31059 0.237875 0)
(2.3258 0.237563 0)
(2.3414 0.235521 0)
(2.35652 0.231854 0)
(2.37042 0.228321 0)
(2.38232 0.226954 0)
(2.38907 0.229585 0)
(2.38538 0.235971 0)
(2.38065 0.241034 0)
(2.3924 0.243348 0)
(2.4067 0.244605 0)
(2.42118 0.245584 0)
(2.43561 0.247412 0)
(2.44755 0.251651 0)
(2.45553 0.258602 0)
(2.46293 0.261835 0)
(2.47047 0.256909 0)
(2.48031 0.25391 0)
(1.57691 0.863997 0)
(1.63063 0.847887 0)
(1.6912 0.82558 0)
(1.74121 0.810003 0)
(1.78858 0.791398 0)
(1.85585 0.752846 0)
(1.91865 0.713531 0)
(1.95736 0.70058 0)
(1.99638 0.676388 0)
(2.06686 0.621279 0)
(2.12716 0.565487 0)
(2.15893 0.552637 0)
(2.17948 0.53617 0)
(2.23783 0.481065 0)
(2.29323 0.416985 0)
(2.32842 0.382954 0)
(2.33793 0.377372 0)
(2.38182 0.333026 0)
(2.40513 0.307014 0)
(2.41758 0.225717 0)
(2.37099 0.0865968 0)
(2.10925 -0.247374 0)
(1.95757 -0.4465 0)
(1.89742 -0.55617 0)
(1.91863 -0.564911 0)
(1.94327 -0.57857 0)
(1.97329 -0.603758 0)
(1.99836 -0.625719 0)
(2.02342 -0.642418 0)
(2.04745 -0.6581 0)
(2.06681 -0.672193 0)
(2.07855 -0.684951 0)
(2.0913 -0.697243 0)
(2.11298 -0.70837 0)
(2.1393 -0.717586 0)
(2.16741 -0.724659 0)
(2.19531 -0.730469 0)
(2.22185 -0.736976 0)
(2.24427 -0.742966 0)
(2.25627 -0.743474 0)
(2.25775 -0.74188 0)
(2.26778 -0.74086 0)
(2.2937 -0.743717 0)
(2.32262 -0.748821 0)
(2.34944 -0.752119 0)
(2.37411 -0.756213 0)
(2.39982 -0.758359 0)
(2.42155 -0.759743 0)
(2.43741 -0.756676 0)
(2.44459 -0.745106 0)
(2.43843 -0.728616 0)
(2.44735 -0.713142 0)
(2.46711 -0.695109 0)
(2.47096 -0.656334 0)
(2.43352 -0.536378 0)
(2.37913 -0.350016 0)
(2.25774 -0.088161 0)
(2.20441 0.0463979 0)
(2.18026 0.111308 0)
(2.16988 0.154048 0)
(2.14699 0.182516 0)
(2.15295 0.189609 0)
(2.16911 0.198523 0)
(2.18127 0.201797 0)
(2.19485 0.202469 0)
(2.21207 0.205581 0)
(2.22799 0.208135 0)
(2.24203 0.210498 0)
(2.24926 0.216252 0)
(2.25036 0.225627 0)
(2.25822 0.231154 0)
(2.27198 0.230986 0)
(2.28558 0.229792 0)
(2.3002 0.230371 0)
(2.3138 0.231966 0)
(2.32497 0.232456 0)
(2.32889 0.233835 0)
(2.32658 0.241218 0)
(2.3338 0.248967 0)
(2.34871 0.252913 0)
(2.36446 0.254642 0)
(2.37975 0.254668 0)
(2.39377 0.252129 0)
(2.40473 0.248234 0)
(2.41109 0.245761 0)
(2.41195 0.24892 0)
(2.40763 0.260035 0)
(2.41238 0.270332 0)
(2.42633 0.274533 0)
(2.43959 0.277222 0)
(2.45365 0.278599 0)
(2.46843 0.277813 0)
(2.47953 0.276329 0)
(2.48316 0.274616 0)
(2.48065 0.276508 0)
(2.48323 0.277883 0)
(1.5852 0.878998 0)
(1.63374 0.858953 0)
(1.68052 0.844071 0)
(1.72534 0.832378 0)
(1.78362 0.804963 0)
(1.84693 0.765955 0)
(1.89112 0.746883 0)
(1.92673 0.736827 0)
(1.98575 0.699807 0)
(2.0527 0.641384 0)
(2.09399 0.609874 0)
(2.11357 0.606423 0)
(2.15851 0.570666 0)
(2.22315 0.504509 0)
(2.26397 0.454686 0)
(2.27232 0.456767 0)
(2.31817 0.422892 0)
(2.34879 0.392064 0)
(2.3609 0.30373 0)
(2.30758 0.152769 0)
(2.04411 -0.195993 0)
(1.90577 -0.389865 0)
(1.87206 -0.488601 0)
(1.89457 -0.495463 0)
(1.91484 -0.504523 0)
(1.9401 -0.531888 0)
(1.96738 -0.559973 0)
(1.99357 -0.580295 0)
(2.02101 -0.598753 0)
(2.04702 -0.614873 0)
(2.0692 -0.627181 0)
(2.0842 -0.636481 0)
(2.09619 -0.645376 0)
(2.11639 -0.655863 0)
(2.14308 -0.666061 0)
(2.17187 -0.675723 0)
(2.20127 -0.685327 0)
(2.23005 -0.694905 0)
(2.25575 -0.704033 0)
(2.2739 -0.710383 0)
(2.28095 -0.709684 0)
(2.28816 -0.705526 0)
(2.30894 -0.703214 0)
(2.33494 -0.703305 0)
(2.3613 -0.705872 0)
(2.3861 -0.70977 0)
(2.40891 -0.712711 0)
(2.43001 -0.714619 0)
(2.44833 -0.72148 0)
(2.46413 -0.723177 0)
(2.47422 -0.716574 0)
(2.47965 -0.699561 0)
(2.48526 -0.688652 0)
(2.49978 -0.682319 0)
(2.5155 -0.669676 0)
(2.51945 -0.629413 0)
(2.48718 -0.524721 0)
(2.40425 -0.321081 0)
(2.32936 -0.105904 0)
(2.22756 0.0946072 0)
(2.21344 0.13477 0)
(2.20152 0.170224 0)
(2.20112 0.204154 0)
(2.20578 0.218344 0)
(2.21971 0.221363 0)
(2.23397 0.226453 0)
(2.24469 0.230828 0)
(2.2534 0.232091 0)
(2.26232 0.234953 0)
(2.27098 0.239748 0)
(2.28049 0.245129 0)
(2.29028 0.248003 0)
(2.30028 0.249345 0)
(2.31067 0.251371 0)
(2.32108 0.253261 0)
(2.33224 0.253852 0)
(2.34249 0.253283 0)
(2.34888 0.256512 0)
(2.35328 0.26655 0)
(2.35843 0.275105 0)
(2.36863 0.278255 0)
(2.38237 0.278007 0)
(2.39731 0.276566 0)
(2.41246 0.274546 0)
(2.42537 0.27197 0)
(2.43294 0.27138 0)
(2.43558 0.279686 0)
(2.43721 0.29511 0)
(2.43894 0.305424 0)
(2.44631 0.306314 0)
(2.45949 0.302585 0)
(2.47516 0.298203 0)
(2.49013 0.292601 0)
(2.49987 0.28465 0)
(2.50041 0.285641 0)
(2.50081 0.296298 0)
(1.61374 0.884467 0)
(1.65173 0.865743 0)
(1.6863 0.854583 0)
(1.73013 0.836325 0)
(1.79014 0.805691 0)
(1.84082 0.781884 0)
(1.87436 0.773325 0)
(1.91794 0.749446 0)
(1.98561 0.70228 0)
(2.04002 0.659533 0)
(2.06639 0.652597 0)
(2.09158 0.633771 0)
(2.15253 0.582982 0)
(2.20993 0.517853 0)
(2.22989 0.508685 0)
(2.26383 0.488459 0)
(2.29591 0.470874 0)
(2.29607 0.3791 0)
(2.23694 0.205943 0)
(1.97542 -0.142813 0)
(1.86612 -0.308207 0)
(1.85508 -0.402602 0)
(1.87065 -0.421832 0)
(1.88983 -0.433587 0)
(1.90681 -0.460986 0)
(1.93358 -0.494238 0)
(1.96095 -0.517636 0)
(1.98955 -0.534321 0)
(2.01869 -0.549413 0)
(2.04697 -0.564558 0)
(2.07253 -0.579029 0)
(2.09191 -0.590992 0)
(2.10551 -0.599828 0)
(2.12414 -0.608332 0)
(2.15071 -0.618032 0)
(2.17977 -0.627443 0)
(2.20897 -0.63641 0)
(2.23716 -0.644494 0)
(2.26317 -0.651288 0)
(2.28506 -0.655528 0)
(2.29885 -0.654594 0)
(2.30448 -0.648071 0)
(2.31626 -0.643255 0)
(2.33949 -0.642458 0)
(2.36528 -0.644242 0)
(2.39042 -0.647297 0)
(2.4138 -0.65463 0)
(2.43624 -0.663976 0)
(2.45779 -0.669838 0)
(2.47616 -0.669065 0)
(2.49067 -0.672519 0)
(2.50117 -0.673401 0)
(2.50668 -0.672586 0)
(2.52176 -0.656631 0)
(2.53177 -0.653172 0)
(2.54955 -0.64698 0)
(2.55969 -0.637258 0)
(2.55802 -0.602083 0)
(2.52954 -0.504725 0)
(2.43241 -0.29078 0)
(2.37745 -0.0979509 0)
(2.26612 0.114731 0)
(2.23818 0.205794 0)
(2.24551 0.216024 0)
(2.25668 0.235322 0)
(2.2554 0.243842 0)
(2.26216 0.247596 0)
(2.27308 0.248765 0)
(2.27936 0.250967 0)
(2.28794 0.255198 0)
(2.30039 0.262246 0)
(2.31063 0.266891 0)
(2.31796 0.267576 0)
(2.32449 0.267898 0)
(2.33173 0.270138 0)
(2.3386 0.274763 0)
(2.34797 0.280796 0)
(2.36178 0.285928 0)
(2.37354 0.288634 0)
(2.38049 0.291058 0)
(2.38511 0.293111 0)
(2.39384 0.294721 0)
(2.406 0.29733 0)
(2.41709 0.300064 0)
(2.4269 0.3025 0)
(2.43879 0.307154 0)
(2.45029 0.313595 0)
(2.45915 0.320534 0)
(2.46241 0.3229 0)
(2.46321 0.320125 0)
(2.47211 0.317607 0)
(2.48495 0.316049 0)
(2.49742 0.312627 0)
(2.5089 0.305562 0)
(2.51613 0.304438 0)
(2.5238 0.314448 0)
(1.63838 0.912324 0)
(1.66502 0.897544 0)
(1.69673 0.879769 0)
(1.74163 0.850631 0)
(1.78707 0.823885 0)
(1.82066 0.814588 0)
(1.85746 0.799774 0)
(1.91631 0.760018 0)
(1.9753 0.712082 0)
(2.00877 0.697352 0)
(2.02943 0.692809 0)
(2.07917 0.657966 0)
(2.14656 0.58957 0)
(2.17626 0.563227 0)
(2.20661 0.552278 0)
(2.24224 0.546273 0)
(2.23228 0.44758 0)
(2.15982 0.251981 0)
(1.90976 -0.0824671 0)
(1.79254 -0.271073 0)
(1.80264 -0.352129 0)
(1.83428 -0.364944 0)
(1.86291 -0.378036 0)
(1.88228 -0.400941 0)
(1.90089 -0.429759 0)
(1.92722 -0.454378 0)
(1.95719 -0.472267 0)
(1.98937 -0.489496 0)
(2.02117 -0.507011 0)
(2.05116 -0.522533 0)
(2.07877 -0.535054 0)
(2.10165 -0.545945 0)
(2.11798 -0.555371 0)
(2.13505 -0.562791 0)
(2.16012 -0.570231 0)
(2.18902 -0.578719 0)
(2.21831 -0.588356 0)
(2.24665 -0.598773 0)
(2.27343 -0.609085 0)
(2.29789 -0.617597 0)
(2.31786 -0.622323 0)
(2.3313 -0.621221 0)
(2.34224 -0.615693 0)
(2.35934 -0.610795 0)
(2.38146 -0.610271 0)
(2.40466 -0.611389 0)
(2.42635 -0.611677 0)
(2.44549 -0.611366 0)
(2.46311 -0.609296 0)
(2.47944 -0.609259 0)
(2.49522 -0.611034 0)
(2.5093 -0.614913 0)
(2.52277 -0.620349 0)
(2.53802 -0.624628 0)
(2.55232 -0.630568 0)
(2.57032 -0.621657 0)
(2.58474 -0.609865 0)
(2.59058 -0.61154 0)
(2.59565 -0.603186 0)
(2.58962 -0.56483 0)
(2.56467 -0.463971 0)
(2.48567 -0.270143 0)
(2.38233 -0.0150299 0)
(2.37452 0.0997866 0)
(2.30177 0.220385 0)
(2.27766 0.2747 0)
(2.27783 0.273399 0)
(2.28365 0.270569 0)
(2.29201 0.274141 0)
(2.3008 0.281189 0)
(2.31627 0.289947 0)
(2.33129 0.29151 0)
(2.34042 0.286693 0)
(2.34396 0.281776 0)
(2.34641 0.283554 0)
(2.3525 0.292779 0)
(2.36187 0.305348 0)
(2.37071 0.314471 0)
(2.38068 0.316632 0)
(2.39272 0.315121 0)
(2.40242 0.312478 0)
(2.4106 0.313055 0)
(2.41899 0.317636 0)
(2.42972 0.32307 0)
(2.44117 0.329677 0)
(2.45122 0.336648 0)
(2.46055 0.340827 0)
(2.46573 0.341966 0)
(2.46698 0.339855 0)
(2.47493 0.333773 0)
(2.48753 0.330897 0)
(2.50133 0.329707 0)
(2.51568 0.328848 0)
(2.52839 0.327024 0)
(2.53555 0.331287 0)
(2.54587 0.339227 0)
(1.65453 0.93505 0)
(1.68657 0.915944 0)
(1.71772 0.894139 0)
(1.75668 0.865062 0)
(1.78984 0.845174 0)
(1.81918 0.832501 0)
(1.86137 0.804643 0)
(1.91847 0.761908 0)
(1.95905 0.73577 0)
(1.98115 0.732695 0)
(2.01456 0.710428 0)
(2.08397 0.653813 0)
(2.12441 0.615778 0)
(2.15526 0.601201 0)
(2.18635 0.601615 0)
(2.17235 0.506906 0)
(2.08276 0.277629 0)
(1.82905 -0.0667838 0)
(1.72963 -0.205266 0)
(1.76302 -0.263609 0)
(1.79531 -0.282828 0)
(1.83284 -0.314928 0)
(1.8588 -0.345709 0)
(1.87863 -0.370522 0)
(1.89967 -0.394366 0)
(1.92675 -0.413754 0)
(1.95868 -0.429934 0)
(1.99181 -0.444365 0)
(2.02442 -0.458866 0)
(2.05615 -0.474667 0)
(2.08624 -0.490991 0)
(2.113 -0.505624 0)
(2.13421 -0.516456 0)
(2.15206 -0.522884 0)
(2.17415 -0.528289 0)
(2.2012 -0.534564 0)
(2.22939 -0.541262 0)
(2.25683 -0.548169 0)
(2.28308 -0.555495 0)
(2.30808 -0.562784 0)
(2.33082 -0.56893 0)
(2.34938 -0.571517 0)
(2.36301 -0.568646 0)
(2.37606 -0.561389 0)
(2.39233 -0.555466 0)
(2.41125 -0.55294 0)
(2.43122 -0.555375 0)
(2.45148 -0.560474 0)
(2.47151 -0.563362 0)
(2.49014 -0.563951 0)
(2.50671 -0.562281 0)
(2.5197 -0.55961 0)
(2.52916 -0.557785 0)
(2.54066 -0.558786 0)
(2.55892 -0.563456 0)
(2.58019 -0.5666 0)
(2.60004 -0.574155 0)
(2.61577 -0.576221 0)
(2.6235 -0.578147 0)
(2.6247 -0.576105 0)
(2.63098 -0.556108 0)
(2.62619 -0.517059 0)
(2.59836 -0.410538 0)
(2.54947 -0.238102 0)
(2.42633 0.022985 0)
(2.40205 0.131927 0)
(2.37148 0.220896 0)
(2.33051 0.272341 0)
(2.30592 0.302403 0)
(2.30912 0.309177 0)
(2.31985 0.321035 0)
(2.33284 0.322895 0)
(2.34738 0.318201 0)
(2.36018 0.311359 0)
(2.36846 0.308249 0)
(2.37734 0.314357 0)
(2.38596 0.324019 0)
(2.39132 0.333156 0)
(2.39339 0.339447 0)
(2.39537 0.339184 0)
(2.40392 0.33716 0)
(2.41917 0.337112 0)
(2.43453 0.338738 0)
(2.44874 0.343439 0)
(2.46062 0.351539 0)
(2.47191 0.356706 0)
(2.47928 0.358424 0)
(2.47927 0.358589 0)
(2.47504 0.356858 0)
(2.48037 0.354949 0)
(2.49086 0.355087 0)
(2.50312 0.354703 0)
(2.51558 0.356464 0)
(2.52878 0.358777 0)
(2.53998 0.36155 0)
(2.55932 0.365961 0)
(1.6745 0.957039 0)
(1.70745 0.935566 0)
(1.74153 0.910214 0)
(1.7718 0.88605 0)
(1.80088 0.868006 0)
(1.82735 0.851254 0)
(1.87262 0.81627 0)
(1.91687 0.779345 0)
(1.94353 0.769463 0)
(1.96373 0.760753 0)
(2.02295 0.716355 0)
(2.06686 0.675674 0)
(2.10211 0.64991 0)
(2.13076 0.648091 0)
(2.11577 0.559117 0)
(1.97128 0.294728 0)
(1.76933 -0.0348528 0)
(1.68165 -0.19201 0)
(1.70116 -0.232881 0)
(1.74252 -0.230336 0)
(1.78189 -0.242065 0)
(1.81977 -0.271859 0)
(1.85205 -0.307542 0)
(1.88168 -0.341141 0)
(1.90886 -0.366561 0)
(1.93644 -0.381581 0)
(1.96678 -0.39274 0)
(1.99968 -0.40509 0)
(2.03347 -0.419486 0)
(2.06601 -0.434716 0)
(2.09654 -0.449652 0)
(2.12492 -0.464286 0)
(2.15005 -0.477591 0)
(2.17179 -0.486535 0)
(2.1933 -0.490951 0)
(2.2175 -0.494081 0)
(2.24364 -0.497874 0)
(2.26998 -0.502616 0)
(2.29547 -0.508296 0)
(2.31977 -0.514399 0)
(2.3427 -0.520545 0)
(2.36342 -0.526071 0)
(2.38107 -0.529286 0)
(2.39703 -0.527679 0)
(2.41356 -0.523368 0)
(2.43129 -0.519894 0)
(2.44927 -0.519895 0)
(2.46725 -0.521432 0)
(2.48527 -0.521384 0)
(2.50243 -0.522031 0)
(2.51845 -0.523053 0)
(2.53332 -0.522375 0)
(2.54641 -0.518973 0)
(2.55692 -0.513857 0)
(2.56497 -0.508714 0)
(2.57581 -0.505522 0)
(2.59353 -0.50722 0)
(2.61604 -0.51378 0)
(2.63626 -0.527729 0)
(2.65046 -0.536192 0)
(2.6583 -0.530398 0)
(2.66143 -0.518759 0)
(2.66802 -0.502661 0)
(2.66643 -0.471403 0)
(2.63488 -0.374351 0)
(2.58437 -0.210193 0)
(2.48804 0.0389322 0)
(2.4191 0.191108 0)
(2.4029 0.236664 0)
(2.37401 0.28374 0)
(2.35112 0.326251 0)
(2.34756 0.34405 0)
(2.35831 0.349761 0)
(2.36926 0.352833 0)
(2.375 0.351765 0)
(2.38299 0.354246 0)
(2.39512 0.359601 0)
(2.40515 0.36181 0)
(2.41085 0.36186 0)
(2.41268 0.359884 0)
(2.41616 0.360321 0)
(2.42804 0.362985 0)
(2.44139 0.366146 0)
(2.45525 0.370044 0)
(2.46793 0.373506 0)
(2.47714 0.375937 0)
(2.48165 0.375307 0)
(2.48145 0.373263 0)
(2.48729 0.371682 0)
(2.4997 0.371781 0)
(2.51186 0.374056 0)
(2.52045 0.376374 0)
(2.52658 0.381051 0)
(2.53458 0.38322 0)
(2.54352 0.381493 0)
(2.55987 0.383826 0)
(1.71396 0.96814 0)
(1.72487 0.958115 0)
(1.75959 0.934087 0)
(1.79194 0.908214 0)
(1.81389 0.894357 0)
(1.84542 0.869054 0)
(1.88637 0.83073 0)
(1.91769 0.806063 0)
(1.93093 0.804242 0)
(1.97561 0.772279 0)
(2.0229 0.731848 0)
(2.05906 0.696816 0)
(2.08271 0.684761 0)
(2.05574 0.590409 0)
(1.89902 0.322012 0)
(1.66625 -0.00501056 0)
(1.65068 -0.125645 0)
(1.67619 -0.161312 0)
(1.71559 -0.177424 0)
(1.74808 -0.194961 0)
(1.78242 -0.221189 0)
(1.82033 -0.257387 0)
(1.85678 -0.292742 0)
(1.8916 -0.31763 0)
(1.92383 -0.337401 0)
(1.95419 -0.353634 0)
(1.98445 -0.365696 0)
(2.01535 -0.373218 0)
(2.04616 -0.379881 0)
(2.07678 -0.390239 0)
(2.10734 -0.404792 0)
(2.13688 -0.420633 0)
(2.16454 -0.435168 0)
(2.18997 -0.44601 0)
(2.2138 -0.452352 0)
(2.23743 -0.455932 0)
(2.26168 -0.458979 0)
(2.28627 -0.46232 0)
(2.31035 -0.466037 0)
(2.33314 -0.469722 0)
(2.35447 -0.473134 0)
(2.37436 -0.476721 0)
(2.39285 -0.479871 0)
(2.41075 -0.479107 0)
(2.42826 -0.473469 0)
(2.44436 -0.465945 0)
(2.45884 -0.462919 0)
(2.47353 -0.46425 0)
(2.48944 -0.46477 0)
(2.50568 -0.464285 0)
(2.52255 -0.465532 0)
(2.54116 -0.469421 0)
(2.55905 -0.474026 0)
(2.57404 -0.476455 0)
(2.58534 -0.475793 0)
(2.59396 -0.470655 0)
(2.6008 -0.462378 0)
(2.60899 -0.459912 0)
(2.62384 -0.466421 0)
(2.64495 -0.468374 0)
(2.66665 -0.474727 0)
(2.68506 -0.478009 0)
(2.69474 -0.480458 0)
(2.69799 -0.469397 0)
(2.70166 -0.454005 0)
(2.70088 -0.42283 0)
(2.67649 -0.342588 0)
(2.60115 -0.15967 0)
(2.55515 0.0211212 0)
(2.44138 0.241941 0)
(2.41396 0.288076 0)
(2.39482 0.322098 0)
(2.39937 0.353748 0)
(2.39806 0.374621 0)
(2.39725 0.376757 0)
(2.40306 0.383005 0)
(2.40859 0.388147 0)
(2.41035 0.385663 0)
(2.40928 0.383538 0)
(2.41547 0.384175 0)
(2.43154 0.385332 0)
(2.44421 0.386329 0)
(2.45727 0.387365 0)
(2.47136 0.389245 0)
(2.48198 0.39266 0)
(2.48645 0.393929 0)
(2.48646 0.394048 0)
(2.4894 0.397928 0)
(2.49628 0.401221 0)
(2.50285 0.402411 0)
(2.51378 0.404717 0)
(2.526 0.404944 0)
(2.5375 0.406379 0)
(2.54905 0.40557 0)
(2.55703 0.400673 0)
(2.56404 0.40304 0)
(1.88399 0.930211 0)
(1.74278 0.97145 0)
(1.76725 0.956658 0)
(1.80264 0.934105 0)
(1.83205 0.914456 0)
(1.862 0.887919 0)
(1.89811 0.853067 0)
(1.9151 0.842174 0)
(1.9442 0.820454 0)
(1.98799 0.787745 0)
(2.01919 0.756066 0)
(2.03942 0.723401 0)
(2.00167 0.606657 0)
(1.8194 0.314536 0)
(1.60894 0.0456876 0)
(1.60627 -0.075054 0)
(1.65053 -0.129679 0)
(1.6922 -0.139955 0)
(1.73214 -0.159963 0)
(1.7662 -0.183179 0)
(1.79662 -0.205096 0)
(1.83408 -0.231043 0)
(1.87238 -0.259419 0)
(1.90934 -0.284714 0)
(1.94422 -0.306199 0)
(1.97671 -0.323597 0)
(2.00783 -0.336835 0)
(2.03821 -0.346896 0)
(2.06752 -0.355125 0)
(2.09575 -0.36312 0)
(2.12347 -0.372555 0)
(2.15104 -0.383666 0)
(2.17836 -0.394706 0)
(2.20523 -0.403265 0)
(2.23123 -0.408385 0)
(2.25566 -0.411134 0)
(2.27861 -0.41373 0)
(2.30104 -0.417704 0)
(2.32354 -0.422849 0)
(2.34577 -0.427894 0)
(2.36729 -0.431292 0)
(2.38758 -0.433428 0)
(2.4063 -0.436252 0)
(2.42429 -0.437983 0)
(2.44291 -0.435718 0)
(2.4616 -0.429353 0)
(2.47787 -0.424702 0)
(2.49168 -0.425074 0)
(2.50514 -0.426359 0)
(2.5193 -0.425954 0)
(2.53407 -0.423772 0)
(2.5498 -0.420588 0)
(2.56679 -0.419584 0)
(2.58403 -0.421085 0)
(2.59882 -0.424884 0)
(2.6097 -0.428306 0)
(2.61701 -0.429335 0)
(2.62374 -0.430674 0)
(2.63392 -0.430485 0)
(2.64739 -0.424702 0)
(2.66152 -0.421019 0)
(2.67555 -0.414836 0)
(2.68969 -0.416496 0)
(2.706 -0.423058 0)
(2.72084 -0.426802 0)
(2.7298 -0.413272 0)
(2.73698 -0.401899 0)
(2.73293 -0.374393 0)
(2.71107 -0.299041 0)
(2.62867 -0.114743 0)
(2.57643 0.0487546 0)
(2.48139 0.244499 0)
(2.43289 0.371272 0)
(2.42677 0.387898 0)
(2.42987 0.395655 0)
(2.43174 0.395223 0)
(2.42845 0.397385 0)
(2.42512 0.398402 0)
(2.42051 0.404924 0)
(2.42541 0.411062 0)
(2.43607 0.412999 0)
(2.44792 0.410629 0)
(2.45984 0.407481 0)
(2.47132 0.406738 0)
(2.48104 0.40781 0)
(2.4889 0.410494 0)
(2.49862 0.415647 0)
(2.50919 0.424022 0)
(2.51871 0.426573 0)
(2.52292 0.425397 0)
(2.52003 0.428683 0)
(2.52699 0.424428 0)
(2.53784 0.425093 0)
(2.54869 0.424167 0)
(2.55673 0.420602 0)
(2.57008 0.423432 0)
(2.38098 0.656673 0)
(1.85532 0.958494 0)
(1.77316 0.968748 0)
(1.80335 0.953737 0)
(1.84066 0.933446 0)
(1.87516 0.905331 0)
(1.90612 0.878433 0)
(1.92232 0.86624 0)
(1.96416 0.839902 0)
(1.98911 0.81787 0)
(2.00002 0.760951 0)
(1.93661 0.60726 0)
(1.76372 0.286723 0)
(1.58459 0.0581091 0)
(1.561 -0.0315907 0)
(1.6229 -0.0649637 0)
(1.67167 -0.0825605 0)
(1.71574 -0.108342 0)
(1.75304 -0.136442 0)
(1.78728 -0.157625 0)
(1.81994 -0.179238 0)
(1.85516 -0.205032 0)
(1.89262 -0.229741 0)
(1.9288 -0.248108 0)
(1.96405 -0.263945 0)
(1.99835 -0.281189 0)
(2.03039 -0.298137 0)
(2.06001 -0.310704 0)
(2.08703 -0.318308 0)
(2.11179 -0.324731 0)
(2.13657 -0.333488 0)
(2.16294 -0.344499 0)
(2.1903 -0.355259 0)
(2.21778 -0.363209 0)
(2.24479 -0.367504 0)
(2.27019 -0.369 0)
(2.29317 -0.369612 0)
(2.31387 -0.371722 0)
(2.33355 -0.375999 0)
(2.35338 -0.381176 0)
(2.3742 -0.384685 0)
(2.3956 -0.385756 0)
(2.41591 -0.386639 0)
(2.43447 -0.388071 0)
(2.4522 -0.387631 0)
(2.47019 -0.382818 0)
(2.48709 -0.376955 0)
(2.50048 -0.374648 0)
(2.51111 -0.374602 0)
(2.52228 -0.374699 0)
(2.53484 -0.374729 0)
(2.54894 -0.37357 0)
(2.56509 -0.37273 0)
(2.5845 -0.37201 0)
(2.60408 -0.372076 0)
(2.61927 -0.372234 0)
(2.62971 -0.375169 0)
(2.63901 -0.383943 0)
(2.64739 -0.392751 0)
(2.65617 -0.395705 0)
(2.67217 -0.391615 0)
(2.68921 -0.383145 0)
(2.70249 -0.375284 0)
(2.7098 -0.372354 0)
(2.7143 -0.370566 0)
(2.72682 -0.369598 0)
(2.74341 -0.373247 0)
(2.75859 -0.365568 0)
(2.76614 -0.35746 0)
(2.75514 -0.316907 0)
(2.73366 -0.240902 0)
(2.67283 -0.103544 0)
(2.56734 0.128956 0)
(2.56123 0.241617 0)
(2.48686 0.379208 0)
(2.4524 0.438596 0)
(2.44013 0.434024 0)
(2.43872 0.426017 0)
(2.43742 0.429819 0)
(2.4404 0.431309 0)
(2.45048 0.430535 0)
(2.46261 0.431459 0)
(2.47067 0.428089 0)
(2.47723 0.426542 0)
(2.48563 0.430047 0)
(2.49551 0.438553 0)
(2.50512 0.449444 0)
(2.51357 0.457161 0)
(2.51998 0.460341 0)
(2.5265 0.457395 0)
(2.53168 0.451279 0)
(2.53628 0.444446 0)
(2.54331 0.445147 0)
(2.55211 0.446297 0)
(2.55963 0.444909 0)
(2.57175 0.448412 0)
(2.92393 0.141873 0)
(2.25814 0.751542 0)
(1.84037 0.968528 0)
(1.80913 0.971318 0)
(1.83578 0.953042 0)
(1.8856 0.91739 0)
(1.902 0.906959 0)
(1.94222 0.879061 0)
(1.97244 0.875922 0)
(1.9581 0.788658 0)
(1.88301 0.607337 0)
(1.65962 0.268653 0)
(1.58192 0.0737413 0)
(1.58054 -0.00635093 0)
(1.60756 -0.0236782 0)
(1.64957 -0.0385274 0)
(1.69745 -0.0656473 0)
(1.74312 -0.0972908 0)
(1.78281 -0.127459 0)
(1.81766 -0.148699 0)
(1.85091 -0.167225 0)
(1.88139 -0.185459 0)
(1.91266 -0.202105 0)
(1.94645 -0.216447 0)
(1.98107 -0.22971 0)
(2.01505 -0.243787 0)
(2.04749 -0.259633 0)
(2.07713 -0.275067 0)
(2.10321 -0.287018 0)
(2.12648 -0.294723 0)
(2.14925 -0.300025 0)
(2.17359 -0.305834 0)
(2.20014 -0.313217 0)
(2.22746 -0.320655 0)
(2.25397 -0.326302 0)
(2.27884 -0.329111 0)
(2.3018 -0.329593 0)
(2.32316 -0.329744 0)
(2.34283 -0.332096 0)
(2.36196 -0.336268 0)
(2.38093 -0.338506 0)
(2.39982 -0.337362 0)
(2.4197 -0.335448 0)
(2.43831 -0.335657 0)
(2.4564 -0.337539 0)
(2.47514 -0.33795 0)
(2.49314 -0.336448 0)
(2.50887 -0.333963 0)
(2.52103 -0.331154 0)
(2.53176 -0.329974 0)
(2.54403 -0.332133 0)
(2.55751 -0.334483 0)
(2.57067 -0.335099 0)
(2.58269 -0.332497 0)
(2.59844 -0.329334 0)
(2.61912 -0.326801 0)
(2.63714 -0.326719 0)
(2.64816 -0.33044 0)
(2.65374 -0.338454 0)
(2.66322 -0.342967 0)
(2.67654 -0.338895 0)
(2.69214 -0.333351 0)
(2.70832 -0.330345 0)
(2.7191 -0.332264 0)
(2.7257 -0.336708 0)
(2.73449 -0.336296 0)
(2.74503 -0.325132 0)
(2.7574 -0.315766 0)
(2.76901 -0.321352 0)
(2.78233 -0.306171 0)
(2.78389 -0.299129 0)
(2.77735 -0.270209 0)
(2.74961 -0.198024 0)
(2.70809 -0.0594704 0)
(2.60396 0.166304 0)
(2.57774 0.26415 0)
(2.54184 0.363641 0)
(2.48202 0.440513 0)
(2.45004 0.472937 0)
(2.4486 0.473756 0)
(2.45226 0.473265 0)
(2.46135 0.467249 0)
(2.4734 0.462745 0)
(2.48645 0.452844 0)
(2.50145 0.451277 0)
(2.51656 0.455601 0)
(2.52729 0.465758 0)
(2.52866 0.478513 0)
(2.52594 0.485241 0)
(2.52403 0.48053 0)
(2.53385 0.473651 0)
(2.54469 0.466888 0)
(2.55631 0.464728 0)
(2.56837 0.464812 0)
(2.57513 0.464684 0)
(2.5821 0.47131 0)
(2.99818 0.00836863 0)
(2.84011 0.248855 0)
(2.17297 0.813697 0)
(1.85038 0.969961 0)
(1.84378 0.969049 0)
(1.86961 0.948328 0)
(1.91265 0.917989 0)
(1.93996 0.904415 0)
(1.92293 0.813376 0)
(1.80128 0.560058 0)
(1.60042 0.262289 0)
(1.53675 0.108328 0)
(1.56793 0.0423334 0)
(1.60819 0.0232403 0)
(1.6431 0.00565456 0)
(1.67284 -0.0178584 0)
(1.71206 -0.0421103 0)
(1.75528 -0.0667605 0)
(1.79696 -0.091842 0)
(1.83504 -0.115545 0)
(1.86993 -0.13814 0)
(1.90065 -0.158682 0)
(1.92869 -0.17314 0)
(1.9573 -0.182906 0)
(1.98863 -0.193587 0)
(2.02126 -0.207075 0)
(2.0534 -0.221334 0)
(2.08423 -0.234357 0)
(2.11103 -0.24458 0)
(2.13316 -0.251098 0)
(2.1544 -0.255323 0)
(2.17741 -0.259577 0)
(2.20236 -0.265394 0)
(2.22932 -0.272301 0)
(2.25647 -0.279194 0)
(2.28214 -0.284498 0)
(2.3043 -0.287125 0)
(2.32368 -0.286853 0)
(2.34282 -0.286053 0)
(2.36089 -0.288661 0)
(2.38182 -0.292336 0)
(2.40512 -0.292753 0)
(2.42923 -0.292492 0)
(2.45216 -0.291085 0)
(2.4651 -0.287098 0)
(2.47254 -0.285403 0)
(2.48186 -0.286315 0)
(2.4943 -0.286034 0)
(2.512 -0.282964 0)
(2.52991 -0.2789 0)
(2.54437 -0.276372 0)
(2.55517 -0.278927 0)
(2.56737 -0.285318 0)
(2.58169 -0.290442 0)
(2.59419 -0.291187 0)
(2.60921 -0.285632 0)
(2.62862 -0.279936 0)
(2.64624 -0.278757 0)
(2.66018 -0.28205 0)
(2.66984 -0.287559 0)
(2.67461 -0.294422 0)
(2.68141 -0.295703 0)
(2.69084 -0.295228 0)
(2.70049 -0.291751 0)
(2.70867 -0.283313 0)
(2.72603 -0.280685 0)
(2.74307 -0.278644 0)
(2.76251 -0.276665 0)
(2.77813 -0.274519 0)
(2.7883 -0.267754 0)
(2.80007 -0.265369 0)
(2.80975 -0.249565 0)
(2.80481 -0.252598 0)
(2.79211 -0.217454 0)
(2.77099 -0.151639 0)
(2.73711 -0.0380024 0)
(2.6415 0.183066 0)
(2.5914 0.301561 0)
(2.56801 0.37362 0)
(2.52751 0.447762 0)
(2.48198 0.495243 0)
(2.46798 0.507025 0)
(2.47453 0.508375 0)
(2.48757 0.502097 0)
(2.49979 0.493947 0)
(2.51764 0.490166 0)
(2.52881 0.493486 0)
(2.54303 0.498273 0)
(2.54674 0.502573 0)
(2.53553 0.50316 0)
(2.53586 0.495196 0)
(2.54448 0.488528 0)
(2.55466 0.487688 0)
(2.56814 0.49004 0)
(2.58031 0.491783 0)
(2.59865 0.495542 0)
(2.99998 7.90614e-05 0)
(2.99384 0.019038 0)
(2.75347 0.355151 0)
(2.105 0.858525 0)
(1.88018 0.964703 0)
(1.87525 0.968703 0)
(1.90292 0.941674 0)
(1.84696 0.793525 0)
(1.69545 0.489286 0)
(1.56264 0.247223 0)
(1.49527 0.136293 0)
(1.52519 0.0958057 0)
(1.56861 0.0641989 0)
(1.6149 0.0312691 0)
(1.65043 0.00160603 0)
(1.67991 -0.0248127 0)
(1.71625 -0.0444224 0)
(1.75706 -0.0615416 0)
(1.79902 -0.0801035 0)
(1.83822 -0.101399 0)
(1.87377 -0.121158 0)
(1.90525 -0.135952 0)
(1.93283 -0.144575 0)
(1.95806 -0.148054 0)
(1.98488 -0.153192 0)
(2.01974 -0.163907 0)
(2.0549 -0.179242 0)
(2.08594 -0.195044 0)
(2.11309 -0.203855 0)
(2.13791 -0.210149 0)
(2.1599 -0.214581 0)
(2.18522 -0.21889 0)
(2.2134 -0.224624 0)
(2.23923 -0.229797 0)
(2.26073 -0.23213 0)
(2.27958 -0.2379 0)
(2.30324 -0.24268 0)
(2.32679 -0.247625 0)
(2.34576 -0.249699 0)
(2.36326 -0.244835 0)
(2.37745 -0.242094 0)
(2.39159 -0.244435 0)
(2.41121 -0.246878 0)
(2.43978 -0.244398 0)
(2.46885 -0.2416 0)
(2.48769 -0.240207 0)
(2.49555 -0.240435 0)
(2.50374 -0.241279 0)
(2.5185 -0.239052 0)
(2.53814 -0.23635 0)
(2.55919 -0.235297 0)
(2.57774 -0.235525 0)
(2.58828 -0.238731 0)
(2.59447 -0.243657 0)
(2.60544 -0.246492 0)
(2.62143 -0.244002 0)
(2.63887 -0.239335 0)
(2.65828 -0.236747 0)
(2.6762 -0.240941 0)
(2.69086 -0.24703 0)
(2.69725 -0.24906 0)
(2.68989 -0.249679 0)
(2.69048 -0.250955 0)
(2.70578 -0.250768 0)
(2.72276 -0.243481 0)
(2.73665 -0.234183 0)
(2.74095 -0.231347 0)
(2.74402 -0.231038 0)
(2.75406 -0.228576 0)
(2.76768 -0.229378 0)
(2.78305 -0.221418 0)
(2.79465 -0.210842 0)
(2.80416 -0.215111 0)
(2.80298 -0.217617 0)
(2.81451 -0.203449 0)
(2.81501 -0.187377 0)
(2.7973 -0.131704 0)
(2.74905 -0.000336475 0)
(2.70187 0.17956 0)
(2.59273 0.403839 0)
(2.57778 0.420696 0)
(2.53833 0.454354 0)
(2.51633 0.501774 0)
(2.51499 0.53477 0)
(2.51519 0.530389 0)
(2.52265 0.527261 0)
(2.53459 0.524253 0)
(2.54611 0.524976 0)
(2.54987 0.530299 0)
(2.55128 0.531518 0)
(2.55175 0.522982 0)
(2.55137 0.514166 0)
(2.56118 0.51472 0)
(2.57343 0.517539 0)
(2.58533 0.519658 0)
(2.60324 0.522552 0)
(3 1.28882e-07 0)
(2.99989 0.000330793 0)
(2.98759 0.034589 0)
(2.66228 0.449778 0)
(2.04428 0.865873 0)
(1.96632 1.00815 0)
(1.75878 0.757764 0)
(1.53003 0.4194 0)
(1.48572 0.231965 0)
(1.468 0.172823 0)
(1.47429 0.14916 0)
(1.51051 0.121957 0)
(1.55496 0.08981 0)
(1.59745 0.0551396 0)
(1.63504 0.0249643 0)
(1.6697 0.00102866 0)
(1.70679 -0.0158496 0)
(1.74688 -0.029494 0)
(1.78864 -0.0443856 0)
(1.82984 -0.0600207 0)
(1.8651 -0.0751475 0)
(1.89582 -0.0884034 0)
(1.92556 -0.100952 0)
(1.95494 -0.1122 0)
(1.98143 -0.118667 0)
(2.00542 -0.124847 0)
(2.03458 -0.139066 0)
(2.07111 -0.152246 0)
(2.10738 -0.161358 0)
(2.14189 -0.169565 0)
(2.17189 -0.175486 0)
(2.18967 -0.17559 0)
(2.2062 -0.179462 0)
(2.23537 -0.184133 0)
(2.26599 -0.188962 0)
(2.29353 -0.195386 0)
(2.30747 -0.196849 0)
(2.31893 -0.197575 0)
(2.34192 -0.199385 0)
(2.36677 -0.198633 0)
(2.39034 -0.198278 0)
(2.40963 -0.199209 0)
(2.42447 -0.199474 0)
(2.43547 -0.199601 0)
(2.44917 -0.196112 0)
(2.46888 -0.189086 0)
(2.48641 -0.18563 0)
(2.50149 -0.187845 0)
(2.51379 -0.194501 0)
(2.52729 -0.19714 0)
(2.54207 -0.195888 0)
(2.55883 -0.19039 0)
(2.57726 -0.188024 0)
(2.59432 -0.19 0)
(2.60923 -0.191379 0)
(2.62182 -0.194067 0)
(2.63361 -0.19822 0)
(2.64769 -0.199504 0)
(2.66208 -0.20121 0)
(2.67215 -0.203504 0)
(2.67769 -0.20337 0)
(2.68634 -0.201689 0)
(2.69498 -0.199706 0)
(2.70087 -0.19827 0)
(2.70845 -0.195666 0)
(2.71647 -0.190619 0)
(2.7244 -0.185643 0)
(2.73547 -0.183407 0)
(2.74901 -0.183906 0)
(2.76172 -0.185897 0)
(2.77579 -0.179326 0)
(2.79129 -0.173882 0)
(2.80409 -0.174951 0)
(2.81013 -0.17198 0)
(2.81317 -0.170537 0)
(2.82789 -0.169265 0)
(2.84504 -0.165878 0)
(2.84928 -0.146252 0)
(2.83426 -0.0909947 0)
(2.76471 0.060803 0)
(2.72432 0.200537 0)
(2.61344 0.395196 0)
(2.55444 0.509148 0)
(2.55611 0.506541 0)
(2.56217 0.524325 0)
(2.56246 0.538728 0)
(2.56215 0.539712 0)
(2.56142 0.545852 0)
(2.56111 0.556151 0)
(2.55481 0.558455 0)
(2.55396 0.553685 0)
(2.56445 0.551797 0)
(2.57529 0.550794 0)
(2.58854 0.547015 0)
(2.60193 0.545917 0)
(2.61357 0.54498 0)
(3 7.70278e-11 0)
(3 6.02188e-07 0)
(2.9997 0.00114146 0)
(3.00357 0.0368424 0)
(2.46415 0.641072 0)
(1.963 0.675893 0)
(1.38364 0.337657 0)
(1.34921 0.224885 0)
(1.39064 0.177706 0)
(1.4287 0.158296 0)
(1.45593 0.138236 0)
(1.4893 0.112758 0)
(1.52779 0.0842283 0)
(1.56548 0.0560404 0)
(1.60439 0.0312311 0)
(1.64199 0.00983937 0)
(1.68278 -0.00641685 0)
(1.72626 -0.0177007 0)
(1.77021 -0.0245727 0)
(1.81061 -0.0314977 0)
(1.84591 -0.0411263 0)
(1.87534 -0.0533027 0)
(1.90265 -0.06547 0)
(1.93496 -0.0769589 0)
(1.97105 -0.0878964 0)
(2.00786 -0.0997747 0)
(2.04395 -0.106657 0)
(2.07497 -0.113132 0)
(2.10255 -0.124031 0)
(2.13057 -0.130931 0)
(2.16094 -0.133528 0)
(2.19208 -0.137292 0)
(2.22093 -0.13945 0)
(2.23869 -0.143335 0)
(2.25429 -0.149297 0)
(2.27958 -0.149331 0)
(2.30972 -0.150846 0)
(2.33638 -0.150467 0)
(2.35626 -0.147917 0)
(2.36483 -0.152422 0)
(2.37412 -0.155194 0)
(2.38811 -0.153414 0)
(2.4057 -0.150622 0)
(2.42845 -0.150158 0)
(2.45525 -0.149653 0)
(2.47932 -0.147374 0)
(2.50238 -0.146274 0)
(2.52229 -0.148217 0)
(2.53616 -0.149911 0)
(2.54034 -0.149127 0)
(2.5486 -0.147838 0)
(2.56716 -0.146763 0)
(2.58695 -0.14722 0)
(2.6077 -0.149608 0)
(2.62672 -0.152872 0)
(2.6427 -0.154228 0)
(2.65429 -0.15303 0)
(2.65932 -0.152634 0)
(2.66072 -0.155888 0)
(2.66586 -0.158611 0)
(2.68223 -0.159259 0)
(2.69692 -0.158159 0)
(2.70915 -0.155762 0)
(2.71905 -0.15574 0)
(2.7249 -0.154188 0)
(2.72894 -0.150391 0)
(2.72979 -0.148116 0)
(2.733 -0.145146 0)
(2.74749 -0.144411 0)
(2.76628 -0.146178 0)
(2.78262 -0.141799 0)
(2.79528 -0.137391 0)
(2.80829 -0.135029 0)
(2.81878 -0.130784 0)
(2.82799 -0.135836 0)
(2.84244 -0.13775 0)
(2.86324 -0.136768 0)
(2.87247 -0.129481 0)
(2.8752 -0.134786 0)
(2.86267 -0.108092 0)
(2.84391 -0.050227 0)
(2.77115 0.0906454 0)
(2.71733 0.22114 0)
(2.63384 0.411663 0)
(2.59348 0.568985 0)
(2.59816 0.567338 0)
(2.59034 0.563053 0)
(2.58621 0.560318 0)
(2.5816 0.560402 0)
(2.57435 0.571463 0)
(2.56922 0.589905 0)
(2.56993 0.591572 0)
(2.58018 0.586461 0)
(2.58871 0.578749 0)
(2.59588 0.569127 0)
(2.60614 0.533871 0)
(3 3.76561e-15 0)
(3 7.37586e-10 0)
(3 2.1897e-06 0)
(3.00009 0.00265045 0)
(2.86296 0.0372555 0)
(1.38172 -0.0166801 0)
(1.07319 0.0770065 0)
(1.20202 0.148067 0)
(1.28338 0.201979 0)
(1.32416 0.195582 0)
(1.35869 0.168552 0)
(1.39892 0.141498 0)
(1.44159 0.116423 0)
(1.4824 0.0881857 0)
(1.52496 0.0571175 0)
(1.56858 0.0312316 0)
(1.61699 0.0157847 0)
(1.66588 0.00339149 0)
(1.71216 -0.00432775 0)
(1.75592 -0.00861173 0)
(1.79709 -0.0146198 0)
(1.83594 -0.0232234 0)
(1.87502 -0.0324378 0)
(1.91512 -0.041507 0)
(1.95555 -0.0522997 0)
(1.9938 -0.0619504 0)
(2.02956 -0.0690693 0)
(2.06509 -0.0774449 0)
(2.09861 -0.0860711 0)
(2.12791 -0.0922024 0)
(2.15396 -0.0970616 0)
(2.17961 -0.101159 0)
(2.20432 -0.101782 0)
(2.23075 -0.101789 0)
(2.25765 -0.10234 0)
(2.28099 -0.103309 0)
(2.30146 -0.107009 0)
(2.32128 -0.109567 0)
(2.33791 -0.110125 0)
(2.35434 -0.109873 0)
(2.3741 -0.107887 0)
(2.39778 -0.106688 0)
(2.42113 -0.105752 0)
(2.44139 -0.104062 0)
(2.45597 -0.105612 0)
(2.47153 -0.109097 0)
(2.48919 -0.109543 0)
(2.50514 -0.10803 0)
(2.51778 -0.104466 0)
(2.53127 -0.102171 0)
(2.54595 -0.102835 0)
(2.56175 -0.105207 0)
(2.58014 -0.107834 0)
(2.5979 -0.110436 0)
(2.61296 -0.113255 0)
(2.62544 -0.113625 0)
(2.63663 -0.111565 0)
(2.64857 -0.110473 0)
(2.66034 -0.112552 0)
(2.67169 -0.110274 0)
(2.68298 -0.108338 0)
(2.69361 -0.110934 0)
(2.70269 -0.113354 0)
(2.70879 -0.11422 0)
(2.71263 -0.112556 0)
(2.71776 -0.111026 0)
(2.72923 -0.112574 0)
(2.74304 -0.112565 0)
(2.75721 -0.105054 0)
(2.77072 -0.0981376 0)
(2.78328 -0.0940812 0)
(2.79296 -0.0946548 0)
(2.79949 -0.0965616 0)
(2.80887 -0.0922003 0)
(2.82117 -0.0931064 0)
(2.83612 -0.093923 0)
(2.85312 -0.089396 0)
(2.86606 -0.0862722 0)
(2.87849 -0.0903236 0)
(2.87924 -0.0920502 0)
(2.8711 -0.0936404 0)
(2.85446 -0.0643295 0)
(2.83486 -0.00479515 0)
(2.78255 0.122945 0)
(2.70815 0.324669 0)
(2.71983 0.406312 0)
(2.63426 0.564185 0)
(2.60587 0.622115 0)
(2.59193 0.60235 0)
(2.6006 0.599057 0)
(2.60056 0.601167 0)
(2.59389 0.600708 0)
(2.58823 0.586532 0)
(2.58325 0.560402 0)
(2.57383 0.50888 0)
(2.57137 0.360135 0)
(3 -3.04855e-16 0)
(3 1.05347e-13 0)
(3 1.93722e-09 0)
(3.00001 3.27453e-05 0)
(2.39724 -0.258374 0)
(0.810383 -0.163393 0)
(0.701834 0.0696531 0)
(0.85771 0.180069 0)
(0.979784 0.193399 0)
(1.06775 0.154915 0)
(1.14801 0.120593 0)
(1.22278 0.089558 0)
(1.29412 0.0582752 0)
(1.35763 0.0311544 0)
(1.41564 0.0117811 0)
(1.47325 -0.000342818 0)
(1.53262 -0.00646169 0)
(1.59039 -0.0111369 0)
(1.64536 -0.016121 0)
(1.6956 -0.0177236 0)
(1.74492 -0.0197537 0)
(1.79316 -0.0243636 0)
(1.84023 -0.0299273 0)
(1.88561 -0.0346254 0)
(1.92935 -0.0377155 0)
(1.97185 -0.0401872 0)
(2.01246 -0.044026 0)
(2.04968 -0.0493768 0)
(2.08247 -0.0546492 0)
(2.11186 -0.0591391 0)
(2.13934 -0.0621649 0)
(2.16637 -0.0626634 0)
(2.19381 -0.0617213 0)
(2.22093 -0.0609094 0)
(2.24633 -0.060687 0)
(2.27023 -0.0618609 0)
(2.29203 -0.0639903 0)
(2.31094 -0.0658759 0)
(2.32834 -0.0663359 0)
(2.3464 -0.0651613 0)
(2.36615 -0.0629018 0)
(2.3874 -0.0608837 0)
(2.41025 -0.0599818 0)
(2.4335 -0.0611899 0)
(2.45604 -0.0650733 0)
(2.47489 -0.0673437 0)
(2.49128 -0.0658287 0)
(2.5079 -0.0629886 0)
(2.52595 -0.0607413 0)
(2.54461 -0.0596714 0)
(2.56138 -0.0608745 0)
(2.57565 -0.0627581 0)
(2.58899 -0.0637654 0)
(2.60347 -0.0646032 0)
(2.61952 -0.0651004 0)
(2.63569 -0.0660016 0)
(2.64783 -0.0677683 0)
(2.65377 -0.0686841 0)
(2.66679 -0.0704734 0)
(2.68742 -0.068112 0)
(2.70424 -0.0666122 0)
(2.71818 -0.067116 0)
(2.72685 -0.0669165 0)
(2.72659 -0.0679154 0)
(2.7246 -0.0685782 0)
(2.72832 -0.0690716 0)
(2.73404 -0.0703168 0)
(2.75212 -0.0688764 0)
(2.77107 -0.0671885 0)
(2.78983 -0.0643225 0)
(2.8055 -0.0584364 0)
(2.81342 -0.052284 0)
(2.81457 -0.0538038 0)
(2.8178 -0.0564884 0)
(2.8303 -0.0585253 0)
(2.8461 -0.0596499 0)
(2.86088 -0.0524709 0)
(2.87521 -0.0506668 0)
(2.88804 -0.0528738 0)
(2.89244 -0.056933 0)
(2.89261 -0.0576384 0)
(2.87961 -0.0573495 0)
(2.87581 -0.0409441 0)
(2.87001 -0.0217574 0)
(2.84811 0.0452323 0)
(2.82405 0.154729 0)
(2.73801 0.364169 0)
(2.7301 0.445535 0)
(2.70183 0.53126 0)
(2.64963 0.589864 0)
(2.59583 0.570041 0)
(2.55386 0.51572 0)
(2.52527 0.403227 0)
(2.50206 0.282238 0)
(2.49036 0.162148 0)
(2.45012 -0.00943465 0)
(3 -1.11707e-16 0)
(3 -3.31827e-16 0)
(3 1.30123e-13 0)
(3 1.26114e-07 0)
(1.98983 -0.0801275 0)
(0.637412 -0.0678689 0)
(0.537584 -0.000515539 0)
(0.610566 0.0516122 0)
(0.719781 0.0908509 0)
(0.842605 0.100808 0)
(0.969826 0.0970505 0)
(1.08673 0.0874919 0)
(1.1875 0.0683294 0)
(1.27341 0.0501965 0)
(1.34867 0.0357652 0)
(1.41876 0.0257146 0)
(1.48906 0.0203447 0)
(1.5558 0.0122584 0)
(1.61566 0.00566178 0)
(1.67251 0.00124239 0)
(1.72488 -0.000730279 0)
(1.77645 -0.0030699 0)
(1.82645 -0.00562875 0)
(1.87451 -0.00769178 0)
(1.92071 -0.00933922 0)
(1.96461 -0.0111937 0)
(2.00533 -0.0133062 0)
(2.04235 -0.0152422 0)
(2.07602 -0.0168117 0)
(2.10711 -0.0179922 0)
(2.1365 -0.0185972 0)
(2.16507 -0.0186761 0)
(2.19289 -0.0185281 0)
(2.21923 -0.0183702 0)
(2.24397 -0.0187147 0)
(2.26707 -0.019419 0)
(2.28862 -0.0200277 0)
(2.30932 -0.020424 0)
(2.33007 -0.0204577 0)
(2.35091 -0.0199838 0)
(2.37167 -0.0193011 0)
(2.39272 -0.0189943 0)
(2.41467 -0.0196033 0)
(2.43772 -0.0211117 0)
(2.46135 -0.0227659 0)
(2.48441 -0.0238287 0)
(2.50551 -0.0237869 0)
(2.52288 -0.0222022 0)
(2.53623 -0.020098 0)
(2.54835 -0.019356 0)
(2.56333 -0.0199529 0)
(2.58119 -0.0206231 0)
(2.59976 -0.0213608 0)
(2.61731 -0.0218549 0)
(2.63241 -0.0221225 0)
(2.64436 -0.0236279 0)
(2.65691 -0.0268715 0)
(2.67184 -0.0284469 0)
(2.68276 -0.026393 0)
(2.68817 -0.0274326 0)
(2.69461 -0.0280589 0)
(2.70496 -0.0261635 0)
(2.71828 -0.0239024 0)
(2.7337 -0.0248283 0)
(2.74361 -0.026561 0)
(2.74783 -0.026835 0)
(2.75701 -0.0262302 0)
(2.76894 -0.0242073 0)
(2.77969 -0.0266344 0)
(2.78808 -0.0302582 0)
(2.79466 -0.0275799 0)
(2.79812 -0.0241175 0)
(2.79837 -0.0257397 0)
(2.80512 -0.0287006 0)
(2.81774 -0.0310922 0)
(2.83178 -0.0318769 0)
(2.84555 -0.0279277 0)
(2.85982 -0.0270497 0)
(2.87322 -0.027496 0)
(2.88007 -0.0301201 0)
(2.8796 -0.0260172 0)
(2.86913 -0.0319113 0)
(2.8746 -0.0248012 0)
(2.88377 -0.0236839 0)
(2.88962 -0.0173559 0)
(2.89166 -0.00326588 0)
(2.85668 0.0497783 0)
(2.79972 0.134212 0)
(2.71017 0.249287 0)
(2.62357 0.282822 0)
(2.57265 0.361764 0)
(2.54084 0.311646 0)
(2.49074 0.320328 0)
(2.44638 0.272814 0)
(2.45551 0.224274 0)
(2.39774 0.139146 0)
)
;

boundaryField
{
    inlet
    {
        type            fixedValue;
        value           uniform (3 0 0);
    }
    outlet
    {
        type            inletOutlet;
        inletValue      uniform (3 0 0);
        value           nonuniform List<vector> 
32
(
(2.34944 0.00844858 0)
(2.35287 0.0266483 0)
(2.36055 0.0440118 0)
(2.37226 0.0543544 0)
(2.38051 0.0667107 0)
(2.38685 0.0818171 0)
(2.39691 0.097919 0)
(2.40529 0.117579 0)
(2.41212 0.145002 0)
(2.41734 0.172673 0)
(2.43 0.189623 0)
(2.44659 0.204405 0)
(2.46555 0.22054 0)
(2.48161 0.236548 0)
(2.48031 0.25391 0)
(2.48323 0.277883 0)
(2.50081 0.296298 0)
(2.5238 0.314448 0)
(2.54587 0.339227 0)
(2.55932 0.365961 0)
(2.55987 0.383826 0)
(2.56404 0.40304 0)
(2.57008 0.423432 0)
(2.57175 0.448412 0)
(2.5821 0.47131 0)
(2.59865 0.495542 0)
(2.60324 0.522552 0)
(2.61357 0.54498 0)
(2.60614 0.533871 0)
(2.57137 0.360135 0)
(2.45012 -0.00943465 0)
(2.39774 0.139146 0)
)
;
    }
    bottom
    {
        type            symmetryPlane;
    }
    top
    {
        type            symmetryPlane;
    }
    obstacle
    {
        type            slip;
    }
    defaultFaces
    {
        type            empty;
    }
}


// ************************************************************************* //
