/*--------------------------------*- C++ -*----------------------------------*\
  =========                 |
  \\      /  F ield         | OpenFOAM: The Open Source CFD Toolbox
   \\    /   O peration     | Website:  https://openfoam.org
    \\  /    A nd           | Version:  7
     \\/     M anipulation  |
\*---------------------------------------------------------------------------*/
FoamFile
{
    version     2.0;
    format      ascii;
    class       volVectorField;
    location    "0.2";
    object      U;
}
// * * * * * * * * * * * * * * * * * * * * * * * * * * * * * * * * * * * * * //

dimensions      [0 1 -1 0 0 0 0];

internalField   nonuniform List<vector> 
4032
(
(3 1.16661e-17 0)
(3 7.52992e-18 0)
(3 -1.61219e-16 0)
(3 -1.73723e-16 0)
(3 -3.03251e-16 0)
(3 -4.56643e-16 0)
(3 -1.21026e-15 0)
(3 -1.46582e-15 0)
(3 -9.31691e-16 0)
(3 -3.88985e-16 0)
(3 -6.89656e-17 0)
(3 -3.5137e-17 0)
(3 -4.61705e-16 0)
(3 -8.3345e-17 0)
(3 -2.70423e-16 0)
(3 -3.27671e-16 0)
(2.97499 0.000512036 0)
(0.906773 0.03773 0)
(0.388025 0.0554626 0)
(0.318816 0.0505292 0)
(0.21097 0.0421738 0)
(0.127401 0.0373238 0)
(0.0912799 0.0337962 0)
(0.0308934 0.0345013 0)
(3 1.67488e-16 0)
(3 1.72404e-16 0)
(3 1.13661e-16 0)
(3 3.43842e-16 0)
(3 2.01067e-16 0)
(3 -4.32849e-17 0)
(3 -7.99259e-16 0)
(3 -1.51689e-15 0)
(3 -1.02354e-15 0)
(3 -8.91475e-16 0)
(3 -7.46182e-16 0)
(3 -7.31126e-16 0)
(3 -1.10019e-15 0)
(3 -1.87484e-15 0)
(3 -2.16611e-15 0)
(3 -2.2802e-15 0)
(2.99731 0.000447457 0)
(0.969834 0.1694 0)
(0.382838 0.199957 0)
(0.29195 0.158242 0)
(0.193262 0.121342 0)
(0.117722 0.10757 0)
(0.0849528 0.100107 0)
(0.0282817 0.104042 0)
(3 7.16449e-18 0)
(3 1.90388e-16 0)
(3 5.61449e-16 0)
(3 3.35308e-16 0)
(3 4.19384e-16 0)
(3 3.65711e-16 0)
(3 4.90916e-16 0)
(3 5.80083e-16 0)
(3 3.55412e-16 0)
(3 4.39144e-17 0)
(3 6.50361e-18 0)
(3 4.75095e-16 0)
(3 3.57282e-16 0)
(3 -1.68931e-15 0)
(3 -2.42758e-15 0)
(3 -1.84565e-15 0)
(3 1.34849e-07 0)
(1.15146 0.293215 0)
(0.428162 0.334039 0)
(0.310309 0.274049 0)
(0.219741 0.210822 0)
(0.137857 0.190043 0)
(0.0980494 0.178677 0)
(0.0305741 0.187363 0)
(3 -1.43186e-16 0)
(3 -1.46123e-16 0)
(3 -8.08736e-19 0)
(3 -1.59335e-16 0)
(3 -9.30709e-18 0)
(3 3.50708e-16 0)
(3 2.39854e-16 0)
(3 4.14217e-16 0)
(3 -1.70568e-16 0)
(3 -6.52263e-16 0)
(3 -8.79209e-16 0)
(3 -3.02672e-16 0)
(3 1.54997e-16 0)
(3 3.57412e-16 0)
(3 -3.853e-16 0)
(3 -3.78726e-16 0)
(3 -2.55166e-16 0)
(1.47981 0.390748 0)
(0.495648 0.460826 0)
(0.320869 0.39986 0)
(0.253426 0.316938 0)
(0.162785 0.294658 0)
(0.109255 0.274996 0)
(0.0288077 0.283327 0)
(3 -7.05959e-18 0)
(3 -1.15963e-16 0)
(3 -2.07949e-16 0)
(3 1.68772e-16 0)
(3 -7.03442e-17 0)
(3 -1.06791e-16 0)
(3 -2.45272e-16 0)
(3 -4.41298e-16 0)
(3 -5.89838e-16 0)
(3 -8.31695e-16 0)
(3 -5.20925e-16 0)
(3 -2.05498e-16 0)
(3 9.76681e-16 0)
(3 1.97976e-15 0)
(3 1.51517e-15 0)
(3 2.13745e-16 0)
(3 -4.89454e-16 0)
(2.01934 0.406878 0)
(0.611353 0.572666 0)
(0.351542 0.522396 0)
(0.318732 0.435768 0)
(0.226974 0.409316 0)
(0.139763 0.389085 0)
(0.0386163 0.39577 0)
(3 -9.93534e-18 0)
(3 -2.20397e-16 0)
(3 -4.44369e-16 0)
(3 9.06222e-17 0)
(3 1.79562e-16 0)
(3 2.55801e-16 0)
(3 3.74262e-17 0)
(3 -1.00437e-15 0)
(3 -1.38155e-15 0)
(3 -1.28408e-15 0)
(3 4.498e-17 0)
(3 1.65924e-15 0)
(3 1.39894e-15 0)
(3 2.30167e-16 0)
(3 1.63954e-16 0)
(3 2.80414e-16 0)
(3 -2.27216e-16 0)
(2.72786 0.223055 0)
(0.828299 0.662688 0)
(0.434058 0.646975 0)
(0.397026 0.576358 0)
(0.277081 0.549089 0)
(0.151178 0.528968 0)
(0.0347584 0.53494 0)
(3 -1.36481e-16 0)
(3 -4.83183e-16 0)
(3 -4.07015e-16 0)
(3 -4.70551e-16 0)
(3 -4.45582e-16 0)
(3 -2.07829e-16 0)
(3 -5.35584e-17 0)
(3 2.24435e-16 0)
(3 -2.61935e-16 0)
(3 -2.85199e-16 0)
(3 6.42576e-16 0)
(3 8.9901e-16 0)
(3 -1.02273e-15 0)
(3 -2.01881e-15 0)
(3 -2.09711e-15 0)
(3 -4.37561e-16 0)
(3 1.69443e-16 0)
(3.0082 0.0156954 0)
(1.31781 0.714141 0)
(0.569668 0.785903 0)
(0.47653 0.741785 0)
(0.351452 0.692854 0)
(0.221268 0.663594 0)
(0.0866478 0.692948 0)
(3 6.07187e-17 0)
(3 2.92907e-16 0)
(3 3.25319e-16 0)
(3 8.41421e-17 0)
(3 -2.46868e-16 0)
(3 -3.08145e-16 0)
(3 7.32221e-17 0)
(3 1.45035e-15 0)
(3 1.80527e-15 0)
(3 1.29793e-15 0)
(3 4.80374e-16 0)
(3 -1.36059e-15 0)
(3 -2.1369e-15 0)
(3 -1.92129e-15 0)
(3 -1.74298e-15 0)
(3 -9.47239e-16 0)
(3 -1.16958e-15 0)
(3.00007 4.84884e-05 0)
(2.22828 0.553225 0)
(0.797735 0.898392 0)
(0.550701 0.89367 0)
(0.464766 0.804457 0)
(0.305503 0.84504 0)
(0.150642 0.993001 0)
(3 2.8046e-16 0)
(3 6.15186e-16 0)
(3 4.15433e-16 0)
(3 8.22817e-17 0)
(3 2.53098e-16 0)
(3 -3.76942e-16 0)
(3 -7.62604e-16 0)
(3 -5.62346e-16 0)
(3 1.10461e-17 0)
(3 2.83568e-16 0)
(3 -5.47686e-16 0)
(3 -8.28107e-16 0)
(3 -4.35596e-16 0)
(3 -2.45742e-16 0)
(3 -2.52637e-16 0)
(3 -4.74031e-16 0)
(3 -1.60768e-15 0)
(3 4.66245e-09 0)
(3.03403 0.0986181 0)
(1.23009 0.938279 0)
(0.682023 0.984839 0)
(0.649833 0.944735 0)
(0.565541 1.08297 0)
(0.659316 1.32188 0)
(3 -3.15864e-17 0)
(3 9.5611e-17 0)
(3 4.47607e-16 0)
(3 6.46862e-17 0)
(3 -9.51712e-17 0)
(3 -6.03641e-16 0)
(3 -1.11638e-15 0)
(3 -1.48754e-15 0)
(3 -1.26933e-15 0)
(3 -8.13333e-16 0)
(3 -8.65336e-16 0)
(3 -3.96974e-16 0)
(3 2.26971e-16 0)
(3 4.34387e-16 0)
(3 -3.6009e-16 0)
(3 -5.27345e-16 0)
(3 -1.97479e-15 0)
(3 4.53744e-14 0)
(3.00302 0.00146873 0)
(2.23571 0.671546 0)
(0.978162 1.07195 0)
(0.805174 1.12164 0)
(0.869965 1.16827 0)
(1.09895 1.26355 0)
(3 -2.63262e-16 0)
(3 -2.5423e-16 0)
(3 3.2499e-16 0)
(3 -1.86467e-16 0)
(3 -7.34284e-16 0)
(3 -5.72769e-16 0)
(3 -6.10422e-17 0)
(3 3.23655e-16 0)
(3 -6.47505e-16 0)
(3 -8.57284e-16 0)
(3 -2.5213e-16 0)
(3 6.23852e-16 0)
(3 7.56217e-16 0)
(3 3.46175e-17 0)
(3 -3.67439e-16 0)
(3 -6.33037e-16 0)
(3 -1.03973e-15 0)
(3 -5.16477e-16 0)
(3 1.92192e-06 0)
(3.02165 0.0966356 0)
(1.58877 1.02227 0)
(1.02108 1.22869 0)
(1.10343 1.21395 0)
(1.37473 1.21954 0)
(3 -3.36264e-17 0)
(3 -8.05001e-16 0)
(3 -1.39577e-15 0)
(3 -1.49457e-15 0)
(3 -1.60694e-15 0)
(3 -2.41253e-16 0)
(3 1.70298e-16 0)
(3 3.86755e-16 0)
(3 2.27508e-16 0)
(3 -2.6618e-16 0)
(3 -3.54185e-16 0)
(3 -3.90154e-16 0)
(3 -4.3458e-16 0)
(3 -1.92858e-15 0)
(3 -1.9168e-15 0)
(3 -1.05311e-15 0)
(3 3.81977e-16 0)
(3 5.11811e-16 0)
(3 6.68793e-11 0)
(3.00164 0.00147496 0)
(2.77979 0.420165 0)
(1.47512 1.16045 0)
(1.25784 1.29799 0)
(1.47585 1.25478 0)
(3 1.78708e-16 0)
(3 -2.44039e-17 0)
(3 -5.55975e-16 0)
(3 -4.64929e-16 0)
(3 -8.67304e-16 0)
(3 -5.75066e-16 0)
(3 -4.62249e-16 0)
(3 -9.84204e-17 0)
(3 -2.19464e-16 0)
(3 -5.29247e-16 0)
(3 -1.90106e-15 0)
(3 -1.84162e-15 0)
(3 -1.59828e-15 0)
(3 -1.62656e-15 0)
(3 -2.08869e-15 0)
(3 -1.18492e-15 0)
(3 -4.24321e-16 0)
(3 -6.4435e-16 0)
(3 7.72269e-16 0)
(3 1.2436e-06 0)
(3.00987 0.0238944 0)
(2.47108 0.674583 0)
(1.56199 1.21668 0)
(1.54377 1.28127 0)
(3 1.20401e-16 0)
(3 4.01011e-16 0)
(3 8.63835e-17 0)
(3 3.09708e-16 0)
(3 4.38478e-16 0)
(3 6.96292e-17 0)
(3 2.41659e-16 0)
(3 4.22903e-16 0)
(3 -7.31544e-16 0)
(3 -2.09155e-15 0)
(3 -2.02324e-15 0)
(3 -1.32149e-15 0)
(3 -3.07416e-16 0)
(3 -2.23248e-16 0)
(3 -7.7025e-17 0)
(3 -2.23825e-17 0)
(3 -3.01036e-16 0)
(3 -7.90881e-16 0)
(3 -7.24479e-16 0)
(3 3.92933e-11 0)
(3.00007 0.000134438 0)
(2.99476 0.0730986 0)
(2.33752 0.786147 0)
(1.74666 1.2155 0)
(3 6.81181e-18 0)
(3 1.11733e-16 0)
(3 3.38604e-16 0)
(3 7.88068e-16 0)
(3 1.23788e-15 0)
(3 8.42625e-16 0)
(3 3.8555e-16 0)
(3 -8.03819e-16 0)
(3 -2.50822e-15 0)
(3 -3.3338e-15 0)
(3 -3.02396e-15 0)
(3 -1.92728e-15 0)
(3 -7.58311e-16 0)
(3 -3.29567e-16 0)
(3 3.39194e-16 0)
(3 3.19711e-16 0)
(3 -2.0363e-16 0)
(3 -1.24046e-16 0)
(3 9.89817e-17 0)
(3 1.43364e-15 0)
(3 3.74622e-08 0)
(3.00021 0.000872342 0)
(2.9627 0.119858 0)
(2.35394 0.78778 0)
(3 -8.47306e-17 0)
(3 -3.97722e-17 0)
(3 1.65718e-16 0)
(3 2.17134e-16 0)
(3 -3.12289e-16 0)
(3 -8.15065e-16 0)
(3 -1.22897e-15 0)
(3 -1.44285e-15 0)
(3 -2.14848e-15 0)
(3 -2.34364e-15 0)
(3 -2.99692e-15 0)
(3 -1.26367e-15 0)
(3 3.55836e-16 0)
(3 1.05483e-15 0)
(3 6.74043e-16 0)
(3 -8.08391e-17 0)
(3 -1.41739e-16 0)
(3 1.53294e-15 0)
(3 1.78733e-15 0)
(3 1.4612e-15 0)
(3 1.06877e-12 0)
(3 6.11067e-07 0)
(3.00017 0.00203197 0)
(2.93435 0.139277 0)
(3 -1.0014e-17 0)
(3 -5.25843e-17 0)
(3 -6.50826e-17 0)
(3 -3.27316e-16 0)
(3 -6.28621e-16 0)
(3 -7.94182e-16 0)
(3 -8.10187e-16 0)
(3 -4.25844e-16 0)
(3 6.80314e-16 0)
(3 1.34053e-15 0)
(3 1.52596e-15 0)
(3 1.63385e-15 0)
(3 1.34839e-15 0)
(3 7.97427e-16 0)
(3 4.79975e-16 0)
(3 4.01289e-16 0)
(3 1.39428e-15 0)
(3 2.30932e-15 0)
(3 2.1388e-15 0)
(3 2.85553e-16 0)
(3 -7.55981e-16 0)
(3 2.36753e-11 0)
(3 2.34416e-06 0)
(2.9997 0.00245751 0)
(3 5.75707e-17 0)
(3 -1.56703e-16 0)
(3 -1.10527e-16 0)
(3 3.25052e-16 0)
(3 6.9794e-16 0)
(3 4.11251e-16 0)
(3 1.56093e-16 0)
(3 9.31431e-16 0)
(3 2.0821e-15 0)
(3 3.09527e-15 0)
(3 3.19892e-15 0)
(3 2.24205e-15 0)
(3 2.11229e-15 0)
(3 5.71109e-16 0)
(3 -6.88628e-16 0)
(3 -3.32049e-16 0)
(3 2.44134e-16 0)
(3 3.80055e-16 0)
(3 -5.72067e-16 0)
(3 -1.14009e-15 0)
(3 -1.61862e-15 0)
(3 2.18762e-15 0)
(3 1.54567e-10 0)
(3 3.1713e-06 0)
(3 -3.98471e-17 0)
(3 -6.83193e-17 0)
(3 -2.14157e-16 0)
(3 -1.97876e-16 0)
(3 -9.47263e-17 0)
(3 1.21806e-16 0)
(3 4.05429e-16 0)
(3 8.05777e-16 0)
(3 1.40059e-15 0)
(3 1.7811e-15 0)
(3 1.42537e-15 0)
(3 1.95928e-16 0)
(3 -1.28673e-16 0)
(3 -6.75872e-17 0)
(3 2.30083e-16 0)
(3 -6.68214e-16 0)
(3 -1.2928e-15 0)
(3 -1.45599e-15 0)
(3 -7.408e-16 0)
(3 -1.81797e-16 0)
(3 1.66786e-17 0)
(3 -3.8824e-16 0)
(3 2.21135e-15 0)
(3 2.39958e-10 0)
(3 5.40455e-18 0)
(3 1.18148e-16 0)
(3 5.03886e-16 0)
(3 4.92752e-16 0)
(3 -3.18845e-16 0)
(3 8.16778e-17 0)
(3 4.94224e-16 0)
(3 8.89029e-16 0)
(3 1.67906e-15 0)
(3 1.8832e-15 0)
(3 1.4823e-15 0)
(3 -2.05979e-17 0)
(3 -8.85734e-16 0)
(3 -4.6716e-16 0)
(3 5.97187e-16 0)
(3 -9.03043e-16 0)
(3 -1.73494e-15 0)
(3 -2.22575e-15 0)
(3 -3.53326e-16 0)
(3 6.2379e-17 0)
(3 -2.97314e-16 0)
(3 -1.94242e-15 0)
(3 -2.34235e-15 0)
(3 4.48474e-15 0)
(3 1.35892e-16 0)
(3 2.37869e-16 0)
(3 9.11957e-16 0)
(3 1.01589e-15 0)
(3 1.80266e-16 0)
(3 -1.05702e-16 0)
(3 -4.83796e-16 0)
(3 1.06765e-15 0)
(3 1.99849e-15 0)
(3 1.70361e-15 0)
(3 1.54031e-15 0)
(3 1.2088e-15 0)
(3 1.09355e-15 0)
(3 4.55761e-16 0)
(3 4.36123e-16 0)
(3 1.30008e-16 0)
(3 -5.93609e-16 0)
(3 -8.04988e-16 0)
(3 -4.66952e-16 0)
(3 -3.77465e-16 0)
(3 -6.76298e-16 0)
(3 -1.23199e-15 0)
(3 -1.46155e-15 0)
(3 -1.78962e-15 0)
(3 6.06237e-17 0)
(3 4.68236e-16 0)
(3 4.15233e-17 0)
(3 -6.01518e-16 0)
(3 -1.01785e-15 0)
(3 -8.90689e-16 0)
(3 -7.22607e-16 0)
(3 8.78175e-17 0)
(3 5.70452e-16 0)
(3 4.37716e-16 0)
(3 3.8315e-16 0)
(3 1.06176e-15 0)
(3 3.83086e-16 0)
(3 5.88694e-16 0)
(3 5.54718e-16 0)
(3 1.11313e-15 0)
(3 3.06481e-16 0)
(3 -2.92329e-16 0)
(3 -1.13509e-15 0)
(3 -9.60334e-16 0)
(3 8.42712e-17 0)
(3 1.45327e-17 0)
(3 -7.74833e-16 0)
(3 -1.10416e-15 0)
(3 2.0025e-17 0)
(3 7.07139e-17 0)
(3 -3.96565e-16 0)
(3 -4.33673e-16 0)
(3 1.90203e-16 0)
(3 1.86174e-16 0)
(3 1.77753e-16 0)
(3 3.23896e-16 0)
(3 1.91694e-16 0)
(3 3.18161e-16 0)
(3 2.07961e-16 0)
(3 -1.22052e-16 0)
(3 -6.03577e-16 0)
(3 -1.26912e-15 0)
(3 -1.46238e-15 0)
(3 -5.96735e-16 0)
(3 -1.48979e-15 0)
(3 -2.42384e-15 0)
(3 -3.37024e-15 0)
(3 -1.5306e-15 0)
(3 -3.96478e-16 0)
(3 -4.77616e-16 0)
(3 -7.486e-16 0)
(3 -1.34826e-15 0)
(3 -2.92442e-17 0)
(3 -1.74421e-16 0)
(3 1.24101e-16 0)
(3 6.16386e-16 0)
(3 1.49519e-15 0)
(3 1.47424e-15 0)
(3 5.80469e-16 0)
(3 -7.34335e-16 0)
(3 -7.86107e-16 0)
(3 -7.25655e-16 0)
(3 -6.07813e-16 0)
(3 -1.29034e-15 0)
(3 -2.72394e-15 0)
(3 -4.23578e-15 0)
(3 -4.52442e-15 0)
(3 -4.29121e-15 0)
(3 -2.79924e-15 0)
(3 -3.36925e-15 0)
(3 -2.79333e-15 0)
(3 -1.12816e-15 0)
(3 -1.23068e-15 0)
(3 -4.89482e-16 0)
(3 -9.83921e-16 0)
(3 -1.9548e-15 0)
(3 -1.64272e-16 0)
(3 -3.80543e-16 0)
(3 2.31698e-16 0)
(3 4.5482e-16 0)
(3 4.33388e-16 0)
(3 2.66724e-16 0)
(3 1.57718e-16 0)
(3 -4.58343e-16 0)
(3 -1.03322e-15 0)
(3 -1.10813e-15 0)
(3 -1.37267e-15 0)
(3 -8.31382e-16 0)
(3 -1.47992e-15 0)
(3 -1.72412e-15 0)
(3 -2.18844e-15 0)
(3 -3.99561e-15 0)
(3 -3.19179e-15 0)
(3 -4.51917e-16 0)
(3 2.97837e-16 0)
(3 -1.76045e-15 0)
(3 -2.77316e-15 0)
(3 -3.01559e-15 0)
(3 -7.48388e-16 0)
(3 5.66184e-16 0)
(3 -9.51299e-17 0)
(3 -1.54136e-17 0)
(3 1.283e-16 0)
(3 -2.41864e-16 0)
(3 -5.16748e-16 0)
(3 -5.45985e-16 0)
(3 4.65579e-16 0)
(3 1.25576e-15 0)
(3 7.47963e-16 0)
(3 3.3995e-16 0)
(3 -8.67e-16 0)
(3 -1.56132e-15 0)
(3 -5.12316e-16 0)
(3 4.18903e-16 0)
(3 -8.2462e-18 0)
(3 -6.16177e-16 0)
(3 -1.98336e-16 0)
(3 1.55721e-15 0)
(3 7.40614e-16 0)
(3 -1.43172e-15 0)
(3 -2.27327e-15 0)
(3 -2.37e-15 0)
(3 -1.29005e-15 0)
(3 -5.96533e-17 0)
(3 -1.6443e-16 0)
(3 -1.98876e-16 0)
(3 2.08062e-16 0)
(3 -5.22772e-17 0)
(3 -1.03279e-15 0)
(3 -7.71454e-16 0)
(3 4.39314e-17 0)
(3 1.38493e-16 0)
(3 3.5336e-16 0)
(3 3.97403e-16 0)
(3 -3.84854e-16 0)
(3 -1.41173e-15 0)
(3 -1.345e-15 0)
(3 3.07858e-16 0)
(3 2.27536e-15 0)
(3 3.59616e-15 0)
(3 3.66635e-15 0)
(3 2.78131e-15 0)
(3 2.26975e-15 0)
(3 6.86385e-16 0)
(3 -5.23139e-16 0)
(3 -1.34151e-15 0)
(3 -2.26261e-15 0)
(3 -2.20482e-15 0)
(3 -4.0753e-17 0)
(3 -1.22992e-16 0)
(3 -2.70863e-16 0)
(3 6.15347e-17 0)
(3 -1.45042e-16 0)
(3 -2.54057e-16 0)
(3 -2.7739e-16 0)
(3 -4.2799e-16 0)
(3 -1.56373e-16 0)
(3 -1.4115e-16 0)
(3 1.11364e-15 0)
(3 1.45822e-15 0)
(3 1.76659e-15 0)
(3 1.72488e-15 0)
(3 1.67657e-15 0)
(3 2.15487e-15 0)
(3 3.29267e-15 0)
(3 2.71746e-15 0)
(3 2.57398e-15 0)
(3 3.31632e-15 0)
(3 3.06426e-15 0)
(3 1.532e-15 0)
(3 -4.16451e-16 0)
(3 -1.60654e-15 0)
(3 1.06079e-16 0)
(3 2.20391e-17 0)
(3 -5.18039e-16 0)
(3 -1.68146e-16 0)
(3 7.90745e-16 0)
(3 4.42227e-16 0)
(3 5.08884e-17 0)
(3 1.60957e-16 0)
(3 4.94776e-16 0)
(3 3.68489e-16 0)
(3 2.20459e-15 0)
(3 2.74181e-15 0)
(3 3.527e-15 0)
(3 3.97212e-15 0)
(3 2.74942e-15 0)
(3 1.68958e-15 0)
(3 1.43384e-15 0)
(3 1.25799e-15 0)
(3 1.49617e-15 0)
(3 2.0307e-15 0)
(3 1.37764e-15 0)
(3 1.4179e-15 0)
(3 1.27116e-16 0)
(3 -4.44498e-16 0)
(3 1.62419e-16 0)
(3 8.53254e-17 0)
(3 -6.78976e-17 0)
(3 -5.16695e-16 0)
(3 -2.24139e-16 0)
(3 2.07613e-16 0)
(3 -2.45717e-16 0)
(3 -4.12144e-16 0)
(3 -2.62776e-16 0)
(3 -1.08882e-16 0)
(3 7.77788e-16 0)
(3 3.25878e-15 0)
(3 3.66457e-15 0)
(3 2.48218e-15 0)
(3 1.28579e-15 0)
(3 1.6156e-16 0)
(3 2.08134e-16 0)
(3 6.38999e-16 0)
(3 4.79408e-16 0)
(3 -1.08276e-16 0)
(3 -5.65167e-16 0)
(3 -4.15831e-16 0)
(3 3.58108e-16 0)
(3 7.88883e-16 0)
(3 1.9112e-16 0)
(3 4.59883e-16 0)
(3 -1.50186e-17 0)
(3 -6.77013e-16 0)
(3 -7.16821e-16 0)
(3 -4.41974e-16 0)
(3 -6.43548e-16 0)
(3 -9.99499e-16 0)
(3 -4.60025e-16 0)
(3 -3.34056e-16 0)
(3 -2.54118e-16 0)
(3 9.8134e-16 0)
(3 1.30651e-15 0)
(3 8.21732e-16 0)
(3 1.04562e-15 0)
(3 6.03629e-16 0)
(3 -1.85705e-16 0)
(3 -1.32846e-15 0)
(3 -4.9942e-16 0)
(3 -4.95993e-16 0)
(3 2.43463e-16 0)
(3 7.37515e-16 0)
(3 1.87562e-15 0)
(3 2.17043e-15 0)
(3 7.66904e-17 0)
(3 3.96866e-16 0)
(3 -1.66507e-17 0)
(3 -3.86545e-16 0)
(3 -7.35676e-16 0)
(3 -8.49377e-16 0)
(3 -6.00086e-16 0)
(3 -5.63667e-16 0)
(3 -3.61902e-16 0)
(3 -4.17778e-16 0)
(3 -9.55475e-16 0)
(3 -1.93577e-15 0)
(3 -1.78346e-15 0)
(3 8.90143e-17 0)
(3 8.17501e-16 0)
(3 1.23492e-15 0)
(3 1.15925e-15 0)
(3 6.44297e-16 0)
(3 -1.76826e-15 0)
(3 -2.05583e-15 0)
(3 -8.97506e-16 0)
(3 1.27325e-15 0)
(3 1.67681e-15 0)
(3 1.74468e-15 0)
(3 -7.08971e-17 0)
(3 -4.49492e-17 0)
(3 -1.18378e-16 0)
(3 4.94727e-17 0)
(3 -1.69001e-16 0)
(3 -5.82519e-16 0)
(3 -1.08767e-15 0)
(3 -7.43663e-16 0)
(3 -1.31723e-15 0)
(3 -1.54964e-15 0)
(3 -1.07315e-15 0)
(3 -8.50249e-16 0)
(3 2.4072e-16 0)
(3 -9.90725e-17 0)
(3 -7.87143e-16 0)
(3 9.31573e-16 0)
(3 1.62743e-15 0)
(3 1.80826e-15 0)
(3 1.90464e-16 0)
(3 -9.29347e-16 0)
(3 -1.27432e-15 0)
(3 -7.74377e-16 0)
(3 -6.09582e-16 0)
(3 -6.86026e-16 0)
(3 -1.164e-16 0)
(3 -4.12529e-16 0)
(3 -7.31346e-17 0)
(3 8.85126e-16 0)
(3 5.41693e-16 0)
(3 7.88663e-17 0)
(3 -3.05628e-16 0)
(3 -6.7826e-17 0)
(3 -4.48196e-16 0)
(3 -4.46802e-16 0)
(3 -1.65731e-16 0)
(3 4.16224e-16 0)
(3 -4.13471e-16 0)
(3 -1.00852e-15 0)
(3 -5.94454e-17 0)
(3 1.30486e-15 0)
(3 1.2057e-15 0)
(3 1.36697e-15 0)
(3 6.86505e-16 0)
(3 3.51705e-16 0)
(3 -4.62398e-16 0)
(3 -9.29637e-16 0)
(3 -1.85123e-15 0)
(3 -2.35184e-15 0)
(3 4.92787e-17 0)
(3 2.07921e-16 0)
(3 4.88378e-16 0)
(3 8.17928e-16 0)
(3 4.11831e-16 0)
(3 -7.05128e-16 0)
(3 -2.23023e-16 0)
(3 -3.85922e-16 0)
(3 6.96e-16 0)
(3 7.44715e-16 0)
(3 6.00848e-16 0)
(3 8.18034e-16 0)
(3 -2.2657e-16 0)
(3 -3.28184e-16 0)
(3 -5.65508e-16 0)
(3 -7.22679e-16 0)
(3 -8.50192e-16 0)
(3 -7.28795e-16 0)
(3 3.70262e-16 0)
(3 1.0139e-15 0)
(3 9.67504e-16 0)
(3 3.50108e-17 0)
(3 -1.19379e-17 0)
(3 -8.81504e-17 0)
(3 -9.64694e-17 0)
(3 6.40238e-17 0)
(3 1.78037e-16 0)
(3 -6.71454e-16 0)
(3 -1.02338e-15 0)
(3 -1.24042e-15 0)
(3 -5.55768e-16 0)
(3 -4.56957e-16 0)
(3 -5.01542e-16 0)
(3 4.51299e-17 0)
(3 1.04818e-15 0)
(3 1.6625e-15 0)
(3 2.69475e-15 0)
(3 1.86818e-15 0)
(3 1.03495e-15 0)
(3 6.00978e-17 0)
(3 -2.92935e-16 0)
(3 -4.85934e-17 0)
(3 6.00509e-16 0)
(3 1.49465e-15 0)
(3 5.39543e-16 0)
(3 4.40549e-17 0)
(3 1.44271e-15 0)
(3 2.93124e-15 0)
(3 -1.17472e-17 0)
(3 -4.05827e-16 0)
(3 -5.45617e-16 0)
(3 -1.17201e-15 0)
(3 -8.15563e-17 0)
(3 5.77794e-16 0)
(3 -1.72803e-16 0)
(3 -1.04369e-15 0)
(3 -1.39964e-15 0)
(3 -1.41517e-15 0)
(3 1.84673e-16 0)
(3 1.02572e-15 0)
(3 9.62033e-16 0)
(3 4.35414e-16 0)
(3 7.62387e-16 0)
(3 1.35193e-15 0)
(3 1.38332e-15 0)
(3 5.43903e-16 0)
(3 3.26535e-16 0)
(3 -3.12814e-16 0)
(3 -3.91372e-16 0)
(3 -1.3137e-16 0)
(3 9.1905e-16 0)
(3 1.47479e-15 0)
(3 1.82301e-17 0)
(3 -3.37347e-17 0)
(3 -3.00656e-16 0)
(3 -2.20761e-16 0)
(3 7.51982e-16 0)
(3 1.52665e-15 0)
(3 1.78869e-15 0)
(3 2.04619e-15 0)
(3 1.79337e-16 0)
(3 -1.62361e-15 0)
(3 -1.29056e-15 0)
(3 -1.03254e-15 0)
(3 -1.20723e-15 0)
(3 -8.40175e-16 0)
(3 -4.44853e-16 0)
(3 2.45536e-16 0)
(3 7.52385e-16 0)
(3 1.19635e-15 0)
(3 9.393e-16 0)
(3 -1.89022e-16 0)
(3 -4.28809e-16 0)
(3 3.02591e-16 0)
(3 2.79148e-17 0)
(3 -4.25543e-16 0)
(3 -8.29982e-17 0)
(3 1.12745e-17 0)
(3 5.26646e-17 0)
(3 -4.63336e-16 0)
(3 -6.21169e-16 0)
(3 3.77592e-17 0)
(3 2.2648e-15 0)
(3 2.8863e-15 0)
(3 1.91308e-15 0)
(3 2.31061e-17 0)
(3 -1.68855e-15 0)
(3 -2.47424e-15 0)
(3 -2.04783e-15 0)
(3 -1.16428e-15 0)
(3 -9.43609e-16 0)
(3 -1.13384e-15 0)
(3 -2.35748e-16 0)
(3 5.9291e-16 0)
(3 5.41831e-16 0)
(3 7.08185e-16 0)
(3 9.68148e-16 0)
(3 9.29399e-16 0)
(3 7.84986e-16 0)
(3 1.05565e-15 0)
(3 -7.27238e-17 0)
(3 -3.19987e-16 0)
(3 -2.81298e-16 0)
(3 -4.91861e-16 0)
(3 -5.86485e-16 0)
(3 9.73825e-18 0)
(3 4.31304e-16 0)
(3 7.175e-16 0)
(3 8.52909e-16 0)
(3 5.98863e-16 0)
(3 -3.07746e-16 0)
(3 -1.33569e-15 0)
(3 -9.25663e-16 0)
(3 -5.88741e-16 0)
(3 -4.08742e-16 0)
(3 -5.27678e-16 0)
(3 -1.60265e-16 0)
(3 -1.49855e-16 0)
(3 -2.23816e-16 0)
(3 -8.23019e-17 0)
(3 3.52282e-16 0)
(3 6.04281e-16 0)
(3 5.94162e-16 0)
(3 6.74381e-16 0)
(1.73157 1.39121 0)
(2.12334 1.73792 0)
(2.40198 0.977831 0)
(2.71514 0.502604 0)
(2.742 0.168546 0)
(2.82128 0.0233537 0)
(2.82093 -0.0862695 0)
(2.81033 -0.131737 0)
(2.87694 -0.126472 0)
(2.92578 -0.0902257 0)
(2.909 -0.070656 0)
(2.88571 -0.0699352 0)
(2.88005 -0.0752101 0)
(2.88871 -0.0822825 0)
(2.90371 -0.0778155 0)
(2.91091 -0.0586342 0)
(2.90627 -0.0397822 0)
(2.89922 -0.0280206 0)
(2.90883 -0.019529 0)
(2.93981 -0.0175776 0)
(2.96539 -0.0240086 0)
(2.97999 -0.0249956 0)
(2.99437 -0.0194386 0)
(3.00749 -0.0140344 0)
(3.02388 -0.00680761 0)
(3.03346 -0.00117502 0)
(3.03404 -6.18569e-05 0)
(3.03254 0.00061779 0)
(3.02634 0.00105322 0)
(3.01276 0.000624215 0)
(3.00184 8.87424e-05 0)
(3.00003 1.14905e-06 0)
(3 -1.48059e-07 0)
(3 -1.29627e-07 0)
(3 -9.95891e-08 0)
(3 -4.99823e-08 0)
(3 -7.90326e-09 0)
(3 -1.32262e-10 0)
(3 8.23461e-12 0)
(3 6.78107e-12 0)
(3 2.9101e-12 0)
(3 2.99672e-13 0)
(3 -4.19126e-16 0)
(3 -2.54012e-15 0)
(3 -1.21523e-15 0)
(3 1.05418e-16 0)
(3 -5.22568e-16 0)
(3 -4.04114e-16 0)
(3 4.10609e-16 0)
(3 6.9607e-16 0)
(3 4.19584e-16 0)
(3 -4.80489e-16 0)
(3 -1.1593e-15 0)
(3 -1.324e-15 0)
(3 -4.83309e-16 0)
(3 -8.62377e-17 0)
(3 -5.80949e-16 0)
(3 -8.45292e-16 0)
(3 -8.64711e-16 0)
(3 -2.96539e-16 0)
(3 -3.02937e-16 0)
(3 -3.92798e-16 0)
(3 -1.93107e-16 0)
(3 -1.1591e-16 0)
(3 -1.64291e-16 0)
(3 -9.22251e-16 0)
(3 -1.57684e-15 0)
(3 -6.32608e-16 0)
(3 1.00235e-16 0)
(3 1.84117e-17 0)
(3 2.22081e-16 0)
(3 -3.13327e-16 0)
(3 -5.17814e-16 0)
(3 -4.0965e-16 0)
(3 2.7082e-17 0)
(3 -5.73601e-16 0)
(3 -7.426e-16 0)
(3 -9.64238e-16 0)
(3 -1.55754e-15 0)
(3 -1.34346e-15 0)
(3 -9.48953e-17 0)
(3 6.32585e-16 0)
(3 2.64054e-16 0)
(3 5.37029e-17 0)
(3 1.39705e-16 0)
(3 3.08043e-16 0)
(3 2.2998e-16 0)
(3 -7.25482e-16 0)
(3 -5.28924e-16 0)
(3 -2.67582e-17 0)
(3 2.46299e-16 0)
(3 6.88942e-16 0)
(3 4.91937e-16 0)
(3 -3.98702e-17 0)
(3 3.60448e-16 0)
(3 8.29395e-16 0)
(1.96808 1.09427 0)
(2.36484 0.897496 0)
(2.576 0.349426 0)
(2.73041 -0.0958177 0)
(2.83956 -0.207839 0)
(2.93429 -0.286586 0)
(2.88655 -0.386886 0)
(2.95831 -0.343391 0)
(2.96356 -0.214545 0)
(2.98135 -0.0856332 0)
(2.96437 -0.0136167 0)
(2.93703 -0.0104069 0)
(2.92445 -0.0299138 0)
(2.92256 -0.0659243 0)
(2.92295 -0.0888505 0)
(2.91349 -0.0738501 0)
(2.89039 -0.0407578 0)
(2.86786 -0.0108399 0)
(2.86527 0.00849189 0)
(2.88945 0.00762402 0)
(2.92624 -0.0143867 0)
(2.9617 -0.0356154 0)
(2.99295 -0.0397783 0)
(3.02141 -0.0277485 0)
(3.03852 -0.0127303 0)
(3.04235 -0.00621909 0)
(3.04182 -0.00369358 0)
(3.03725 0.00147216 0)
(3.02587 0.00426474 0)
(3.00938 0.00226485 0)
(3.00083 0.00021574 0)
(3.00001 1.47008e-06 0)
(3 -2.90253e-07 0)
(3 -2.71102e-07 0)
(3 -2.24697e-07 0)
(3 -1.03881e-07 0)
(3 -1.11433e-08 0)
(3 -7.58553e-11 0)
(3 2.43693e-11 0)
(3 1.9369e-11 0)
(3 7.64027e-12 0)
(3 6.06219e-13 0)
(3 -5.25841e-16 0)
(3 -3.4308e-15 0)
(3 -1.46516e-15 0)
(3 1.36325e-15 0)
(3 1.71766e-16 0)
(3 -6.00115e-16 0)
(3 3.32293e-16 0)
(3 6.2725e-16 0)
(3 7.40613e-16 0)
(3 2.69509e-16 0)
(3 -8.54063e-17 0)
(3 -3.39663e-16 0)
(3 1.29064e-16 0)
(3 6.59835e-16 0)
(3 1.94608e-16 0)
(3 -2.57604e-16 0)
(3 -3.84901e-16 0)
(3 -2.7482e-16 0)
(3 3.18465e-16 0)
(3 4.6991e-16 0)
(3 7.56696e-16 0)
(3 3.13755e-16 0)
(3 -1.38432e-16 0)
(3 -1.18614e-15 0)
(3 -1.71399e-15 0)
(3 -7.56591e-16 0)
(3 4.11444e-16 0)
(3 -5.10493e-16 0)
(3 -1.38175e-15 0)
(3 -1.12213e-15 0)
(3 -1.30598e-15 0)
(3 -1.3801e-15 0)
(3 -1.14588e-15 0)
(3 -7.77797e-16 0)
(3 -1.05838e-15 0)
(3 -1.08805e-15 0)
(3 -2.78242e-15 0)
(3 -2.54019e-15 0)
(3 -1.8196e-16 0)
(3 1.07202e-15 0)
(3 5.99914e-16 0)
(3 2.42003e-16 0)
(3 6.77134e-16 0)
(3 1.29817e-15 0)
(3 9.88834e-16 0)
(3 3.44457e-16 0)
(3 -1.23877e-16 0)
(3 -6.29423e-16 0)
(3 -1.58319e-16 0)
(3 1.93713e-16 0)
(3 -2.58165e-16 0)
(3 -7.44576e-16 0)
(3 7.28963e-16 0)
(3 1.54624e-15 0)
(1.91743 1.0782 0)
(2.21627 0.949154 0)
(2.45846 0.681147 0)
(2.6652 0.30904 0)
(2.79784 0.161076 0)
(2.86217 0.194366 0)
(2.91069 0.0269818 0)
(2.93921 -0.103195 0)
(2.96955 -0.121591 0)
(2.9809 -0.111309 0)
(2.97974 -0.11586 0)
(2.98956 -0.146075 0)
(3.01417 -0.191655 0)
(3.03719 -0.239869 0)
(3.0432 -0.243923 0)
(3.02868 -0.214409 0)
(3.00644 -0.176309 0)
(2.98961 -0.145675 0)
(2.98673 -0.124093 0)
(2.98906 -0.102306 0)
(2.98763 -0.0772404 0)
(2.99705 -0.0556506 0)
(3.02191 -0.035655 0)
(3.05107 -0.0163334 0)
(3.05852 -0.0049282 0)
(3.05583 -0.00128402 0)
(3.05045 0.00416548 0)
(3.03798 0.00896592 0)
(3.01988 0.00732509 0)
(3.00391 0.00154214 0)
(3.00012 4.1797e-05 0)
(3 -4.95314e-07 0)
(3 -5.03329e-07 0)
(3 -4.45883e-07 0)
(3 -2.90096e-07 0)
(3 -7.49207e-08 0)
(3 -2.99046e-09 0)
(3 2.62752e-11 0)
(3 2.85421e-11 0)
(3 1.93638e-11 0)
(3 4.7733e-12 0)
(3 1.65831e-13 0)
(3 -1.61615e-15 0)
(3 -1.8706e-15 0)
(3 -1.42493e-15 0)
(3 1.13836e-17 0)
(3 1.10851e-15 0)
(3 -7.15607e-16 0)
(3 -1.19601e-15 0)
(3 -7.4265e-16 0)
(3 1.38444e-15 0)
(3 2.18378e-15 0)
(3 1.87987e-15 0)
(3 1.53107e-15 0)
(3 8.55453e-16 0)
(3 8.26693e-16 0)
(3 1.55159e-15 0)
(3 2.27898e-15 0)
(3 2.15186e-15 0)
(3 1.71228e-15 0)
(3 1.51295e-15 0)
(3 2.47782e-16 0)
(3 -2.37552e-16 0)
(3 -9.27125e-16 0)
(3 -1.36088e-15 0)
(3 -5.68537e-16 0)
(3 -1.42192e-15 0)
(3 -2.25271e-15 0)
(3 -2.69882e-15 0)
(3 -1.19351e-15 0)
(3 -1.01645e-15 0)
(3 -1.21281e-15 0)
(3 -9.61496e-16 0)
(3 -1.01691e-15 0)
(3 -1.83864e-15 0)
(3 -1.7754e-15 0)
(3 -9.1245e-16 0)
(3 -8.37508e-16 0)
(3 -1.11773e-15 0)
(3 -8.99894e-16 0)
(3 3.56328e-17 0)
(3 -4.13739e-16 0)
(3 -1.83615e-15 0)
(3 -1.65662e-15 0)
(3 -6.00342e-16 0)
(3 -6.00867e-16 0)
(3 7.24113e-16 0)
(3 1.64395e-15 0)
(3 1.98631e-15 0)
(3 1.37533e-15 0)
(3 9.81231e-16 0)
(3 3.60666e-17 0)
(3 5.67781e-17 0)
(3 1.07091e-15 0)
(3 1.81039e-15 0)
(3 2.23846e-15 0)
(1.8721 1.11655 0)
(2.17215 0.947301 0)
(2.40523 0.788584 0)
(2.60335 0.52523 0)
(2.70412 0.433622 0)
(2.78068 0.402641 0)
(2.93059 0.153275 0)
(2.94615 -0.113754 0)
(2.96025 -0.156474 0)
(2.99091 -0.176538 0)
(3.02335 -0.240363 0)
(3.03359 -0.302136 0)
(3.06739 -0.336211 0)
(3.09447 -0.335395 0)
(3.09654 -0.320304 0)
(3.08136 -0.291418 0)
(3.06726 -0.269111 0)
(3.06269 -0.256594 0)
(3.06056 -0.237677 0)
(3.05349 -0.20445 0)
(3.0495 -0.157572 0)
(3.06043 -0.100217 0)
(3.08223 -0.0427105 0)
(3.08693 -0.00664582 0)
(3.07945 0.00458589 0)
(3.07089 0.0126544 0)
(3.05596 0.0189032 0)
(3.03338 0.0166834 0)
(3.00959 0.00514944 0)
(3.00055 0.000261459 0)
(3 2.17274e-07 0)
(3 -6.66056e-07 0)
(3 -6.1114e-07 0)
(3 -4.44056e-07 0)
(3 -1.79616e-07 0)
(3 -1.84743e-08 0)
(3 -1.38416e-10 0)
(3 3.21323e-11 0)
(3 2.65345e-11 0)
(3 1.10465e-11 0)
(3 1.05071e-12 0)
(3 6.1143e-15 0)
(3 -7.63034e-16 0)
(3 3.86716e-16 0)
(3 5.93818e-16 0)
(3 8.32481e-16 0)
(3 5.15312e-16 0)
(3 -1.08346e-15 0)
(3 -9.19577e-16 0)
(3 -8.21417e-17 0)
(3 2.33417e-16 0)
(3 6.89926e-16 0)
(3 1.56377e-15 0)
(3 2.37192e-16 0)
(3 1.42319e-16 0)
(3 8.15219e-17 0)
(3 8.2954e-16 0)
(3 1.92494e-15 0)
(3 2.55827e-15 0)
(3 2.3963e-15 0)
(3 1.32705e-15 0)
(3 -7.58434e-16 0)
(3 -1.16979e-15 0)
(3 -6.14844e-16 0)
(3 -6.61885e-16 0)
(3 3.69546e-16 0)
(3 4.789e-16 0)
(3 -7.14145e-16 0)
(3 -1.00257e-15 0)
(3 -5.52752e-16 0)
(3 1.00938e-16 0)
(3 5.39618e-16 0)
(3 8.42662e-16 0)
(3 3.6917e-16 0)
(3 4.73971e-16 0)
(3 2.27173e-17 0)
(3 -1.0031e-16 0)
(3 -5.25878e-16 0)
(3 4.22483e-16 0)
(3 1.04347e-15 0)
(3 8.94727e-17 0)
(3 -1.95276e-16 0)
(3 3.15513e-16 0)
(3 2.49464e-16 0)
(3 2.01874e-16 0)
(3 -1.70636e-16 0)
(3 -3.93546e-16 0)
(3 1.53117e-15 0)
(3 2.11808e-15 0)
(3 2.50518e-15 0)
(3 1.86967e-15 0)
(3 5.94591e-16 0)
(3 1.04726e-15 0)
(3 1.201e-15 0)
(3 1.15775e-15 0)
(3 1.73271e-15 0)
(1.79008 1.24292 0)
(2.07326 1.08714 0)
(2.29709 0.937866 0)
(2.49949 0.728444 0)
(2.64082 0.5372 0)
(2.7261 0.509646 0)
(2.79721 0.413053 0)
(2.86684 0.185655 0)
(2.9011 0.100449 0)
(2.94025 0.106777 0)
(2.99838 0.0357917 0)
(3.02419 -0.0426788 0)
(3.04047 -0.0665449 0)
(3.04519 -0.0671221 0)
(3.04714 -0.0637726 0)
(3.04659 -0.0604952 0)
(3.05684 -0.0577121 0)
(3.07269 -0.0595783 0)
(3.07983 -0.0602962 0)
(3.07804 -0.0497249 0)
(3.08671 -0.0325729 0)
(3.11006 -0.00595529 0)
(3.11785 0.0228319 0)
(3.10453 0.0328209 0)
(3.094 0.0387819 0)
(3.08265 0.0411739 0)
(3.05299 0.0327996 0)
(3.01611 0.0112516 0)
(3.00112 0.000742258 0)
(3.00001 3.53862e-06 0)
(3 -5.79118e-07 0)
(3 -5.55672e-07 0)
(3 -4.26159e-07 0)
(3 -1.95602e-07 0)
(3 -2.8588e-08 0)
(3 -5.05779e-10 0)
(3 2.32206e-11 0)
(3 2.15555e-11 0)
(3 1.12108e-11 0)
(3 1.66831e-12 0)
(3 2.40626e-14 0)
(3 -1.82298e-15 0)
(3 -2.12363e-16 0)
(3 1.59433e-15 0)
(3 2.03085e-15 0)
(3 2.39509e-15 0)
(3 6.16704e-16 0)
(3 -1.03951e-16 0)
(3 8.71023e-16 0)
(3 5.53611e-16 0)
(3 -7.20066e-16 0)
(3 -1.53733e-15 0)
(3 -4.6395e-17 0)
(3 -7.13362e-16 0)
(3 -4.38439e-16 0)
(3 -4.61938e-16 0)
(3 -1.43044e-16 0)
(3 -4.99857e-17 0)
(3 -2.96369e-16 0)
(3 -5.49581e-16 0)
(3 -1.57514e-16 0)
(3 -3.10293e-16 0)
(3 4.45957e-16 0)
(3 1.61694e-15 0)
(3 1.47441e-15 0)
(3 1.50955e-15 0)
(3 1.89072e-15 0)
(3 1.62513e-15 0)
(3 7.92977e-16 0)
(3 -4.12287e-16 0)
(3 -7.47778e-16 0)
(3 -1.72633e-17 0)
(3 4.10733e-16 0)
(3 6.02041e-16 0)
(3 8.19622e-16 0)
(3 9.76521e-16 0)
(3 6.63145e-16 0)
(3 -4.98257e-17 0)
(3 2.10299e-17 0)
(3 -1.32104e-16 0)
(3 -5.28498e-16 0)
(3 5.00298e-17 0)
(3 6.42505e-16 0)
(3 3.81362e-16 0)
(3 5.42847e-19 0)
(3 -3.16774e-16 0)
(3 -3.44326e-16 0)
(3 1.36001e-15 0)
(3 1.78174e-15 0)
(3 1.69165e-15 0)
(3 6.48162e-16 0)
(3 2.53688e-16 0)
(3 1.26025e-15 0)
(3 2.22897e-15 0)
(3 2.16564e-15 0)
(3 1.75528e-15 0)
(1.86305 1.24527 0)
(2.01689 1.22354 0)
(2.21657 1.10866 0)
(2.39867 0.933305 0)
(2.53582 0.76353 0)
(2.62859 0.680728 0)
(2.73299 0.542927 0)
(2.84369 0.320878 0)
(2.88276 0.242487 0)
(2.92487 0.217742 0)
(3.01312 0.114435 0)
(3.03265 0.0183315 0)
(3.06269 -0.0504089 0)
(3.07951 -0.0938857 0)
(3.09436 -0.108346 0)
(3.11367 -0.104915 0)
(3.14301 -0.0914313 0)
(3.16415 -0.0668371 0)
(3.16371 -0.0350804 0)
(3.15275 0.00467617 0)
(3.14513 0.0466037 0)
(3.14181 0.0770667 0)
(3.13366 0.0840017 0)
(3.12597 0.08234 0)
(3.10195 0.0726903 0)
(3.06275 0.0506813 0)
(3.02145 0.0180128 0)
(3.0019 0.00142279 0)
(3.00002 9.5288e-06 0)
(3 -4.35725e-07 0)
(3 -4.42194e-07 0)
(3 -3.38094e-07 0)
(3 -1.4824e-07 0)
(3 -2.17754e-08 0)
(3 -4.35817e-10 0)
(3 1.32142e-11 0)
(3 1.37622e-11 0)
(3 7.76289e-12 0)
(3 1.31009e-12 0)
(3 2.64047e-14 0)
(3 -3.84954e-16 0)
(3 3.93135e-16 0)
(3 1.42252e-15 0)
(3 1.51314e-15 0)
(3 1.38909e-15 0)
(3 1.26134e-15 0)
(3 9.66023e-16 0)
(3 1.36551e-15 0)
(3 1.19198e-15 0)
(3 -1.32674e-15 0)
(3 -2.07212e-15 0)
(3 -1.87183e-15 0)
(3 -1.4782e-15 0)
(3 -1.00932e-15 0)
(3 -8.96527e-16 0)
(3 6.02816e-17 0)
(3 -9.40405e-17 0)
(3 -5.93282e-16 0)
(3 -2.26302e-15 0)
(3 -3.45309e-15 0)
(3 -2.16464e-15 0)
(3 -7.28593e-16 0)
(3 9.24848e-16 0)
(3 1.84879e-15 0)
(3 2.36992e-15 0)
(3 2.10548e-15 0)
(3 7.1509e-16 0)
(3 3.08335e-16 0)
(3 2.59856e-16 0)
(3 -3.06957e-16 0)
(3 -1.94825e-16 0)
(3 4.12535e-17 0)
(3 3.02104e-17 0)
(3 1.63357e-16 0)
(3 1.70448e-16 0)
(3 3.0223e-17 0)
(3 -1.21215e-16 0)
(3 -3.94859e-16 0)
(3 -8.13169e-16 0)
(3 -1.20328e-15 0)
(3 -9.60402e-16 0)
(3 -9.49737e-16 0)
(3 -1.45905e-15 0)
(3 -1.24452e-15 0)
(3 -1.24872e-15 0)
(3 -1.15123e-15 0)
(3 -2.83602e-16 0)
(3 6.2624e-16 0)
(3 1.85616e-15 0)
(3 1.77925e-15 0)
(3 8.12979e-16 0)
(3 8.0001e-16 0)
(3 1.53457e-15 0)
(3 2.16164e-15 0)
(3 2.07996e-15 0)
(3 1.12419e-15 0)
(2.01666 1.14519 0)
(2.15767 1.20212 0)
(2.25728 1.1817 0)
(2.35708 1.10017 0)
(2.46529 0.987742 0)
(2.57333 0.885942 0)
(2.68357 0.771883 0)
(2.78837 0.608859 0)
(2.85121 0.484019 0)
(2.89166 0.445425 0)
(2.97384 0.371405 0)
(3.00809 0.28124 0)
(3.03623 0.234934 0)
(3.06173 0.221523 0)
(3.09234 0.21744 0)
(3.13269 0.217249 0)
(3.17243 0.212403 0)
(3.18535 0.197141 0)
(3.1779 0.182588 0)
(3.16829 0.172232 0)
(3.16133 0.164546 0)
(3.14732 0.146603 0)
(3.12918 0.124345 0)
(3.10431 0.101077 0)
(3.06808 0.0672234 0)
(3.02439 0.0230479 0)
(3.00227 0.00191336 0)
(3.00002 1.58572e-05 0)
(3 -2.13765e-07 0)
(3 -2.37144e-07 0)
(3 -1.7224e-07 0)
(3 -6.68872e-08 0)
(3 -8.48718e-09 0)
(3 -1.4879e-10 0)
(3 6.38717e-12 0)
(3 6.88421e-12 0)
(3 3.8504e-12 0)
(3 6.24747e-13 0)
(3 9.96603e-15 0)
(3 -7.98841e-16 0)
(3 1.75844e-15 0)
(3 2.98711e-15 0)
(3 2.20297e-15 0)
(3 1.35066e-15 0)
(3 3.69668e-16 0)
(3 -8.20235e-17 0)
(3 -9.70462e-17 0)
(3 5.25378e-16 0)
(3 2.87792e-16 0)
(3 -2.7807e-16 0)
(3 -8.11912e-16 0)
(3 -1.40533e-15 0)
(3 -1.94801e-15 0)
(3 -8.852e-16 0)
(3 -3.11707e-16 0)
(3 -1.80743e-16 0)
(3 -6.32339e-16 0)
(3 -1.59352e-15 0)
(3 -1.65248e-15 0)
(3 -2.66766e-15 0)
(3 -3.34487e-15 0)
(3 -1.37731e-15 0)
(3 -1.01381e-15 0)
(3 5.83195e-16 0)
(3 1.93014e-15 0)
(3 8.77815e-16 0)
(3 7.40932e-16 0)
(3 9.97013e-16 0)
(3 1.44291e-15 0)
(3 1.23769e-15 0)
(3 1.11394e-15 0)
(3 7.45383e-16 0)
(3 8.60566e-16 0)
(3 9.5155e-16 0)
(3 -5.38182e-16 0)
(3 -1.75712e-15 0)
(3 -1.64185e-15 0)
(3 -9.02014e-16 0)
(3 3.71599e-17 0)
(3 -1.01995e-15 0)
(3 -2.29957e-15 0)
(3 -2.30547e-15 0)
(3 -1.55594e-15 0)
(3 -1.1012e-15 0)
(3 -8.17101e-16 0)
(3 -7.33023e-16 0)
(3 -3.52746e-16 0)
(3 3.13969e-16 0)
(3 9.42088e-16 0)
(3 8.70664e-16 0)
(3 5.397e-16 0)
(3 1.17836e-15 0)
(3 1.73202e-15 0)
(3 1.70853e-15 0)
(3 8.07094e-16 0)
(3 7.94657e-16 0)
(2.56956 0.615672 0)
(2.37592 0.972395 0)
(2.38948 1.065 0)
(2.44312 1.0499 0)
(2.5217 1.03822 0)
(2.59969 1.02078 0)
(2.68545 0.964629 0)
(2.77531 0.84095 0)
(2.82781 0.747502 0)
(2.87403 0.702116 0)
(2.94946 0.638893 0)
(2.99161 0.556006 0)
(3.03129 0.487533 0)
(3.06481 0.463272 0)
(3.10808 0.446869 0)
(3.146 0.417274 0)
(3.16373 0.381739 0)
(3.17536 0.332546 0)
(3.17298 0.278082 0)
(3.15916 0.228096 0)
(3.1419 0.187264 0)
(3.12243 0.154878 0)
(3.09674 0.121349 0)
(3.06132 0.0748136 0)
(3.02146 0.0239671 0)
(3.00196 0.0019224 0)
(3.00002 1.58831e-05 0)
(3 -7.62338e-08 0)
(3 -9.76894e-08 0)
(3 -6.37847e-08 0)
(3 -1.89615e-08 0)
(3 -1.67921e-09 0)
(3 -1.97715e-11 0)
(3 2.71612e-12 0)
(3 2.94306e-12 0)
(3 1.54841e-12 0)
(3 2.13066e-13 0)
(3 3.70531e-15 0)
(3 1.16308e-15 0)
(3 1.91727e-15 0)
(3 2.74294e-15 0)
(3 2.47062e-15 0)
(3 1.87153e-15 0)
(3 1.25022e-15 0)
(3 4.7386e-16 0)
(3 -9.0307e-16 0)
(3 -1.06716e-15 0)
(3 -4.88245e-16 0)
(3 3.57734e-17 0)
(3 9.64664e-16 0)
(3 2.38118e-16 0)
(3 -9.7547e-16 0)
(3 -1.50586e-15 0)
(3 -1.06104e-15 0)
(3 1.98645e-16 0)
(3 -4.74484e-16 0)
(3 -1.26262e-15 0)
(3 -1.37515e-15 0)
(3 -7.2113e-16 0)
(3 -9.66883e-16 0)
(3 -2.70375e-15 0)
(3 -3.45476e-15 0)
(3 -2.71683e-15 0)
(3 -2.93621e-16 0)
(3 4.98415e-16 0)
(3 -3.53599e-16 0)
(3 -3.65997e-16 0)
(3 1.78636e-16 0)
(3 1.05396e-15 0)
(3 1.71688e-15 0)
(3 8.97517e-16 0)
(3 8.54879e-16 0)
(3 1.18943e-15 0)
(3 1.56698e-16 0)
(3 -1.12483e-15 0)
(3 -2.73946e-15 0)
(3 -2.83339e-15 0)
(3 -1.73781e-15 0)
(3 -1.2302e-15 0)
(3 -1.50213e-15 0)
(3 -2.42073e-15 0)
(3 -2.7325e-15 0)
(3 -1.32408e-15 0)
(3 -4.84252e-16 0)
(3 -8.43533e-16 0)
(3 -3.68203e-16 0)
(3 -9.91555e-16 0)
(3 -8.57147e-16 0)
(3 -4.35946e-16 0)
(3 -2.44787e-16 0)
(3 4.37564e-16 0)
(3 1.06245e-15 0)
(3 6.66591e-16 0)
(3 7.30029e-16 0)
(3 7.98835e-16 0)
(3 -6.23268e-17 0)
(2.96852 0.0744007 0)
(2.81235 0.359621 0)
(2.64613 0.663566 0)
(2.584 0.817363 0)
(2.63293 0.910707 0)
(2.67189 0.911748 0)
(2.73576 0.883337 0)
(2.80191 0.822046 0)
(2.84163 0.786473 0)
(2.8859 0.763936 0)
(2.94998 0.71522 0)
(2.99437 0.64609 0)
(3.01955 0.586799 0)
(3.051 0.540664 0)
(3.08533 0.498683 0)
(3.11542 0.449594 0)
(3.13759 0.393239 0)
(3.14831 0.335171 0)
(3.14486 0.280023 0)
(3.12591 0.228467 0)
(3.10143 0.17886 0)
(3.07486 0.126071 0)
(3.04374 0.0665132 0)
(3.01289 0.0172284 0)
(3.00094 0.00113145 0)
(3.00001 8.43724e-06 0)
(3 -1.93154e-08 0)
(3 -3.11445e-08 0)
(3 -1.86131e-08 0)
(3 -4.03204e-09 0)
(3 -2.01227e-10 0)
(3 -6.58954e-13 0)
(3 1.01884e-12 0)
(3 1.08498e-12 0)
(3 5.00574e-13 0)
(3 5.49646e-14 0)
(3 2.79784e-16 0)
(3 1.49072e-15 0)
(3 2.13985e-15 0)
(3 2.66267e-15 0)
(3 1.58208e-15 0)
(3 9.41941e-16 0)
(3 8.47766e-16 0)
(3 -3.53371e-17 0)
(3 -3.01554e-16 0)
(3 -1.07031e-15 0)
(3 -1.23529e-15 0)
(3 -6.94425e-16 0)
(3 -1.62729e-16 0)
(3 7.28104e-17 0)
(3 5.04197e-16 0)
(3 1.14484e-15 0)
(3 1.83095e-15 0)
(3 2.61031e-16 0)
(3 -3.52246e-17 0)
(3 2.23648e-16 0)
(3 4.77152e-16 0)
(3 5.09141e-16 0)
(3 -1.79356e-16 0)
(3 -7.73833e-16 0)
(3 -1.56043e-15 0)
(3 -1.63617e-15 0)
(3 -1.25953e-15 0)
(3 -6.60996e-16 0)
(3 -1.14115e-15 0)
(3 -1.86633e-15 0)
(3 -2.11638e-15 0)
(3 -2.18729e-15 0)
(3 -1.01598e-15 0)
(3 7.84764e-16 0)
(3 9.76389e-16 0)
(3 4.49505e-16 0)
(3 -4.39359e-16 0)
(3 -1.83824e-15 0)
(3 -1.81322e-15 0)
(3 -1.94501e-15 0)
(3 -1.8464e-15 0)
(3 -2.45779e-15 0)
(3 -2.2537e-15 0)
(3 -1.86933e-15 0)
(3 -1.17799e-15 0)
(3 -4.4476e-16 0)
(3 -9.62559e-17 0)
(3 4.54606e-16 0)
(3 3.14339e-16 0)
(3 -2.23505e-17 0)
(3 -1.23679e-15 0)
(3 -1.45123e-15 0)
(3 -7.52143e-16 0)
(3 -5.72507e-17 0)
(3 1.57e-16 0)
(3 -1.71899e-16 0)
(3 -7.13272e-16 0)
(3 -2.78057e-17 0)
(3 4.23078e-16 0)
(3 -1.08934e-15 0)
(2.99987 0.000806106 0)
(2.99419 0.0179749 0)
(2.95519 0.105274 0)
(2.85668 0.307417 0)
(2.77703 0.556743 0)
(2.78292 0.661046 0)
(2.81219 0.677809 0)
(2.83165 0.687626 0)
(2.87908 0.675712 0)
(2.90748 0.660422 0)
(2.95255 0.62591 0)
(2.99084 0.573332 0)
(3.01404 0.528003 0)
(3.03947 0.491194 0)
(3.06762 0.454011 0)
(3.08983 0.411272 0)
(3.10253 0.360703 0)
(3.10147 0.301095 0)
(3.08658 0.232837 0)
(3.0668 0.162494 0)
(3.04442 0.0956693 0)
(3.02087 0.0388272 0)
(3.00444 0.0072837 0)
(3.00023 0.000346347 0)
(3 1.93768e-06 0)
(3 -4.74643e-09 0)
(3 -8.52739e-09 0)
(3 -4.97595e-09 0)
(3 -8.73861e-10 0)
(3 -2.46975e-11 0)
(3 1.467e-13 0)
(3 3.46203e-13 0)
(3 3.40629e-13 0)
(3 1.21441e-13 0)
(3 9.9238e-15 0)
(3 7.77796e-16 0)
(3 4.48563e-16 0)
(3 3.29498e-16 0)
(3 1.5287e-16 0)
(3 1.32612e-16 0)
(3 -1.33547e-15 0)
(3 -1.99443e-15 0)
(3 -8.95816e-16 0)
(3 -1.31109e-16 0)
(3 -2.20815e-17 0)
(3 -9.84026e-17 0)
(3 -7.70814e-16 0)
(3 -5.36312e-16 0)
(3 -9.11635e-16 0)
(3 -1.08371e-15 0)
(3 -7.45372e-16 0)
(3 4.49572e-17 0)
(3 6.07637e-16 0)
(3 -5.22636e-17 0)
(3 -1.06831e-15 0)
(3 -1.48656e-15 0)
(3 3.55024e-16 0)
(3 5.64405e-16 0)
(3 -2.79359e-16 0)
(3 3.26848e-16 0)
(3 1.2346e-15 0)
(3 1.76426e-15 0)
(3 4.79269e-16 0)
(3 -1.24118e-15 0)
(3 -3.36044e-15 0)
(3 -2.5248e-15 0)
(3 -2.64655e-15 0)
(3 -2.13316e-15 0)
(3 5.02694e-16 0)
(3 8.24245e-16 0)
(3 1.2494e-15 0)
(3 -2.07328e-16 0)
(3 -9.92172e-16 0)
(3 -1.26373e-15 0)
(3 -1.31339e-15 0)
(3 -1.55708e-16 0)
(3 3.6221e-17 0)
(3 -6.91252e-16 0)
(3 -2.05368e-15 0)
(3 -1.9682e-15 0)
(3 -1.18899e-15 0)
(3 3.68272e-16 0)
(3 1.14081e-15 0)
(3 1.41587e-15 0)
(3 1.32368e-15 0)
(3 2.55489e-16 0)
(3 -5.16684e-17 0)
(3 3.67556e-16 0)
(3 3.02689e-16 0)
(3 6.46219e-16 0)
(3 -1.47471e-16 0)
(3 -1.01435e-15 0)
(3 -1.13154e-15 0)
(3 -1.94386e-16 0)
(3 -2.05051e-16 0)
(3 -2.95668e-16 0)
(3 5.6716e-07 0)
(2.99999 6.53005e-05 0)
(2.99956 0.00162764 0)
(2.99357 0.0179573 0)
(2.96988 0.0862618 0)
(2.94569 0.181286 0)
(2.92476 0.270231 0)
(2.90684 0.354471 0)
(2.91658 0.417275 0)
(2.93004 0.45981 0)
(2.9631 0.438906 0)
(2.98392 0.422095 0)
(2.99856 0.397736 0)
(3.01416 0.368043 0)
(3.02985 0.329058 0)
(3.04195 0.278719 0)
(3.04462 0.217435 0)
(3.03754 0.149845 0)
(3.0259 0.0871949 0)
(3.01425 0.0397513 0)
(3.00501 0.0116309 0)
(3.00073 0.00148769 0)
(3.00002 4.71401e-05 0)
(3 1.79251e-07 0)
(3 -1.06783e-09 0)
(3 -2.00402e-09 0)
(3 -1.18695e-09 0)
(3 -1.93303e-10 0)
(3 -4.23182e-12 0)
(3 5.1168e-14 0)
(3 1.02245e-13 0)
(3 8.6177e-14 0)
(3 2.44872e-14 0)
(3 1.64513e-15 0)
(3 -2.17837e-16 0)
(3 4.25602e-17 0)
(3 1.11446e-16 0)
(3 4.02438e-16 0)
(3 7.55156e-16 0)
(3 8.71499e-16 0)
(3 -2.63574e-16 0)
(3 -2.711e-16 0)
(3 -9.81182e-16 0)
(3 -1.88023e-16 0)
(3 -2.11386e-16 0)
(3 -7.05976e-17 0)
(3 -1.83869e-16 0)
(3 -3.04958e-16 0)
(3 2.31622e-16 0)
(3 4.4082e-16 0)
(3 -8.44743e-17 0)
(3 -1.716e-15 0)
(3 -2.16127e-15 0)
(3 -1.96687e-15 0)
(3 -2.07211e-15 0)
(3 -3.27363e-15 0)
(3 -3.40784e-15 0)
(3 -1.9763e-15 0)
(3 6.15131e-16 0)
(3 1.37109e-15 0)
(3 2.01958e-15 0)
(3 3.16142e-15 0)
(3 3.18405e-15 0)
(3 1.148e-15 0)
(3 6.2639e-16 0)
(3 1.14264e-15 0)
(3 1.61588e-15 0)
(3 1.23646e-15 0)
(3 1.31421e-15 0)
(3 7.62039e-16 0)
(3 6.65227e-16 0)
(3 1.59147e-15 0)
(3 1.71376e-15 0)
(3 1.06447e-15 0)
(3 3.42754e-16 0)
(3 1.05269e-15 0)
(3 1.35212e-15 0)
(3 9.4912e-16 0)
(3 -1.24066e-15 0)
(3 -1.26705e-15 0)
(3 -1.23451e-15 0)
(3 -7.26583e-16 0)
(3 -1.35669e-16 0)
(3 -2.49908e-16 0)
(3 7.89923e-16 0)
(3 1.11405e-15 0)
(3 1.38636e-15 0)
(3 1.45202e-15 0)
(3 -9.0407e-17 0)
(3 -1.20147e-15 0)
(3 -2.43487e-16 0)
(3 2.97423e-16 0)
(3 4.0626e-16 0)
(3 -5.65661e-17 0)
(3 -2.10984e-17 0)
(3 4.19855e-16 0)
(3 1.95805e-11 0)
(3 1.39588e-08 0)
(3 1.96857e-06 0)
(2.99998 9.38506e-05 0)
(2.99971 0.00116283 0)
(2.99868 0.00533984 0)
(2.99564 0.0166322 0)
(2.99015 0.0394154 0)
(2.98511 0.0718555 0)
(2.98244 0.103564 0)
(2.98703 0.120734 0)
(2.99311 0.124887 0)
(2.99598 0.121206 0)
(3.00095 0.109904 0)
(3.00576 0.0892108 0)
(3.00752 0.0624637 0)
(3.00607 0.0362469 0)
(3.00354 0.0167498 0)
(3.00153 0.00577726 0)
(3.00041 0.00123172 0)
(3.00004 0.000110643 0)
(3 2.37212e-06 0)
(3 6.00572e-09 0)
(3 -1.96615e-10 0)
(3 -3.96667e-10 0)
(3 -2.3263e-10 0)
(3 -3.50549e-11 0)
(3 -6.63413e-13 0)
(3 1.24147e-14 0)
(3 2.31353e-14 0)
(3 1.53906e-14 0)
(3 1.23771e-15 0)
(3 -1.92199e-15 0)
(3 -1.96441e-15 0)
(3 -1.95567e-15 0)
(3 -1.25538e-15 0)
(3 -6.66657e-16 0)
(3 -4.19257e-16 0)
(3 -6.01593e-16 0)
(3 -1.03783e-15 0)
(3 -5.75602e-16 0)
(3 6.07747e-16 0)
(3 4.54676e-16 0)
(3 2.80423e-16 0)
(3 1.83783e-16 0)
(3 -4.24365e-16 0)
(3 -1.17875e-16 0)
(3 -2.17992e-16 0)
(3 -2.32357e-16 0)
(3 -5.9642e-16 0)
(3 -1.22279e-15 0)
(3 -1.82059e-15 0)
(3 -1.95879e-15 0)
(3 -1.91496e-15 0)
(3 -2.10389e-15 0)
(3 -2.45352e-15 0)
(3 -2.02073e-15 0)
(3 4.97585e-16 0)
(3 7.18425e-16 0)
(3 1.50511e-15 0)
(3 1.83132e-15 0)
(3 2.52699e-15 0)
(3 2.7238e-15 0)
(3 2.41199e-15 0)
(3 3.19751e-15 0)
(3 3.8394e-15 0)
(3 3.3555e-15 0)
(3 2.37068e-15 0)
(3 -1.50801e-16 0)
(3 -1.45129e-15 0)
(3 -8.50898e-16 0)
(3 -4.52661e-16 0)
(3 -2.59922e-16 0)
(3 2.64174e-16 0)
(3 1.1687e-15 0)
(3 5.0404e-16 0)
(3 -5.44398e-16 0)
(3 -1.28219e-15 0)
(3 -1.86442e-15 0)
(3 -1.53522e-15 0)
(3 -4.05715e-16 0)
(3 2.10322e-16 0)
(3 3.50868e-16 0)
(3 -1.68772e-17 0)
(3 3.05848e-16 0)
(3 -2.11869e-16 0)
(3 -3.53907e-16 0)
(3 -1.23057e-15 0)
(3 -1.78592e-15 0)
(3 -1.12278e-15 0)
(3 -3.04429e-16 0)
(3 9.9931e-17 0)
(3 -3.87546e-16 0)
(3 -9.68439e-16 0)
(3 -3.83017e-16 0)
(3 -3.79825e-17 0)
(3 -5.40754e-16 0)
(3 3.97024e-13 0)
(3 1.58084e-10 0)
(3 2.97891e-08 0)
(3 9.18981e-07 0)
(3 1.05462e-05 0)
(2.99998 8.16342e-05 0)
(2.99992 0.000393897 0)
(2.99977 0.00122026 0)
(2.99956 0.00264651 0)
(2.99948 0.0043008 0)
(2.9997 0.00529499 0)
(2.99978 0.00529737 0)
(3 0.00468935 0)
(3.00019 0.00328988 0)
(3.00019 0.00172729 0)
(3.0001 0.000660133 0)
(3.00003 0.000178025 0)
(3.00001 2.92427e-05 0)
(3 2.018e-06 0)
(3 3.26679e-08 0)
(3 6.96072e-11 0)
(3 -2.52642e-11 0)
(3 -5.97016e-11 0)
(3 -3.45005e-11 0)
(3 -4.80957e-12 0)
(3 -7.85151e-14 0)
(3 3.24322e-15 0)
(3 4.97614e-15 0)
(3 3.02905e-15 0)
(3 -8.84421e-16 0)
(3 -3.21037e-15 0)
(3 -3.36568e-15 0)
(3 -4.22105e-15 0)
(3 -3.8298e-15 0)
(3 -2.28835e-15 0)
(3 -1.20419e-15 0)
(3 -1.70238e-15 0)
(3 -1.6516e-15 0)
(3 -9.78329e-16 0)
(3 7.60827e-16 0)
(3 1.06636e-15 0)
(3 1.15164e-15 0)
(3 1.14297e-15 0)
(3 1.32047e-15 0)
(3 4.51386e-16 0)
(3 2.20987e-16 0)
(3 -2.49046e-16 0)
(3 -1.16635e-15 0)
(3 -2.13592e-15 0)
(3 -2.06304e-15 0)
(3 -5.48956e-16 0)
(3 -7.25619e-16 0)
(3 -1.51569e-15 0)
(3 -1.86439e-15 0)
(3 -1.38696e-15 0)
(3 -4.86794e-16 0)
(3 3.28815e-17 0)
(3 -7.84361e-16 0)
(3 -5.21622e-16 0)
(3 1.53634e-15 0)
(3 1.72274e-15 0)
(3 1.65592e-15 0)
(3 1.15414e-15 0)
(3 1.89013e-15 0)
(3 3.12288e-15 0)
(3 2.82089e-15 0)
(3 4.25162e-16 0)
(3 -2.77788e-15 0)
(3 -2.92617e-15 0)
(3 -1.58682e-15 0)
(3 -2.0531e-15 0)
(3 -8.72528e-16 0)
(3 7.64131e-16 0)
(3 2.10945e-15 0)
(3 1.18857e-15 0)
(3 -7.18578e-16 0)
(3 -1.17283e-15 0)
(3 -1.94012e-15 0)
(3 -1.36503e-15 0)
(3 -4.29953e-16 0)
(3 6.1257e-16 0)
(3 1.01877e-15 0)
(3 2.76792e-16 0)
(3 -3.5159e-17 0)
(3 -1.29768e-15 0)
(3 -1.37134e-15 0)
(3 -1.48857e-15 0)
(3 -1.60775e-15 0)
(3 -1.41375e-15 0)
(3 -8.05274e-16 0)
(3 -8.09625e-16 0)
(3 -9.79358e-16 0)
(3 -2.33459e-16 0)
(3 -5.44152e-17 0)
(3 -1.21119e-15 0)
(3 -9.17651e-16 0)
(3 -8.29269e-16 0)
(3 4.19552e-15 0)
(3 8.0591e-13 0)
(3 3.10645e-11 0)
(3 1.05053e-09 0)
(3 2.28385e-08 0)
(3 2.30727e-07 0)
(3 1.2621e-06 0)
(3 4.52592e-06 0)
(3 1.13698e-05 0)
(3 1.68352e-05 0)
(3 1.70827e-05 0)
(3 1.44167e-05 0)
(3 8.36352e-06 0)
(3 3.05106e-06 0)
(3 6.9176e-07 0)
(3 9.27141e-08 0)
(3 5.46941e-09 0)
(3 8.04792e-11 0)
(3 8.02019e-13 0)
(3 -1.69894e-12 0)
(3 -6.22832e-12 0)
(3 -3.47788e-12 0)
(3 -4.34738e-13 0)
(3 -2.80852e-15 0)
(3 2.17309e-15 0)
(3 1.64161e-15 0)
(3 1.30315e-15 0)
(3 2.43878e-16 0)
(3 -3.56399e-16 0)
(3 -1.97454e-15 0)
(3 -3.63172e-15 0)
(3 -4.3228e-15 0)
(3 -3.20695e-15 0)
(3 -1.36975e-15 0)
(3 -1.03707e-15 0)
(3 -7.41573e-16 0)
(3 -5.48192e-16 0)
(3 1.79792e-16 0)
(3 5.51937e-16 0)
(3 1.28228e-16 0)
(3 -1.1057e-15 0)
(3 -9.52449e-16 0)
(3 -1.33623e-16 0)
(3 2.33918e-16 0)
(3 3.67506e-16 0)
(3 6.18902e-16 0)
(3 3.64025e-16 0)
(3 -2.25047e-16 0)
(3 -1.90716e-16 0)
(3 9.24473e-16 0)
(3 8.43349e-16 0)
(3 -4.68131e-16 0)
(3 -9.61687e-16 0)
(3 -7.63637e-16 0)
(3 1.11964e-16 0)
(3 1.40746e-16 0)
(3 2.21352e-16 0)
(3 5.0449e-16 0)
(3 2.33382e-15 0)
(3 2.11308e-15 0)
(3 1.64721e-15 0)
(3 1.3301e-15 0)
(3 9.95619e-16 0)
(3 1.36368e-15 0)
(3 1.28211e-15 0)
(3 1.05887e-16 0)
(3 -1.02381e-15 0)
(3 -1.12358e-15 0)
(3 -8.73824e-16 0)
(3 -4.94681e-16 0)
(3 2.37557e-16 0)
(3 1.34673e-15 0)
(3 1.00405e-15 0)
(3 -1.28538e-15 0)
(3 -9.03023e-16 0)
(3 5.44211e-16 0)
(3 1.99714e-15 0)
(3 2.23331e-15 0)
(3 -2.42477e-16 0)
(3 -1.23052e-15 0)
(3 -1.11439e-15 0)
(3 -1.36215e-15 0)
(3 -2.14702e-15 0)
(3 -2.31656e-15 0)
(3 -2.38631e-15 0)
(3 -2.14278e-15 0)
(3 -1.95333e-15 0)
(3 -2.65215e-15 0)
(3 -2.56901e-15 0)
(3 -1.71323e-15 0)
(3 -1.08951e-15 0)
(3 -6.17023e-16 0)
(3 -6.76123e-16 0)
(3 -4.82792e-16 0)
(3 -5.94254e-16 0)
(3 -5.59641e-17 0)
(3 -4.69318e-16 0)
(3 -6.60126e-16 0)
(3 2.50271e-16 0)
(3 2.82392e-14 0)
(3 6.12538e-13 0)
(3 6.23907e-12 0)
(3 5.39241e-11 0)
(3 3.52988e-10 0)
(3 1.4258e-09 0)
(3 2.40016e-09 0)
(3 2.40955e-09 0)
(3 1.85948e-09 0)
(3 8.40739e-10 0)
(3 1.95803e-10 0)
(3 2.41514e-11 0)
(3 1.96826e-12 0)
(3 9.27852e-14 0)
(3 1.59373e-15 0)
(3 -6.09997e-14 0)
(3 -3.87925e-13 0)
(3 -2.30149e-13 0)
(3 -2.33175e-14 0)
(3 8.75129e-16 0)
(3 1.20843e-15 0)
(3 1.49898e-15 0)
(3 9.71057e-16 0)
(3 6.44604e-16 0)
(3 5.49744e-16 0)
(3 4.7477e-16 0)
(3 3.67023e-16 0)
(3 -3.76288e-16 0)
(3 -1.20378e-15 0)
(3 -1.03485e-15 0)
(3 -1.21627e-15 0)
(3 -1.29489e-15 0)
(3 -5.86076e-16 0)
(3 -2.17092e-16 0)
(3 -1.28673e-16 0)
(3 -2.95256e-17 0)
(3 3.23351e-16 0)
(3 1.57383e-16 0)
(3 -2.9809e-16 0)
(3 -2.3811e-16 0)
(3 -3.86633e-17 0)
(3 2.98784e-16 0)
(3 1.40008e-16 0)
(3 6.18712e-16 0)
(3 6.43701e-16 0)
(3 2.37234e-16 0)
(3 2.87137e-16 0)
(3 8.81546e-16 0)
(3 1.5471e-15 0)
(3 1.80045e-15 0)
(3 1.40747e-15 0)
(3 8.18317e-16 0)
(3 -4.12916e-18 0)
(3 -7.81321e-17 0)
(3 6.32022e-16 0)
(3 7.68189e-16 0)
(3 5.26086e-16 0)
(3 7.62992e-16 0)
(3 1.5956e-15 0)
(3 1.80827e-15 0)
(3 1.34256e-15 0)
(3 1.00445e-15 0)
(3 1.21697e-15 0)
(3 1.38474e-15 0)
(3 2.40975e-16 0)
(3 -7.1635e-16 0)
(3 -6.88726e-16 0)
(3 -4.64918e-16 0)
(3 -1.23582e-15 0)
(3 -2.15987e-15 0)
(3 -1.37574e-15 0)
(3 -1.23162e-15 0)
(3 1.60712e-15 0)
(3 3.66401e-15 0)
(3 3.33489e-15 0)
(3 2.04111e-15 0)
(3 2.17169e-16 0)
(3 -9.21468e-16 0)
(3 -1.30933e-15 0)
(3 -3.51822e-15 0)
(3 -2.35798e-15 0)
(3 -1.4452e-15 0)
(3 -1.27022e-15 0)
(3 -1.21322e-15 0)
(3 -1.314e-15 0)
(3 -2.27327e-15 0)
(3 -2.5197e-15 0)
(3 -2.00353e-15 0)
(3 -2.13499e-15 0)
(3 -1.8841e-15 0)
(3 1.36409e-15 0)
(3 -8.39305e-16 0)
(3 3.28867e-16 0)
(3 6.2696e-16 0)
(3 4.43891e-16 0)
(3 5.71966e-16 0)
(3 1.02841e-15 0)
(3 1.94537e-15 0)
(3 1.84411e-15 0)
(3 1.56937e-15 0)
(3 6.88207e-15 0)
(3 2.85266e-14 0)
(3 4.65096e-14 0)
(3 4.53363e-14 0)
(3 3.16541e-14 0)
(3 1.0682e-14 0)
(3 1.42885e-15 0)
(3 1.07508e-15 0)
(3 1.42238e-15 0)
(3 7.57714e-16 0)
(3 -2.4022e-15 0)
(3 -1.66182e-14 0)
(3 -1.23771e-14 0)
(3 -2.57724e-15 0)
(3 -2.24495e-17 0)
(3 4.29115e-16 0)
(3 -4.6686e-16 0)
(3 -1.2438e-17 0)
(3 2.24686e-16 0)
(3 5.14618e-16 0)
(3 2.13018e-16 0)
(3 7.70663e-16 0)
(3 1.79641e-15 0)
(3 2.14206e-15 0)
(3 9.43313e-16 0)
(3 -1.32115e-15 0)
(3 -1.85031e-15 0)
(3 -1.24045e-15 0)
(3 -2.30884e-16 0)
(3 -6.70188e-16 0)
(3 -1.50415e-15 0)
(3 -1.33973e-15 0)
(3 -8.49044e-17 0)
(3 8.08132e-16 0)
(3 1.32353e-15 0)
(3 1.42418e-15 0)
(3 6.75038e-16 0)
(3 1.33714e-16 0)
(3 2.10679e-16 0)
(3 1.43783e-16 0)
(3 6.76288e-16 0)
(3 1.25197e-15 0)
(3 1.07755e-15 0)
(3 1.12839e-15 0)
(3 2.20158e-15 0)
(3 2.91277e-15 0)
(3 2.69659e-15 0)
(3 1.36677e-15 0)
(3 -7.95076e-16 0)
(3 -7.74153e-16 0)
(3 -3.54764e-16 0)
(3 -3.73002e-16 0)
(3 -1.26994e-15 0)
(3 -8.63293e-16 0)
(3 5.06019e-16 0)
(3 1.08171e-15 0)
(3 1.04898e-15 0)
(3 2.10937e-15 0)
(3 1.6524e-15 0)
(3 2.19787e-16 0)
(3 -1.21806e-16 0)
(3 -2.83136e-16 0)
(3 -6.49854e-16 0)
(3 5.2759e-17 0)
(3 4.28024e-18 0)
(3 -3.18555e-16 0)
(3 1.15224e-15 0)
(3 1.81847e-15 0)
(3 3.0992e-15 0)
(3 3.31661e-15 0)
(3 1.86824e-15 0)
(3 1.36091e-15 0)
(3 1.11262e-15 0)
(3 -1.09351e-16 0)
(3 -7.09394e-16 0)
(3 -1.01977e-15 0)
(3 -1.17052e-15 0)
(3 -5.19656e-16 0)
(3 3.54645e-16 0)
(3 4.31083e-16 0)
(3 -7.19879e-17 0)
(3 -2.90636e-16 0)
(3 -5.1851e-16 0)
(3 -1.48619e-15 0)
(3 -1.39732e-15 0)
(3 -9.08842e-16 0)
(3 -2.48296e-16 0)
(3 6.9269e-16 0)
(3 -3.16033e-16 0)
(3 1.68209e-16 0)
(3 9.73645e-16 0)
(3 5.60648e-16 0)
(3 -7.39032e-17 0)
(3 1.40031e-15 0)
(3 1.22254e-15 0)
(3 4.15051e-16 0)
(3 -7.82509e-16 0)
(3 -1.85887e-15 0)
(3 -2.45648e-15 0)
(3 -2.08138e-15 0)
(3 -3.99694e-16 0)
(3 -2.80904e-16 0)
(3 -8.44135e-16 0)
(3 -2.76627e-16 0)
(3 4.86299e-16 0)
(3 5.95721e-16 0)
(3 -6.28712e-16 0)
(3 -7.61443e-16 0)
(3 -1.51106e-15 0)
(3 -1.52916e-15 0)
(3 -8.28455e-16 0)
(3 -2.26653e-16 0)
(3 1.97556e-16 0)
(3 -5.72325e-16 0)
(3 -1.21769e-15 0)
(3 -1.27801e-15 0)
(3 -7.44726e-16 0)
(3 -6.58465e-16 0)
(3 -3.49137e-16 0)
(3 -3.01255e-16 0)
(3 2.69419e-16 0)
(3 -3.79317e-16 0)
(3 9.03777e-17 0)
(3 1.10542e-16 0)
(3 3.8745e-16 0)
(3 -1.58456e-16 0)
(3 -5.33524e-16 0)
(3 -4.23559e-16 0)
(3 -9.08792e-16 0)
(3 -4.45321e-16 0)
(3 1.4461e-15 0)
(3 2.60479e-15 0)
(3 2.43522e-15 0)
(3 1.46574e-15 0)
(3 1.05138e-15 0)
(3 1.13632e-15 0)
(3 1.92585e-15 0)
(3 2.37766e-15 0)
(3 1.60181e-15 0)
(3 6.04303e-16 0)
(3 9.78409e-16 0)
(3 1.806e-15 0)
(3 2.64353e-15 0)
(3 1.77462e-15 0)
(3 7.77634e-16 0)
(3 6.37675e-16 0)
(3 4.77856e-17 0)
(3 -6.78623e-16 0)
(3 -2.12926e-15 0)
(3 -2.53495e-15 0)
(3 -1.05931e-15 0)
(3 -8.39498e-16 0)
(3 -5.27003e-16 0)
(3 -2.67177e-16 0)
(3 1.07128e-15 0)
(3 7.52514e-16 0)
(3 1.20937e-15 0)
(3 2.61288e-15 0)
(3 3.91923e-16 0)
(3 9.77481e-17 0)
(3 -1.2243e-16 0)
(3 9.35521e-16 0)
(3 2.01858e-15 0)
(3 2.20251e-15 0)
(3 2.34255e-15 0)
(3 2.133e-15 0)
(3 9.68057e-16 0)
(3 2.00499e-16 0)
(3 -1.47133e-16 0)
(3 -7.62322e-16 0)
(3 -4.05475e-16 0)
(3 5.49365e-16 0)
(3 8.21226e-16 0)
(3 6.45244e-16 0)
(3 7.15705e-16 0)
(3 9.36105e-16 0)
(3 2.87246e-16 0)
(3 4.92138e-16 0)
(3 9.39307e-16 0)
(3 -2.83347e-16 0)
(3 -7.85555e-16 0)
(3 -8.67923e-16 0)
(3 -7.22463e-16 0)
(3 4.89261e-16 0)
(3 -9.23614e-18 0)
(3 2.56659e-17 0)
(3 -5.4124e-16 0)
(3 -7.20019e-16 0)
(3 -9.56953e-16 0)
(3 -1.15768e-16 0)
(3 2.62735e-16 0)
(3 5.20205e-16 0)
(3 9.10791e-16 0)
(3 1.80345e-15 0)
(3 1.45173e-15 0)
(3 1.19872e-15 0)
(3 2.18269e-15 0)
(3 2.03526e-15 0)
(3 -1.97474e-16 0)
(3 -6.77963e-16 0)
(3 -6.61373e-16 0)
(3 -5.70305e-16 0)
(3 4.3076e-16 0)
(3 1.39577e-15 0)
(3 1.37478e-15 0)
(3 7.47659e-16 0)
(3 -3.67256e-16 0)
(3 2.39422e-16 0)
(3 1.59196e-15 0)
(3 1.23907e-15 0)
(3 -1.46652e-16 0)
(3 -1.554e-15 0)
(3 -2.52399e-15 0)
(3 -2.54192e-15 0)
(3 -1.71476e-15 0)
(3 -1.3344e-15 0)
(3 -2.22628e-16 0)
(3 1.31416e-15 0)
(3 2.09812e-15 0)
(3 1.09825e-15 0)
(3 8.61897e-16 0)
(3 9.2714e-16 0)
(3 9.42436e-16 0)
(3 2.0652e-16 0)
(3 -5.08454e-16 0)
(3 7.89412e-17 0)
(3 1.06544e-15 0)
(3 1.36246e-15 0)
(3 2.26315e-15 0)
(3 2.46107e-15 0)
(3 2.3892e-15 0)
(3 2.36248e-15 0)
(3 2.34493e-15 0)
(3 1.37355e-15 0)
(3 -3.74086e-16 0)
(3 -1.63817e-16 0)
(3 6.94983e-16 0)
(3 1.98854e-15 0)
(3 2.80141e-15 0)
(3 3.6796e-15 0)
(3 3.55422e-15 0)
(3 1.93875e-15 0)
(3 1.14479e-16 0)
(3 -3.17054e-17 0)
(3 -3.09728e-16 0)
(3 -9.14641e-16 0)
(3 -1.80982e-15 0)
(3 -9.13005e-16 0)
(3 -8.56104e-16 0)
(3 -2.06396e-15 0)
(3 -9.16281e-16 0)
(3 3.87988e-16 0)
(3 9.03686e-16 0)
(3 1.40135e-15 0)
(3 -3.22913e-16 0)
(3 -1.42376e-15 0)
(3 -1.41115e-15 0)
(3 -2.83797e-16 0)
(3 4.0001e-16 0)
(3 -5.17266e-17 0)
(3 -5.63165e-16 0)
(3 -7.37589e-16 0)
(3 1.3991e-15 0)
(3 2.36885e-15 0)
(3 1.35198e-15 0)
(3 5.08822e-16 0)
(3 -2.41671e-16 0)
(3 3.405e-16 0)
(3 2.11437e-15 0)
(3 1.84358e-15 0)
(3 1.27764e-15 0)
(3 1.68535e-15 0)
(3 1.61008e-15 0)
(3 1.86516e-15 0)
(3 1.70987e-15 0)
(3 2.22306e-15 0)
(3 9.66888e-16 0)
(3 -1.1755e-15 0)
(3 -1.37049e-15 0)
(3 -1.47332e-15 0)
(3 -1.15059e-15 0)
(3 -6.93312e-16 0)
(3 -4.7296e-16 0)
(3 -7.66454e-17 0)
(3 4.81572e-16 0)
(3 4.2478e-16 0)
(3 -5.8203e-17 0)
(3 -3.69947e-16 0)
(3 4.11511e-17 0)
(3 1.27248e-15 0)
(3 2.34919e-15 0)
(3 1.93756e-15 0)
(3 1.72961e-16 0)
(3 1.99509e-16 0)
(3 6.84992e-16 0)
(3 -3.91637e-16 0)
(3 -8.42925e-17 0)
(3 3.2118e-16 0)
(3 -5.82136e-16 0)
(3 -4.98606e-16 0)
(3 -9.42837e-17 0)
(3 9.31568e-16 0)
(3 1.22496e-15 0)
(3 1.07778e-15 0)
(3 1.06931e-15 0)
(3 8.4846e-16 0)
(3 9.86282e-16 0)
(3 3.84545e-16 0)
(3 -5.64178e-16 0)
(3 -7.62049e-16 0)
(3 -5.19728e-16 0)
(3 1.6157e-15 0)
(3 2.70553e-15 0)
(3 2.92544e-15 0)
(3 2.08483e-15 0)
(3 1.8952e-15 0)
(3 2.17802e-15 0)
(3 2.3909e-15 0)
(3 1.69472e-15 0)
(3 -3.50196e-16 0)
(3 -2.50198e-16 0)
(3 -3.71163e-17 0)
(3 -3.20742e-16 0)
(3 -7.27283e-16 0)
(3 -1.60203e-16 0)
(3 9.46485e-16 0)
(3 1.89674e-15 0)
(3 1.72041e-15 0)
(3 9.57918e-16 0)
(3 7.16667e-16 0)
(3 7.17763e-16 0)
(3 1.8701e-15 0)
(3 1.82708e-15 0)
(3 1.61594e-15 0)
(3 1.56656e-15 0)
(3 1.12765e-15 0)
(3 7.47692e-16 0)
(3 6.24822e-16 0)
(3 8.81208e-17 0)
(3 -2.47063e-16 0)
(3 -2.08729e-17 0)
(3 3.37872e-16 0)
(3 -3.27648e-16 0)
(3 -7.23808e-16 0)
(3 -9.26108e-16 0)
(3 -1.79383e-15 0)
(3 -2.66473e-15 0)
(3 -2.78403e-15 0)
(3 -2.21442e-15 0)
(3 -2.50502e-15 0)
(3 -1.17848e-15 0)
(3 -3.74121e-16 0)
(3 -1.61377e-16 0)
(3 -4.17381e-16 0)
(3 4.09702e-17 0)
(3 6.00566e-16 0)
(3 1.21498e-16 0)
(3 3.082e-16 0)
(3 1.35814e-15 0)
(3 2.22956e-15 0)
(3 2.80121e-15 0)
(3 1.3913e-15 0)
(3 6.49131e-16 0)
(3 8.02254e-16 0)
(3 1.9893e-15 0)
(3 2.3465e-15 0)
(3 2.44041e-15 0)
(3 1.76263e-15 0)
(3 1.79688e-15 0)
(3 2.44929e-15 0)
(3 3.11058e-15 0)
(3 1.7818e-15 0)
(3 9.94461e-16 0)
(3 -8.53215e-16 0)
(3 -2.20908e-15 0)
(3 -1.53825e-15 0)
(3 -1.34058e-15 0)
(3 -9.1566e-16 0)
(3 -6.82686e-16 0)
(3 5.66897e-16 0)
(3 1.28969e-15 0)
(3 7.16922e-16 0)
(3 6.31397e-16 0)
(3 2.72185e-16 0)
(3 -6.53395e-17 0)
(3 -5.95897e-16 0)
(3 -6.27325e-16 0)
(3 4.34958e-16 0)
(3 6.09152e-16 0)
(3 7.80246e-16 0)
(3 1.49325e-15 0)
(3 -3.82409e-16 0)
(3 -1.20195e-15 0)
(3 -1.45568e-15 0)
(3 -1.20207e-15 0)
(3 -1.60427e-15 0)
(3 -9.38478e-16 0)
(3 -2.43484e-16 0)
(3 8.01562e-16 0)
(3 5.36177e-16 0)
(3 -7.65012e-16 0)
(3 -1.6059e-15 0)
(3 -1.15321e-15 0)
(3 -8.98195e-16 0)
(3 -9.23191e-17 0)
(3 -4.58819e-16 0)
(3 8.64968e-17 0)
(3 1.07539e-15 0)
(3 1.76855e-15 0)
(3 1.8749e-15 0)
(3 1.71218e-15 0)
(3 1.94895e-15 0)
(3 1.69762e-15 0)
(3 2.28076e-15 0)
(3 1.8263e-15 0)
(3 7.70238e-16 0)
(3 4.52172e-16 0)
(3 -1.37896e-16 0)
(3 -7.85099e-16 0)
(3 -5.7459e-16 0)
(3 -5.36458e-16 0)
(3 -3.954e-16 0)
(3 -4.91189e-16 0)
(3 -2.74099e-16 0)
(3 -3.07778e-16 0)
(3 4.65389e-16 0)
(3 1.82925e-15 0)
(3 2.63117e-15 0)
(3 1.75145e-15 0)
(3 9.35127e-16 0)
(3 -3.6353e-16 0)
(3 -1.4436e-15 0)
(3 -1.23358e-15 0)
(3 -1.14837e-15 0)
(3 -1.24726e-15 0)
(3 -1.75239e-15 0)
(3 -1.62575e-15 0)
(3 -1.24656e-15 0)
(3 -1.45171e-15 0)
(3 -2.16611e-15 0)
(3 -2.60246e-15 0)
(3 -1.90983e-15 0)
(3 -1.81814e-15 0)
(3 -1.62841e-15 0)
(3 -9.65327e-16 0)
(3 -1.07797e-15 0)
(3 -6.3975e-16 0)
(3 7.0751e-16 0)
(3 2.6549e-16 0)
(3 -1.53985e-15 0)
(3 -1.2917e-15 0)
(3 -9.32872e-16 0)
(3 -5.83629e-16 0)
(3 1.36838e-17 0)
(3 6.6289e-16 0)
(3 1.33962e-15 0)
(3 1.81311e-15 0)
(3 9.34006e-16 0)
(3 -4.30826e-17 0)
(3 6.25769e-16 0)
(3 4.1137e-16 0)
(3 5.47318e-16 0)
(3 5.15727e-16 0)
(3 -4.46042e-16 0)
(3 -4.7106e-16 0)
(3 -2.07321e-16 0)
(3 2.02348e-16 0)
(3 -1.15481e-15 0)
(3 -1.37702e-15 0)
(3 -8.81893e-16 0)
(3 -1.9031e-15 0)
(3 -1.02465e-15 0)
(3 -7.41818e-16 0)
(3 -6.10247e-16 0)
(3 -2.82464e-16 0)
(3 -1.77076e-16 0)
(3 -3.17067e-16 0)
(3 3.08019e-16 0)
(3 1.49639e-15 0)
(3 1.35921e-15 0)
(3 1.1731e-15 0)
(3 2.43779e-16 0)
(3 3.07824e-16 0)
(3 1.56911e-15 0)
(3 1.89375e-15 0)
(3 -1.47285e-16 0)
(3 -2.81362e-16 0)
(3 -4.33599e-16 0)
(3 -9.28714e-16 0)
(3 -2.3635e-15 0)
(3 -1.36999e-15 0)
(3 -8.2463e-16 0)
(3 4.83488e-17 0)
(3 5.31178e-16 0)
(3 9.34078e-16 0)
(3 2.50766e-16 0)
(3 -9.90073e-16 0)
(3 -1.89419e-15 0)
(3 -2.91733e-15 0)
(3 -3.6477e-15 0)
(3 -2.72744e-15 0)
(3 -1.50957e-15 0)
(3 -5.08047e-16 0)
(3 1.18059e-15 0)
(3 1.08957e-15 0)
(3 4.6069e-16 0)
(3 -5.07147e-17 0)
(3 2.01232e-16 0)
(3 6.22703e-17 0)
(3 -2.61261e-16 0)
(3 1.83682e-17 0)
(3 6.45679e-16 0)
(3 6.27499e-16 0)
(3 -3.43901e-16 0)
(3 -6.78335e-16 0)
(3 -5.02029e-16 0)
(3 1.07004e-15 0)
(3 1.30052e-15 0)
(3 5.34655e-16 0)
(3 9.03706e-16 0)
(3 1.63486e-15 0)
(3 1.8902e-15 0)
(3 1.75285e-15 0)
(3 9.08915e-16 0)
(3 4.56709e-16 0)
(3 -5.82591e-16 0)
(3 -1.39746e-15 0)
(3 -2.77101e-16 0)
(3 3.63858e-16 0)
(3 8.79628e-16 0)
(3 2.14463e-16 0)
(3 -7.24843e-16 0)
(3 -1.73e-15 0)
(3 -2.30069e-15 0)
(3 -2.43428e-15 0)
(3 -2.59619e-15 0)
(3 -2.91025e-15 0)
(3 -1.632e-15 0)
(3 -7.0061e-16 0)
(3 1.68917e-16 0)
(3 4.71688e-16 0)
(3 5.10853e-16 0)
(3 -3.66478e-16 0)
(3 -8.52113e-16 0)
(3 -1.12562e-16 0)
(3 -9.83307e-16 0)
(3 -1.45493e-15 0)
(3 -1.32023e-15 0)
(3 -1.18544e-15 0)
(3 -1.0042e-15 0)
(3 -8.90569e-16 0)
(3 -8.69247e-16 0)
(3 -1.85666e-16 0)
(3 4.05683e-16 0)
(3 4.85986e-16 0)
(3 4.04231e-16 0)
(3 2.27423e-16 0)
(3 2.02761e-16 0)
(3 -9.04053e-16 0)
(3 -1.10767e-15 0)
(3 -1.99068e-15 0)
(3 -2.68766e-15 0)
(3 -3.18362e-15 0)
(3 -1.06481e-15 0)
(3 -9.93705e-16 0)
(3 -1.7702e-16 0)
(3 3.62608e-16 0)
(3 5.16558e-16 0)
(3 6.83936e-16 0)
(3 4.87375e-16 0)
(3 6.07555e-16 0)
(3 5.23538e-16 0)
(3 6.11551e-16 0)
(3 5.07097e-16 0)
(3 1.66837e-16 0)
(3 3.59203e-16 0)
(3 1.39664e-15 0)
(3 1.45944e-15 0)
(3 1.30287e-15 0)
(3 1.21498e-15 0)
(3 7.48151e-17 0)
(3 -3.66838e-16 0)
(3 -1.6115e-15 0)
(3 -1.29937e-15 0)
(3 -1.01771e-15 0)
(3 -1.05412e-15 0)
(3 -8.49139e-16 0)
(3 -2.94222e-17 0)
(3 9.03218e-17 0)
(3 6.0588e-16 0)
(3 6.20808e-16 0)
(3 8.79254e-17 0)
(3 -1.01506e-15 0)
(3 -1.74988e-15 0)
(3 -2.92546e-15 0)
(3 -3.13868e-15 0)
(3 -1.50468e-15 0)
(3 -2.32544e-16 0)
(3 -3.89168e-16 0)
(3 -6.37797e-16 0)
(3 -1.00378e-15 0)
(3 -8.68568e-16 0)
(3 -9.40109e-16 0)
(3 -1.57925e-15 0)
(3 -1.68966e-15 0)
(3 -1.90727e-15 0)
(3 -1.20778e-15 0)
(3 7.11184e-16 0)
(3 8.2001e-16 0)
(3 2.26663e-17 0)
(3 -4.45177e-16 0)
(3 -7.38012e-16 0)
(3 -2.05223e-16 0)
(3 1.18975e-15 0)
(3 1.74177e-15 0)
(3 2.79622e-15 0)
(3 3.23165e-15 0)
(3 2.5916e-15 0)
(3 1.27393e-15 0)
(3 -6.37201e-16 0)
(3 -8.7017e-16 0)
(3 -8.25574e-16 0)
(3 3.10626e-16 0)
(3 1.00572e-15 0)
(3 9.83602e-16 0)
(3 1.10959e-15 0)
(3 7.80902e-16 0)
(3 4.78368e-16 0)
(3 -4.93846e-16 0)
(3 -2.47902e-16 0)
(3 -2.82132e-16 0)
(3 -1.29419e-15 0)
(3 -6.19255e-16 0)
(3 1.23632e-16 0)
(3 4.98908e-16 0)
(3 2.64362e-16 0)
(3 -9.33736e-17 0)
(3 8.8576e-17 0)
(3 3.96407e-16 0)
(3 5.14324e-16 0)
(3 1.01235e-15 0)
(3 1.69036e-16 0)
(3 -7.36309e-16 0)
(3 -1.44277e-15 0)
(3 -2.69567e-15 0)
(3 -1.90464e-15 0)
(3 -2.3321e-15 0)
(3 -3.10989e-15 0)
(3 -3.0834e-15 0)
(3 -7.41467e-16 0)
(3 1.61179e-16 0)
(3 1.55547e-16 0)
(3 -5.60624e-16 0)
(3 -1.30847e-17 0)
(3 -8.0467e-17 0)
(3 8.12487e-16 0)
(3 -2.39641e-16 0)
(3 -1.36494e-15 0)
(3 -2.14868e-15 0)
(3 -2.09481e-15 0)
(3 -1.52089e-15 0)
(3 -1.45271e-18 0)
(3 2.08143e-15 0)
(3 1.77623e-15 0)
(3 8.95369e-16 0)
(3 8.79047e-17 0)
(3 -2.19538e-16 0)
(3 -8.42111e-17 0)
(3 2.20874e-16 0)
(3 -3.58342e-16 0)
(3 -1.77665e-15 0)
(3 -1.22482e-15 0)
(3 -9.41692e-16 0)
(3 -1.71897e-16 0)
(3 -5.60091e-16 0)
(3 -1.03111e-15 0)
(3 -1.36313e-15 0)
(3 -1.16897e-15 0)
(3 -1.57725e-15 0)
(3 -5.25258e-16 0)
(3 -5.25446e-16 0)
(3 -2.22469e-16 0)
(3 -3.75058e-16 0)
(3 2.84589e-16 0)
(3 5.70892e-16 0)
(3 3.93965e-16 0)
(3 -1.65551e-15 0)
(3 -1.78095e-15 0)
(3 -1.85222e-15 0)
(3 -1.26551e-15 0)
(3 -1.17229e-15 0)
(3 -1.82508e-15 0)
(3 -1.98289e-15 0)
(3 -1.83968e-15 0)
(3 -1.64057e-15 0)
(3 -2.74797e-15 0)
(3 -3.36833e-15 0)
(3 -2.3429e-15 0)
(3 -7.84325e-16 0)
(3 -9.01031e-16 0)
(3 -8.59963e-16 0)
(3 -9.06431e-16 0)
(3 -4.83163e-16 0)
(3 1.06705e-16 0)
(3 6.96155e-16 0)
(3 1.562e-15 0)
(3 1.09832e-15 0)
(3 -4.76977e-16 0)
(3 -9.69121e-16 0)
(3 8.81867e-16 0)
(3 2.25046e-15 0)
(3 2.02099e-15 0)
(3 1.08411e-15 0)
(3 2.86078e-17 0)
(3 -3.37877e-16 0)
(3 -9.20773e-16 0)
(3 -4.9529e-16 0)
(3 5.32805e-16 0)
(3 1.5952e-15 0)
(3 1.28331e-15 0)
(3 8.22034e-16 0)
(3 5.69895e-16 0)
(3 3.64381e-16 0)
(3 5.73253e-16 0)
(3 5.5687e-16 0)
(3 6.67714e-16 0)
(3 2.68283e-16 0)
(3 -3.30393e-16 0)
(3 -1.14357e-17 0)
(3 5.79345e-16 0)
(3 8.05856e-16 0)
(3 3.5792e-16 0)
(3 -4.60932e-16 0)
(3 -4.97945e-16 0)
(3 9.62743e-16 0)
(3 1.8114e-15 0)
(3 1.39865e-15 0)
(3 -8.4916e-17 0)
(3 -6.09418e-16 0)
(3 -6.5831e-17 0)
(3 6.54196e-16 0)
(3 6.19018e-16 0)
(3 1.35621e-16 0)
(3 -2.0536e-15 0)
(3 -2.25146e-15 0)
(3 -2.52592e-15 0)
(3 -1.08501e-15 0)
(3 -6.97219e-16 0)
(3 -1.01114e-15 0)
(3 -6.12368e-16 0)
(3 1.44541e-16 0)
(3 1.0554e-15 0)
(3 1.18598e-15 0)
(3 1.42068e-16 0)
(3 -1.21984e-15 0)
(3 -1.67212e-15 0)
(3 -5.57126e-16 0)
(3 6.49221e-17 0)
(3 1.71689e-15 0)
(3 1.85077e-15 0)
(3 1.20311e-15 0)
(3 6.24295e-16 0)
(3 4.90727e-16 0)
(3 8.18898e-16 0)
(3 4.40691e-16 0)
(3 1.4986e-16 0)
(3 -6.37679e-16 0)
(3 -1.50584e-15 0)
(3 -2.69253e-15 0)
(3 -2.63676e-15 0)
(3 -2.08652e-15 0)
(3 -1.73004e-15 0)
(3 -4.56043e-16 0)
(3 -2.20364e-16 0)
(3 5.58109e-17 0)
(3 -7.15138e-17 0)
(3 -5.19626e-16 0)
(3 -1.02972e-15 0)
(3 -1.52089e-15 0)
(3 -6.16577e-16 0)
(3 -1.29633e-16 0)
(3 -3.96336e-16 0)
(3 -1.53868e-15 0)
(3 -2.1238e-15 0)
(3 -1.57238e-15 0)
(3 -7.57775e-16 0)
(3 -4.31152e-16 0)
(3 -5.65194e-16 0)
(3 -1.76615e-15 0)
(3 -3.17952e-15 0)
(3 -3.00653e-15 0)
(3 -1.94258e-15 0)
(3 -1.06727e-15 0)
(3 -1.04199e-15 0)
(3 -6.46725e-16 0)
(3 -4.55719e-17 0)
(3 -1.16232e-16 0)
(3 -2.29536e-16 0)
(3 -3.61506e-17 0)
(3 -1.67691e-16 0)
(3 3.15561e-17 0)
(3 1.33227e-16 0)
(3 5.18116e-16 0)
(3 8.90874e-16 0)
(3 1.22215e-15 0)
(3 1.13928e-15 0)
(3 1.05185e-15 0)
(3 3.15627e-16 0)
(3 -2.20718e-16 0)
(3 -4.57255e-16 0)
(3 -2.71971e-16 0)
(3 2.76358e-16 0)
(3 6.48825e-16 0)
(3 1.34489e-15 0)
(3 8.21055e-16 0)
(3 5.73975e-16 0)
(3 1.26977e-15 0)
(3 1.19803e-15 0)
(3 1.25736e-15 0)
(3 1.67361e-15 0)
(3 2.17564e-15 0)
(3 2.04346e-15 0)
(3 1.09901e-15 0)
(3 1.02479e-15 0)
(3 1.84672e-15 0)
(3 1.78134e-15 0)
(3 1.42541e-15 0)
(3 1.10487e-15 0)
(3 1.48214e-15 0)
(3 1.1688e-15 0)
(3 1.16149e-15 0)
(3 1.10381e-15 0)
(3 3.53523e-16 0)
(3 3.46613e-17 0)
(3 4.18133e-16 0)
(3 2.34964e-15 0)
(3 2.5633e-15 0)
(3 9.447e-16 0)
(3 -1.61395e-16 0)
(3 -9.94927e-17 0)
(3 -9.63163e-16 0)
(3 -1.60611e-15 0)
(3 -1.4944e-15 0)
(3 -7.36268e-16 0)
(3 9.13543e-16 0)
(3 1.32539e-15 0)
(3 1.1217e-15 0)
(3 1.19224e-15 0)
(3 8.88417e-16 0)
(3 4.93455e-16 0)
(3 7.8361e-16 0)
(3 8.5255e-16 0)
(3 -4.2836e-17 0)
(3 -1.34055e-16 0)
(3 7.45481e-16 0)
(3 7.29285e-16 0)
(3 1.06156e-15 0)
(3 1.19468e-15 0)
(3 9.23907e-16 0)
(3 9.87589e-16 0)
(3 1.28924e-15 0)
(3 1.27689e-15 0)
(3 1.04303e-15 0)
(3 -2.41396e-16 0)
(3 -1.13e-15 0)
(3 -1.76038e-15 0)
(3 -1.50613e-15 0)
(3 -2.09166e-15 0)
(3 -1.30562e-15 0)
(3 -6.97755e-16 0)
(3 -6.71808e-16 0)
(3 -2.2227e-15 0)
(3 -2.74621e-15 0)
(3 -2.10507e-15 0)
(3 -2.0196e-15 0)
(3 -1.90836e-15 0)
(3 -1.44497e-15 0)
(3 2.78757e-17 0)
(3 -7.33607e-16 0)
(3 -1.44777e-15 0)
(3 -8.75077e-16 0)
(3 2.04327e-16 0)
(3 7.94433e-17 0)
(3 -4.32386e-16 0)
(3 -1.41672e-15 0)
(3 -2.45342e-15 0)
(3 -2.4628e-15 0)
(3 -1.42482e-15 0)
(3 -1.83479e-16 0)
(3 -5.49167e-17 0)
(3 3.23319e-16 0)
(3 1.0109e-15 0)
(3 8.50578e-16 0)
(3 1.0787e-16 0)
(3 1.43279e-16 0)
(3 -8.51889e-16 0)
(3 -1.68309e-15 0)
(3 -2.02686e-15 0)
(3 -1.27985e-15 0)
(3 -1.67642e-16 0)
(3 -2.40319e-16 0)
(3 -6.81866e-16 0)
(3 -4.90171e-16 0)
(3 -5.02955e-16 0)
(3 3.99669e-16 0)
(3 1.05557e-15 0)
(3 8.22446e-16 0)
(3 1.25257e-15 0)
(3 8.09951e-16 0)
(3 5.19749e-16 0)
(3 -3.37723e-17 0)
(3 2.64223e-17 0)
(3 7.78197e-16 0)
(3 1.53341e-15 0)
(3 1.86821e-15 0)
(3 2.29368e-15 0)
(3 2.0822e-15 0)
(3 1.84153e-15 0)
(3 1.73437e-15 0)
(3 2.74825e-15 0)
(3 2.71093e-15 0)
(3 1.30994e-15 0)
(3 2.76324e-16 0)
(3 9.87184e-16 0)
(3 1.69723e-15 0)
(3 2.11686e-15 0)
(3 9.92539e-16 0)
(3 2.44733e-16 0)
(3 -1.40616e-16 0)
(3 6.36483e-16 0)
(3 9.40332e-16 0)
(3 9.13545e-18 0)
(3 1.79626e-16 0)
(3 1.39621e-15 0)
(3 1.43419e-15 0)
(3 1.60601e-15 0)
(3 -1.98909e-16 0)
(3 8.66407e-16 0)
(3 1.38641e-15 0)
(3 1.85992e-15 0)
(3 2.26435e-15 0)
(3 1.71829e-15 0)
(3 1.07098e-15 0)
(3 7.36133e-16 0)
(3 2.10414e-16 0)
(3 1.89351e-15 0)
(3 2.52183e-15 0)
(3 1.76841e-15 0)
(3 7.81513e-16 0)
(3 5.32074e-16 0)
(3 1.70847e-15 0)
(3 3.1238e-16 0)
(3 1.32852e-15 0)
(3 1.79017e-15 0)
(3 -1.79392e-16 0)
(3 -8.45051e-16 0)
(3 -4.19011e-16 0)
(3 2.59791e-16 0)
(3 -3.24889e-17 0)
(3 -8.03886e-16 0)
(3 -3.28319e-16 0)
(3 2.45932e-16 0)
(3 -2.40381e-16 0)
(3 -7.46068e-16 0)
(3 -1.46048e-15 0)
(3 -1.17104e-15 0)
(3 -1.20309e-15 0)
(3 -1.62346e-15 0)
(3 -2.53249e-15 0)
(3 -1.35195e-15 0)
(3 -5.17409e-16 0)
(3 -3.94363e-16 0)
(3 -5.39135e-16 0)
(3 -6.03948e-16 0)
(3 -9.56126e-16 0)
(3 -6.04154e-16 0)
(3 2.74206e-17 0)
(3 4.23466e-16 0)
(3 4.11173e-16 0)
(3 2.99478e-16 0)
(3 6.47603e-16 0)
(3 9.28974e-16 0)
(3 8.31306e-17 0)
(3 -1.84626e-16 0)
(3 -3.17855e-16 0)
(3 -5.81215e-16 0)
(3 -1.28878e-16 0)
(3 6.12773e-16 0)
(3 1.7956e-15 0)
(3 1.93923e-15 0)
(3 6.63543e-16 0)
(3 8.55422e-17 0)
(3 4.94877e-16 0)
(3 5.21529e-16 0)
(3 -1.65994e-16 0)
(3 -9.82225e-16 0)
(3 -1.4828e-15 0)
(3 -2.06774e-15 0)
(3 -2.11381e-15 0)
(3 -9.89849e-16 0)
(3 5.5769e-16 0)
(3 1.59729e-15 0)
(3 2.16772e-15 0)
(3 1.97908e-15 0)
(3 1.48043e-15 0)
(3 1.08139e-15 0)
(3 6.74832e-16 0)
(3 3.42141e-16 0)
(3 1.31581e-16 0)
(3 6.70736e-16 0)
(3 1.21815e-15 0)
(3 1.56528e-15 0)
(3 1.79538e-15 0)
(3 2.07892e-15 0)
(3 3.142e-15 0)
(3 2.99697e-15 0)
(3 9.35264e-16 0)
(3 -9.5712e-16 0)
(3 -8.45287e-16 0)
(3 5.88427e-16 0)
(3 9.64817e-16 0)
(3 1.06193e-15 0)
(3 -5.18282e-16 0)
(3 -7.04248e-16 0)
(3 -3.76624e-16 0)
(3 1.14182e-15 0)
(3 1.22272e-15 0)
(3 2.46657e-16 0)
(3 -1.53388e-16 0)
(3 8.75648e-16 0)
(3 2.18938e-15 0)
(3 2.1651e-15 0)
(3 1.07201e-15 0)
(3 1.26503e-15 0)
(3 1.62073e-15 0)
(3 1.80729e-15 0)
(3 1.50647e-15 0)
(3 8.89483e-16 0)
(3 1.33615e-15 0)
(3 2.05107e-15 0)
(3 3.46354e-15 0)
(3 4.24722e-15 0)
(3 3.73592e-15 0)
(3 2.46861e-15 0)
(3 1.69269e-15 0)
(3 1.74544e-15 0)
(3 2.0506e-15 0)
(3 8.15165e-16 0)
(3 1.58526e-15 0)
(3 1.4132e-15 0)
(3 -6.96998e-16 0)
(3 -1.11393e-15 0)
(3 -1.47668e-15 0)
(3 -7.88087e-16 0)
(3 -7.4408e-16 0)
(3 -9.26287e-16 0)
(3 -4.75723e-16 0)
(3 -4.01858e-16 0)
(3 4.53489e-17 0)
(3 6.15623e-16 0)
(3 6.0923e-17 0)
(3 1.80758e-16 0)
(3 8.92403e-16 0)
(3 1.87576e-15 0)
(3 1.10237e-15 0)
(3 -2.1109e-16 0)
(3 1.15843e-15 0)
(3 1.28094e-15 0)
(3 1.85274e-16 0)
(3 -1.30558e-15 0)
(3 -4.46574e-16 0)
(3 5.97933e-16 0)
(3 5.75584e-16 0)
(3 3.56692e-16 0)
(3 1.7558e-16 0)
(3 3.72016e-16 0)
(3 1.25341e-15 0)
(3 1.23875e-15 0)
(3 1.53204e-15 0)
(3 1.10384e-15 0)
(3 8.87932e-16 0)
(3 -8.42784e-18 0)
(3 -6.10604e-16 0)
(3 -1.12125e-15 0)
(3 -1.16885e-15 0)
(3 -5.73036e-16 0)
(3 -5.67518e-16 0)
(3 7.76084e-17 0)
(3 1.42276e-16 0)
(3 -4.09305e-16 0)
(3 -1.16608e-15 0)
(3 -1.28511e-15 0)
(3 -1.23928e-15 0)
(3 -1.23281e-15 0)
(3 -1.62225e-15 0)
(3 -3.70286e-16 0)
(3 8.99151e-16 0)
(3 1.86391e-15 0)
(3 2.01867e-15 0)
(3 1.54452e-15 0)
(3 7.89549e-16 0)
(3 7.28196e-16 0)
(3 6.81659e-16 0)
(3 2.21358e-16 0)
(3 -1.9256e-16 0)
(3 -7.40791e-16 0)
(3 -1.35288e-16 0)
(3 1.48866e-16 0)
(3 1.39088e-15 0)
(3 2.11698e-15 0)
(3 2.02278e-15 0)
(3 1.90486e-15 0)
(3 -1.16919e-16 0)
(3 -8.48634e-16 0)
(3 -3.43249e-16 0)
(3 -2.27733e-16 0)
(3 6.69156e-18 0)
(3 3.62716e-17 0)
(3 -1.02882e-15 0)
(3 -1.83955e-15 0)
(3 -1.93855e-15 0)
(3 -4.84238e-16 0)
(3 9.30273e-16 0)
(3 6.29286e-16 0)
(3 -8.32209e-16 0)
(3 -1.60481e-15 0)
(3 1.14626e-15 0)
(3 2.17354e-15 0)
(3 1.71681e-15 0)
(3 1.40253e-15 0)
(3 9.96357e-16 0)
(3 1.17151e-15 0)
(3 8.68461e-16 0)
(3 4.49726e-16 0)
(3 3.72823e-16 0)
(3 5.99038e-16 0)
(3 1.7291e-15 0)
(3 1.47664e-15 0)
(3 1.59383e-15 0)
(3 1.86197e-15 0)
(3 2.08548e-15 0)
(3 1.82523e-15 0)
(3 4.73603e-16 0)
(3 1.81115e-15 0)
(3 1.27248e-15 0)
(3 -5.40302e-17 0)
(3 -3.08218e-16 0)
(3 -3.8774e-16 0)
(3 -4.51047e-16 0)
(3 -7.93919e-16 0)
(3 -5.61334e-16 0)
(3 1.7113e-16 0)
(3 1.48546e-16 0)
(3 -1.80414e-16 0)
(3 -7.84923e-17 0)
(3 2.1947e-16 0)
(3 8.18981e-16 0)
(3 8.66606e-16 0)
(3 1.31397e-15 0)
(3 1.88821e-15 0)
(3 2.37396e-15 0)
(3 1.31723e-15 0)
(3 1.31417e-15 0)
(3 4.13296e-16 0)
(3 1.76425e-16 0)
(3 4.94907e-16 0)
(3 5.84128e-16 0)
(3 1.0507e-16 0)
(3 3.46816e-16 0)
(3 7.19789e-16 0)
(3 7.11599e-16 0)
(3 2.04965e-16 0)
(3 3.23082e-18 0)
(3 4.772e-17 0)
(3 1.07573e-15 0)
(3 1.24292e-15 0)
(3 1.25494e-15 0)
(3 3.28206e-16 0)
(3 -7.15849e-16 0)
(3 -2.14277e-15 0)
(3 -2.56598e-15 0)
(3 -2.16375e-15 0)
(3 -1.33089e-15 0)
(3 -4.84496e-16 0)
(3 -1.45293e-15 0)
(3 -3.05203e-15 0)
(3 -3.17464e-15 0)
(3 -1.57525e-15 0)
(3 -3.55238e-16 0)
(3 5.77506e-16 0)
(3 -1.07793e-16 0)
(3 -5.3868e-16 0)
(3 -4.23335e-16 0)
(3 -4.03771e-18 0)
(3 1.25813e-15 0)
(3 1.08953e-15 0)
(3 1.18932e-17 0)
(3 1.11709e-17 0)
(3 3.73425e-16 0)
(3 3.59066e-16 0)
(3 4.66201e-16 0)
(3 -1.01939e-16 0)
(3 -3.08547e-16 0)
(3 2.49889e-16 0)
(3 1.1607e-15 0)
(3 1.17566e-15 0)
(3 2.89543e-16 0)
(3 -4.85867e-16 0)
(3 -9.39997e-16 0)
(3 2.65743e-17 0)
(3 5.48622e-16 0)
(3 -5.9857e-16 0)
(3 -1.84852e-15 0)
(3 -2.30108e-15 0)
(3 -2.64117e-15 0)
(3 -3.13808e-15 0)
(3 -3.39894e-15 0)
(3 -1.84234e-15 0)
(3 -1.31912e-15 0)
(3 -8.83418e-16 0)
(3 -1.28446e-15 0)
(3 -1.49848e-15 0)
(3 1.84458e-16 0)
(3 1.1146e-15 0)
(3 2.13476e-15 0)
(3 2.31905e-15 0)
(3 2.36419e-15 0)
(3 1.35243e-15 0)
(3 9.48918e-16 0)
(3 8.09765e-16 0)
(3 7.49805e-17 0)
(3 -1.36977e-16 0)
(3 2.81168e-17 0)
(3 4.61701e-16 0)
(3 4.72794e-16 0)
(3 1.1397e-15 0)
(3 1.12662e-15 0)
(3 1.14166e-15 0)
(3 -1.30562e-16 0)
(3 1.82713e-15 0)
(3 5.17476e-16 0)
(3 -2.53387e-16 0)
(3 -5.02691e-16 0)
(3 -5.08022e-16 0)
(3 1.08281e-19 0)
(3 3.06876e-16 0)
(3 3.11925e-16 0)
(3 5.74178e-17 0)
(3 1.24556e-16 0)
(3 6.14826e-16 0)
(3 7.84988e-16 0)
(3 8.9822e-16 0)
(3 1.79781e-15 0)
(3 7.77173e-16 0)
(3 -4.64826e-16 0)
(3 -8.38373e-16 0)
(3 -1.2233e-16 0)
(3 1.58576e-15 0)
(3 4.61096e-16 0)
(3 2.77806e-17 0)
(3 2.82584e-16 0)
(3 6.70547e-16 0)
(3 3.99669e-16 0)
(3 -1.122e-15 0)
(3 -1.34655e-15 0)
(3 -1.58043e-15 0)
(3 -1.26743e-15 0)
(3 -9.56205e-16 0)
(3 -9.89454e-16 0)
(3 5.52641e-16 0)
(3 1.25144e-15 0)
(3 6.00019e-16 0)
(3 -7.81461e-16 0)
(3 -1.06134e-15 0)
(3 -1.74856e-15 0)
(3 -1.81666e-15 0)
(3 -9.01544e-17 0)
(3 4.67873e-16 0)
(3 3.40779e-16 0)
(3 -5.26386e-16 0)
(3 -1.52972e-15 0)
(3 -2.13543e-15 0)
(3 -1.1169e-15 0)
(3 -2.04869e-16 0)
(3 7.54514e-17 0)
(3 4.33747e-16 0)
(3 8.1991e-16 0)
(3 5.87944e-16 0)
(3 -1.74261e-16 0)
(3 -4.35778e-16 0)
(3 5.3328e-16 0)
(3 1.2068e-15 0)
(3 1.65682e-15 0)
(3 1.2253e-15 0)
(3 -1.28514e-16 0)
(3 -6.23677e-16 0)
(3 -2.52928e-16 0)
(3 3.39219e-16 0)
(3 5.35587e-16 0)
(3 1.21427e-15 0)
(3 1.72598e-15 0)
(3 1.23394e-15 0)
(3 9.31978e-16 0)
(3 6.35197e-16 0)
(3 5.77712e-16 0)
(3 1.33681e-15 0)
(3 1.08722e-15 0)
(3 4.09884e-16 0)
(3 -1.10033e-15 0)
(3 -1.4829e-15 0)
(3 -1.31704e-15 0)
(3 -1.30732e-15 0)
(3 -1.4709e-15 0)
(3 -2.40478e-15 0)
(3 -2.57354e-15 0)
(3 -1.53758e-15 0)
(3 -1.09393e-15 0)
(3 -5.3329e-16 0)
(3 -2.7665e-16 0)
(3 -3.76166e-17 0)
(3 1.37212e-15 0)
(3 2.33195e-15 0)
(3 2.24585e-15 0)
(3 3.169e-16 0)
(3 -1.93348e-16 0)
(3 5.62249e-17 0)
(3 1.01009e-15 0)
(3 1.39654e-15 0)
(3 9.43423e-16 0)
(3 1.11544e-15 0)
(3 1.22529e-15 0)
(3 1.30382e-15 0)
(3 5.69875e-16 0)
(3 -3.0987e-16 0)
(3 -4.00713e-16 0)
(3 -7.9915e-16 0)
(3 -7.87968e-16 0)
(3 -4.97252e-16 0)
(3 -1.60653e-17 0)
(3 6.2756e-17 0)
(3 6.21786e-16 0)
(3 8.72723e-16 0)
(3 1.12248e-15 0)
(3 4.37851e-16 0)
(3 2.7608e-16 0)
(3 5.57505e-16 0)
(3 -2.73411e-18 0)
(3 8.20361e-17 0)
(3 1.07674e-15 0)
(3 1.42738e-15 0)
(3 9.69876e-16 0)
(3 1.0271e-15 0)
(3 1.65148e-15 0)
(3 3.10399e-15 0)
(3 2.44145e-15 0)
(3 8.11336e-16 0)
(3 -5.48836e-17 0)
(3 -5.13535e-16 0)
(3 -1.79192e-15 0)
(3 -1.73395e-15 0)
(3 -1.84643e-15 0)
(3 -2.15762e-15 0)
(3 -1.56791e-15 0)
(3 -1.65333e-16 0)
(3 2.62702e-17 0)
(3 6.95957e-16 0)
(3 1.50845e-15 0)
(3 6.5274e-16 0)
(3 -1.23138e-15 0)
(3 -2.52468e-15 0)
(3 -2.49287e-15 0)
(3 -1.64852e-15 0)
(3 -1.00063e-15 0)
(3 -4.76324e-16 0)
(3 -4.68921e-16 0)
(3 -1.33455e-15 0)
(3 -1.54989e-15 0)
(3 -7.83248e-16 0)
(3 5.81545e-16 0)
(3 8.79977e-16 0)
(3 3.13358e-16 0)
(3 6.5632e-16 0)
(3 1.6782e-15 0)
(3 1.49391e-15 0)
(3 1.06736e-15 0)
(3 6.45478e-16 0)
(3 6.47063e-16 0)
(3 1.69572e-15 0)
(3 2.29524e-15 0)
(3 1.58013e-15 0)
(3 6.74296e-16 0)
(3 6.89753e-16 0)
(3 7.93672e-16 0)
(3 4.84586e-16 0)
(3 4.05799e-16 0)
(3 4.79964e-16 0)
(3 -2.07384e-16 0)
(3 -4.80516e-16 0)
(3 -1.46042e-16 0)
(3 6.17677e-16 0)
(3 1.73464e-15 0)
(3 2.2106e-15 0)
(3 2.0138e-15 0)
(3 1.52585e-15 0)
(3 -1.87833e-16 0)
(3 -2.79882e-16 0)
(3 -2.9762e-16 0)
(3 -4.04079e-16 0)
(3 -9.97308e-16 0)
(3 -1.35763e-15 0)
(3 -7.98437e-16 0)
(3 -6.50088e-16 0)
(3 7.23465e-16 0)
(3 1.25162e-15 0)
(3 1.39159e-15 0)
(3 1.07494e-15 0)
(3 2.00224e-15 0)
(3 1.71539e-15 0)
(3 1.09684e-15 0)
(3 3.81275e-16 0)
(3 -5.76132e-16 0)
(3 -7.36412e-16 0)
(3 -5.92947e-16 0)
(3 -6.54294e-16 0)
(3 -1.24984e-16 0)
(3 2.94164e-16 0)
(3 5.19082e-16 0)
(3 1.27521e-16 0)
(3 6.84577e-17 0)
(3 -4.9589e-17 0)
(3 2.7924e-16 0)
(3 8.90692e-16 0)
(3 1.55058e-15 0)
(3 9.91068e-16 0)
(3 7.52122e-16 0)
(3 6.98146e-16 0)
(3 1.22886e-15 0)
(3 1.2761e-15 0)
(3 1.40381e-15 0)
(3 9.63688e-16 0)
(3 9.24286e-16 0)
(3 2.43708e-16 0)
(3 -1.07056e-15 0)
(3 -7.34753e-16 0)
(3 -5.98895e-16 0)
(3 -2.35509e-16 0)
(3 1.66781e-15 0)
(3 2.74847e-15 0)
(3 2.94739e-15 0)
(3 3.3934e-15 0)
(3 2.59364e-15 0)
(3 3.90644e-16 0)
(3 -2.49539e-15 0)
(3 -2.88836e-15 0)
(3 -2.53702e-15 0)
(3 -2.22829e-15 0)
(3 -1.38539e-15 0)
(3 3.71093e-17 0)
(3 -2.55912e-16 0)
(3 7.59697e-16 0)
(3 1.14443e-15 0)
(3 1.04509e-15 0)
(3 1.29936e-15 0)
(3 1.62951e-15 0)
(3 -9.25468e-16 0)
(3 -1.87326e-15 0)
(3 -2.26565e-15 0)
(3 -1.20208e-15 0)
(3 -2.09484e-15 0)
(3 -2.1219e-15 0)
(3 -1.80024e-15 0)
(3 -1.80266e-15 0)
(3 -6.57841e-16 0)
(3 9.33028e-16 0)
(3 1.6529e-15 0)
(3 1.68376e-15 0)
(3 7.55545e-16 0)
(3 7.81155e-16 0)
(3 9.428e-16 0)
(3 1.19976e-15 0)
(3 9.38686e-16 0)
(3 1.21618e-15 0)
(3 1.93494e-15 0)
(3 2.54487e-15 0)
(3 2.78095e-15 0)
(3 1.11498e-15 0)
(3 9.93886e-16 0)
(3 1.76239e-15 0)
(3 1.90932e-15 0)
(3 1.76673e-15 0)
(3 1.0557e-15 0)
(3 4.37572e-16 0)
(3 -3.81526e-16 0)
(3 -1.20349e-15 0)
(3 -1.20406e-15 0)
(3 3.0026e-16 0)
(3 1.21854e-15 0)
(3 1.90416e-15 0)
(3 2.95211e-15 0)
(3 2.32542e-15 0)
(3 1.2266e-15 0)
(3 3.65981e-16 0)
(3 -2.79314e-17 0)
(3 -9.39472e-16 0)
(3 -1.52228e-15 0)
(3 -6.59183e-16 0)
(3 -1.31238e-16 0)
(3 2.07758e-16 0)
(3 4.91025e-16 0)
(3 1.30742e-15 0)
(3 1.87603e-15 0)
(3 1.06559e-15 0)
(3 2.63744e-15 0)
(3 2.94808e-15 0)
(3 2.26424e-15 0)
(3 1.41042e-15 0)
(3 8.87088e-16 0)
(3 3.36202e-16 0)
(3 -9.64767e-16 0)
(3 -1.41207e-15 0)
(3 5.31288e-16 0)
(3 9.97004e-16 0)
(3 -2.31383e-18 0)
(3 -9.32605e-17 0)
(3 -1.64954e-16 0)
(3 -7.46119e-17 0)
(3 3.36345e-16 0)
(3 3.17413e-16 0)
(3 3.24483e-16 0)
(3 2.16891e-17 0)
(3 -3.65986e-16 0)
(3 -2.89213e-16 0)
(3 8.82583e-17 0)
(3 9.34105e-16 0)
(3 8.76363e-16 0)
(3 2.97556e-16 0)
(3 2.89229e-16 0)
(3 -4.5923e-17 0)
(3 -4.91058e-16 0)
(3 -2.11594e-16 0)
(3 -9.14518e-16 0)
(3 -8.57962e-16 0)
(3 -1.37869e-16 0)
(3 5.17152e-16 0)
(3 7.27853e-16 0)
(3 1.02077e-15 0)
(3 1.25272e-15 0)
(3 -5.83349e-16 0)
(3 -2.01948e-15 0)
(3 -2.80071e-15 0)
(3 -1.63867e-15 0)
(3 -1.68984e-15 0)
(3 -9.72212e-16 0)
(3 1.438e-16 0)
(3 5.41712e-17 0)
(3 3.2197e-16 0)
(3 7.09244e-16 0)
(3 3.81893e-16 0)
(3 3.64329e-16 0)
(3 5.63632e-16 0)
(3 -7.38427e-16 0)
(3 -1.00994e-15 0)
(3 -1.34501e-15 0)
(3 -5.3443e-16 0)
(3 -6.43203e-16 0)
(3 -1.49488e-15 0)
(3 -1.31822e-15 0)
(3 -7.62204e-16 0)
(3 5.34145e-17 0)
(3 7.00267e-16 0)
(3 8.02113e-16 0)
(3 4.40132e-16 0)
(3 -1.67582e-16 0)
(3 2.22079e-16 0)
(3 5.87119e-17 0)
(3 7.62166e-16 0)
(3 1.09623e-15 0)
(3 1.62519e-15 0)
(3 1.75894e-15 0)
(3 2.2822e-15 0)
(3 1.47069e-15 0)
(3 8.08235e-16 0)
(3 5.67179e-17 0)
(3 5.11207e-16 0)
(3 1.26584e-15 0)
(3 1.46698e-15 0)
(3 1.26513e-15 0)
(3 5.02862e-16 0)
(3 1.92817e-16 0)
(3 -2.91041e-16 0)
(3 -6.14698e-16 0)
(3 2.32095e-16 0)
(3 4.96837e-16 0)
(3 7.25872e-16 0)
(3 1.03189e-15 0)
(3 8.28802e-16 0)
(3 7.72631e-16 0)
(3 3.23133e-16 0)
(3 -4.78166e-16 0)
(3 -1.45272e-15 0)
(3 -1.63347e-15 0)
(3 -1.4472e-15 0)
(3 -1.21743e-15 0)
(3 -6.43027e-16 0)
(3 -9.06179e-16 0)
(3 7.83824e-16 0)
(3 7.76164e-16 0)
(3 2.35826e-16 0)
(3 5.84912e-16 0)
(3 1.80244e-15 0)
(3 2.27702e-15 0)
(3 2.32884e-15 0)
(3 1.12249e-15 0)
(3 2.97076e-16 0)
(3 -2.8212e-16 0)
(3 -3.09589e-17 0)
(3 1.14666e-15 0)
(3 1.01118e-15 0)
(3 4.30096e-16 0)
(3 6.51345e-16 0)
(3 4.71484e-16 0)
(3 -1.6106e-17 0)
(3 -5.66569e-17 0)
)
;

boundaryField
{
    inlet
    {
        type            fixedValue;
        value           uniform (3 0 0);
    }
    outlet
    {
        type            inletOutlet;
        inletValue      uniform (3 0 0);
        value           nonuniform List<vector> 
32
(
(3 8.29395e-16 0)
(3 1.54624e-15 0)
(3 2.23846e-15 0)
(3 1.73271e-15 0)
(3 1.75528e-15 0)
(3 1.12419e-15 0)
(3 7.94657e-16 0)
(3 -6.23268e-17 0)
(3 -1.08934e-15 0)
(3 -2.95668e-16 0)
(3 4.19855e-16 0)
(3 -3.79825e-17 0)
(3 -1.21119e-15 0)
(3 -4.82792e-16 0)
(3 1.36409e-15 0)
(3 -2.48296e-16 0)
(3 -7.22463e-16 0)
(3 -1.37049e-15 0)
(3 -2.20908e-15 0)
(3 -1.9031e-15 0)
(3 3.62608e-16 0)
(3 2.08143e-15 0)
(3 1.71689e-15 0)
(3 7.45481e-16 0)
(3 1.70847e-15 0)
(3 2.0506e-15 0)
(3 4.73603e-16 0)
(3 -1.30562e-16 0)
(3 -4.00713e-16 0)
(3 2.7924e-16 0)
(3 3.36345e-16 0)
(3 -5.66569e-17 0)
)
;
    }
    bottom
    {
        type            symmetryPlane;
    }
    top
    {
        type            symmetryPlane;
    }
    obstacle
    {
        type            slip;
    }
    defaultFaces
    {
        type            empty;
    }
}


// ************************************************************************* //
