/*--------------------------------*- C++ -*----------------------------------*\
  =========                 |
  \\      /  F ield         | OpenFOAM: The Open Source CFD Toolbox
   \\    /   O peration     | Website:  https://openfoam.org
    \\  /    A nd           | Version:  7
     \\/     M anipulation  |
\*---------------------------------------------------------------------------*/
FoamFile
{
    version     2.0;
    format      ascii;
    class       volVectorField;
    location    "3.5";
    object      U;
}
// * * * * * * * * * * * * * * * * * * * * * * * * * * * * * * * * * * * * * //

dimensions      [0 1 -1 0 0 0 0];

internalField   nonuniform List<vector> 
4032
(
(3 -1.96066e-17 0)
(3 -1.57721e-17 0)
(3 -3.61838e-17 0)
(3 -8.75566e-17 0)
(3 -4.91552e-16 0)
(3 -1.03979e-15 0)
(3 -9.62763e-16 0)
(3 -4.83262e-16 0)
(3 1.26946e-16 0)
(3 7.63987e-16 0)
(3 1.42523e-16 0)
(2.95102 0.00251853 0)
(1.02079 0.0178637 0)
(0.706744 0.0195277 0)
(0.652799 0.0232134 0)
(0.592946 0.0244865 0)
(0.533581 0.0257449 0)
(0.472426 0.0272257 0)
(0.40916 0.0290394 0)
(0.342935 0.0311631 0)
(0.273725 0.0330795 0)
(0.201122 0.0355129 0)
(0.124576 0.0372615 0)
(0.0460596 0.0418767 0)
(3 -1.23066e-16 0)
(3 -3.66725e-16 0)
(3 -3.67154e-16 0)
(3 -1.91409e-16 0)
(3 -2.80285e-16 0)
(3 -7.98227e-16 0)
(3 -7.50938e-16 0)
(3 -2.44849e-16 0)
(3 1.06469e-15 0)
(3 1.27742e-15 0)
(3 5.54695e-16 0)
(2.95873 0.0238273 0)
(1.03006 0.0798205 0)
(0.700057 0.0683933 0)
(0.646909 0.0718833 0)
(0.589141 0.0766335 0)
(0.530091 0.0813188 0)
(0.468264 0.0864046 0)
(0.403778 0.0920505 0)
(0.336353 0.0984002 0)
(0.266303 0.103858 0)
(0.193752 0.110854 0)
(0.118043 0.115529 0)
(0.0427486 0.126688 0)
(3 -1.15593e-17 0)
(3 2.8295e-16 0)
(3 2.77092e-16 0)
(3 5.72105e-16 0)
(3 1.04799e-15 0)
(3 1.16227e-15 0)
(3 1.0178e-15 0)
(3 6.52955e-16 0)
(3 6.3643e-16 0)
(3 7.88569e-16 0)
(3 6.4121e-16 0)
(2.99988 0.0069897 0)
(1.08532 0.135018 0)
(0.727222 0.110264 0)
(0.672698 0.117596 0)
(0.613209 0.126556 0)
(0.552299 0.135408 0)
(0.488962 0.1448 0)
(0.423002 0.154741 0)
(0.354049 0.165577 0)
(0.281685 0.174617 0)
(0.206031 0.186243 0)
(0.125314 0.193507 0)
(0.0458366 0.209379 0)
(3 1.70384e-16 0)
(3 3.36566e-16 0)
(3 6.79716e-16 0)
(3 8.83011e-16 0)
(3 1.59027e-15 0)
(3 1.82095e-15 0)
(3 1.44935e-15 0)
(3 9.18555e-16 0)
(3 3.46144e-16 0)
(3 9.23136e-17 0)
(3 -2.23895e-16 0)
(3.00076 0.000232864 0)
(1.17178 0.176508 0)
(0.738513 0.153312 0)
(0.682382 0.167021 0)
(0.624413 0.179713 0)
(0.564763 0.191677 0)
(0.503286 0.204863 0)
(0.438653 0.219194 0)
(0.369858 0.235649 0)
(0.295624 0.249963 0)
(0.217369 0.268087 0)
(0.132282 0.279711 0)
(0.0475779 0.30009 0)
(3 -9.88949e-17 0)
(3 -4.73497e-16 0)
(3 -4.66817e-16 0)
(3 -3.02748e-16 0)
(3 4.35665e-18 0)
(3 1.16241e-16 0)
(3 3.7219e-16 0)
(3 4.3864e-16 0)
(3 5.1247e-16 0)
(3 1.39852e-16 0)
(3 -9.47556e-16 0)
(3.00001 1.12046e-07 0)
(1.30748 0.226542 0)
(0.749485 0.199544 0)
(0.685211 0.213663 0)
(0.631797 0.229561 0)
(0.576422 0.244509 0)
(0.519742 0.262012 0)
(0.459393 0.28181 0)
(0.394808 0.305389 0)
(0.322946 0.326048 0)
(0.245228 0.352053 0)
(0.153514 0.372141 0)
(0.0582883 0.400975 0)
(3 1.16378e-17 0)
(3 -7.44049e-17 0)
(3 -3.84128e-16 0)
(3 -5.66396e-16 0)
(3 -6.85054e-16 0)
(3 -2.71303e-16 0)
(3 -4.61009e-17 0)
(3 2.37951e-16 0)
(3 2.30926e-17 0)
(3 -1.06656e-16 0)
(3 1.2854e-16 0)
(3 -1.09037e-10 0)
(1.51663 0.276681 0)
(0.771702 0.25487 0)
(0.687653 0.260532 0)
(0.635967 0.27623 0)
(0.584876 0.293044 0)
(0.535168 0.314637 0)
(0.481987 0.340108 0)
(0.423434 0.372784 0)
(0.351422 0.405516 0)
(0.268668 0.447077 0)
(0.168338 0.485416 0)
(0.0575071 0.524057 0)
(3 -9.70182e-18 0)
(3 -3.84831e-16 0)
(3 -5.34227e-16 0)
(3 -8.1724e-16 0)
(3 -8.2234e-16 0)
(3 -4.97575e-16 0)
(3 -3.27048e-16 0)
(3 -3.59029e-16 0)
(3 -1.42258e-16 0)
(3 1.12869e-16 0)
(3 1.20991e-15 0)
(3 -6.24197e-10 0)
(1.8191 0.328455 0)
(0.808298 0.325786 0)
(0.693231 0.314963 0)
(0.638948 0.324821 0)
(0.588981 0.340098 0)
(0.544286 0.363788 0)
(0.498077 0.39474 0)
(0.451036 0.438394 0)
(0.391902 0.486914 0)
(0.324252 0.543045 0)
(0.233185 0.600161 0)
(0.101493 0.66739 0)
(3 -1.1662e-16 0)
(3 -3.26867e-16 0)
(3 -1.94866e-16 0)
(3 8.02809e-17 0)
(3 6.85852e-17 0)
(3 -1.62825e-16 0)
(3 2.56083e-16 0)
(3 1.26148e-16 0)
(3 4.66016e-16 0)
(3 4.93277e-16 0)
(3 3.04737e-16 0)
(3 -3.13261e-10 0)
(2.26195 0.350546 0)
(0.882755 0.412433 0)
(0.731689 0.375791 0)
(0.677376 0.380398 0)
(0.62403 0.390308 0)
(0.577758 0.411947 0)
(0.533592 0.444937 0)
(0.49482 0.493936 0)
(0.4496 0.554331 0)
(0.38939 0.639594 0)
(0.271384 0.76132 0)
(0.151133 0.928798 0)
(3 3.41415e-17 0)
(3 5.54048e-16 0)
(3 9.17076e-16 0)
(3 9.98868e-16 0)
(3 7.95516e-16 0)
(3 4.11285e-16 0)
(3 9.20454e-17 0)
(3 3.26234e-17 0)
(3 -2.84691e-16 0)
(3 -4.33866e-16 0)
(3 -6.26739e-16 0)
(3 -1.00802e-10 0)
(2.84655 0.215133 0)
(1.04807 0.474486 0)
(0.825855 0.409709 0)
(0.768089 0.421969 0)
(0.702079 0.438712 0)
(0.644159 0.459883 0)
(0.596031 0.491634 0)
(0.557246 0.542447 0)
(0.52232 0.619019 0)
(0.490148 0.745809 0)
(0.458773 0.922396 0)
(0.574736 1.20402 0)
(3 5.06724e-17 0)
(3 4.08065e-16 0)
(3 4.10227e-16 0)
(3 3.27253e-16 0)
(3 3.63625e-16 0)
(3 -8.61111e-16 0)
(3 -9.80964e-16 0)
(3 -9.56891e-16 0)
(3 -9.04994e-16 0)
(3 -6.25342e-16 0)
(3 -3.52279e-16 0)
(3 -1.25054e-11 0)
(3.05464 0.01729 0)
(1.27205 0.456868 0)
(0.880627 0.463259 0)
(0.839422 0.492091 0)
(0.780214 0.503605 0)
(0.72214 0.518969 0)
(0.673275 0.545581 0)
(0.632999 0.593185 0)
(0.614928 0.675478 0)
(0.615541 0.810978 0)
(0.679489 0.962883 0)
(0.968325 1.13794 0)
(3 -3.43036e-16 0)
(3 -5.34774e-16 0)
(3 -6.21511e-16 0)
(3 -8.89371e-16 0)
(3 -6.05311e-16 0)
(3 -2.65218e-16 0)
(3 -1.62677e-16 0)
(3 -6.53958e-17 0)
(3 2.4822e-16 0)
(3 5.11698e-17 0)
(3 -3.73565e-16 0)
(3 -3.70881e-13 0)
(3.00274 -8.46214e-07 0)
(1.53757 0.462592 0)
(0.876296 0.517254 0)
(0.83567 0.541697 0)
(0.805957 0.564943 0)
(0.774717 0.58185 0)
(0.744007 0.605296 0)
(0.716093 0.642435 0)
(0.716215 0.712535 0)
(0.74277 0.827355 0)
(0.865443 0.955392 0)
(1.17953 1.06082 0)
(3 -8.47279e-17 0)
(3 -3.98176e-16 0)
(3 -9.81184e-17 0)
(3 -1.97183e-16 0)
(3 -3.79114e-16 0)
(3 1.07149e-16 0)
(3 4.12961e-16 0)
(3 5.80943e-16 0)
(3 4.35806e-16 0)
(3 3.88264e-17 0)
(3 -9.03864e-16 0)
(3 -3.04706e-15 0)
(3.00001 -4.44856e-07 0)
(2.13993 0.48337 0)
(0.946006 0.582184 0)
(0.861805 0.558088 0)
(0.854755 0.585286 0)
(0.836679 0.614684 0)
(0.821055 0.646378 0)
(0.807202 0.680801 0)
(0.816574 0.741054 0)
(0.86355 0.829004 0)
(1.00606 0.932558 0)
(1.27817 0.998374 0)
(3 3.13088e-16 0)
(3 4.05826e-16 0)
(3 6.27426e-16 0)
(3 5.67376e-16 0)
(3 6.71049e-16 0)
(3 9.05816e-16 0)
(3 6.82391e-16 0)
(3 -6.7051e-17 0)
(3 -9.6043e-16 0)
(3 -1.12878e-15 0)
(3 -1.0219e-15 0)
(3 -4.31045e-16 0)
(3 -5.02423e-07 0)
(2.94482 0.210879 0)
(1.16361 0.614257 0)
(0.936788 0.564214 0)
(0.925939 0.608795 0)
(0.907924 0.641959 0)
(0.897989 0.678052 0)
(0.897159 0.713292 0)
(0.912031 0.762087 0)
(0.97076 0.826746 0)
(1.10514 0.898311 0)
(1.32143 0.940352 0)
(3 -1.7132e-16 0)
(3 -5.28321e-17 0)
(3 -2.03259e-16 0)
(3 -3.38295e-16 0)
(3 4.16873e-17 0)
(3 2.656e-16 0)
(3 2.29777e-16 0)
(3 -6.87451e-17 0)
(3 -3.67108e-16 0)
(3 -6.66485e-16 0)
(3 -4.56806e-16 0)
(3 -3.17341e-16 0)
(3 -1.03656e-07 0)
(3.0509 0.00850646 0)
(1.45371 0.59859 0)
(0.976149 0.644727 0)
(0.940742 0.653385 0)
(0.932404 0.679042 0)
(0.943398 0.711803 0)
(0.962886 0.747995 0)
(0.995454 0.78612 0)
(1.06196 0.832084 0)
(1.18164 0.879221 0)
(1.35058 0.903772 0)
(3 3.16689e-17 0)
(3 -1.20683e-16 0)
(3 -6.97789e-16 0)
(3 -5.94505e-16 0)
(3 -2.38332e-16 0)
(3 1.29925e-16 0)
(3 -4.66377e-16 0)
(3 -8.53849e-16 0)
(3 -1.00557e-15 0)
(3 -4.34802e-16 0)
(3 -8.06717e-16 0)
(3 -1.01302e-15 0)
(3 -9.0238e-09 0)
(3.00132 -2.5522e-06 0)
(2.09609 0.585955 0)
(1.04792 0.715919 0)
(0.98776 0.679384 0)
(0.979688 0.689669 0)
(0.994487 0.716016 0)
(1.02039 0.75325 0)
(1.06514 0.791222 0)
(1.13505 0.829016 0)
(1.23882 0.860135 0)
(1.37143 0.873974 0)
(3 3.20952e-16 0)
(3 3.76969e-16 0)
(3 -2.194e-16 0)
(3 -7.41525e-16 0)
(3 2.02565e-16 0)
(3 8.4316e-16 0)
(3 4.096e-17 0)
(3 -9.55471e-17 0)
(3 -8.87532e-16 0)
(3 -5.97105e-16 0)
(3 -5.52765e-16 0)
(3 -1.61998e-17 0)
(3 -9.37551e-11 0)
(3.00003 -1.01937e-05 0)
(3.02991 0.166298 0)
(1.31485 0.686643 0)
(1.06941 0.698997 0)
(1.06651 0.705442 0)
(1.069 0.734424 0)
(1.08374 0.766819 0)
(1.12507 0.801535 0)
(1.19216 0.83266 0)
(1.28256 0.853868 0)
(1.39176 0.86155 0)
(3 -1.75368e-16 0)
(3 -7.50355e-17 0)
(3 3.95506e-16 0)
(3 4.14478e-16 0)
(3 4.20479e-16 0)
(3 2.02974e-17 0)
(3 3.68615e-16 0)
(3 5.49673e-16 0)
(3 1.4959e-16 0)
(3 -6.734e-16 0)
(3 -6.54073e-16 0)
(3 4.10849e-16 0)
(3 -1.60598e-13 0)
(3 -2.67755e-06 0)
(3.03079 0.00237986 0)
(1.62835 0.65571 0)
(1.09227 0.753703 0)
(1.09164 0.755598 0)
(1.10412 0.773593 0)
(1.12978 0.790417 0)
(1.1706 0.809724 0)
(1.23354 0.828639 0)
(1.31297 0.842704 0)
(1.40824 0.846585 0)
(3 -1.28772e-16 0)
(3 -4.63987e-16 0)
(3 -3.44929e-16 0)
(3 3.72312e-16 0)
(3 2.37234e-17 0)
(3 -4.9629e-16 0)
(3 3.19748e-17 0)
(3 7.62861e-17 0)
(3 3.15255e-16 0)
(3 3.4659e-16 0)
(3 1.87151e-16 0)
(3 2.44344e-16 0)
(3 1.79684e-16 0)
(3 -2.20594e-07 0)
(3.00044 8.42842e-06 0)
(2.5141 0.465617 0)
(1.22263 0.785543 0)
(1.12188 0.779616 0)
(1.14341 0.784501 0)
(1.16898 0.798781 0)
(1.20787 0.814606 0)
(1.26634 0.829192 0)
(1.33848 0.839831 0)
(1.42259 0.84115 0)
(3 -9.66861e-17 0)
(3 -6.95459e-16 0)
(3 -9.83e-16 0)
(3 -7.56487e-16 0)
(3 -9.25856e-16 0)
(3 -9.06972e-16 0)
(3 -6.66423e-16 0)
(3 5.91773e-17 0)
(3 5.58611e-16 0)
(3 2.92234e-16 0)
(3 2.95359e-16 0)
(3 -1.00413e-16 0)
(3 -2.75505e-16 0)
(3 -1.41851e-09 0)
(3.00003 -1.23818e-05 0)
(3.06566 0.0503969 0)
(1.59988 0.767719 0)
(1.17825 0.791536 0)
(1.19842 0.79594 0)
(1.21352 0.807432 0)
(1.24736 0.816829 0)
(1.29758 0.826553 0)
(1.36097 0.833408 0)
(1.43531 0.833037 0)
(3 -1.37314e-16 0)
(3 -1.48918e-16 0)
(3 5.7858e-16 0)
(3 -4.54278e-17 0)
(3 -1.27039e-16 0)
(3 -2.63533e-16 0)
(3 -5.36978e-16 0)
(3 -2.27506e-16 0)
(3 3.58849e-16 0)
(3 2.15915e-16 0)
(3 -4.74586e-17 0)
(3 -3.08681e-16 0)
(3 -1.87048e-16 0)
(3 -2.79325e-12 0)
(3 -2.70184e-06 0)
(3.00549 0.000956879 0)
(2.4074 0.592074 0)
(1.28507 0.859121 0)
(1.22964 0.840187 0)
(1.25151 0.83431 0)
(1.27963 0.835515 0)
(1.32437 0.837567 0)
(1.37961 0.838321 0)
(1.44587 0.834572 0)
(3 2.54705e-16 0)
(3 8.18026e-16 0)
(3 1.3119e-15 0)
(3 1.07813e-15 0)
(3 8.30068e-16 0)
(3 3.12317e-16 0)
(3 2.82326e-18 0)
(3 -1.43881e-16 0)
(3 4.71581e-16 0)
(3 1.00034e-15 0)
(3 5.6801e-16 0)
(3 4.91883e-16 0)
(3 5.86992e-16 0)
(3 -1.38826e-15 0)
(3 -2.32153e-07 0)
(3.00002 4.18035e-06 0)
(3.05466 0.0859561 0)
(1.69057 0.825531 0)
(1.27953 0.844848 0)
(1.3031 0.840284 0)
(1.32283 0.838823 0)
(1.36006 0.83634 0)
(1.40655 0.83387 0)
(1.46475 0.829318 0)
(3 1.29069e-16 0)
(3 3.41521e-16 0)
(3 4.29807e-16 0)
(3 4.07724e-16 0)
(3 2.03539e-16 0)
(3 1.05697e-16 0)
(3 7.40556e-17 0)
(3 -1.63842e-16 0)
(3 -3.24248e-16 0)
(3 -4.23679e-17 0)
(3 -1.63267e-16 0)
(3 6.90662e-17 0)
(3 -1.77265e-16 0)
(3 -3.64923e-16 0)
(3 -2.53048e-09 0)
(3 -1.61342e-07 0)
(3.00699 0.00279432 0)
(2.56609 0.567494 0)
(1.39991 0.902905 0)
(1.33676 0.876221 0)
(1.36406 0.864621 0)
(1.39361 0.859078 0)
(1.43248 0.852833 0)
(1.48088 0.845597 0)
(3 6.84544e-17 0)
(3 -5.42285e-17 0)
(3 -1.52322e-16 0)
(3 -1.54642e-16 0)
(3 -1.61775e-16 0)
(3 -1.4491e-16 0)
(3 -2.2023e-16 0)
(3 -9.13076e-16 0)
(3 -7.54655e-16 0)
(3 -3.54289e-16 0)
(3 -1.32967e-17 0)
(3 -6.08636e-16 0)
(3 -5.25255e-16 0)
(3 -4.96016e-17 0)
(3 -5.01632e-12 0)
(3 -3.90684e-08 0)
(3.00002 2.47856e-05 0)
(3.05271 0.0604534 0)
(1.84192 0.811394 0)
(1.37949 0.891713 0)
(1.41306 0.882139 0)
(1.4388 0.87373 0)
(1.47177 0.862697 0)
(1.50989 0.852285 0)
(3 1.05238e-16 0)
(3 1.54355e-16 0)
(3 -2.26948e-16 0)
(3 -3.2587e-17 0)
(3 1.96167e-16 0)
(3 1.3062e-16 0)
(3 4.52733e-16 0)
(3 4.09659e-16 0)
(3 4.58496e-16 0)
(3 2.75115e-16 0)
(3 4.52225e-16 0)
(3 -5.67175e-16 0)
(3 -7.27234e-16 0)
(3 -1.30007e-16 0)
(3 -1.91146e-15 0)
(3 -3.53603e-09 0)
(3 9.51622e-09 0)
(3.00331 0.00231602 0)
(2.71693 0.431452 0)
(1.57127 0.926563 0)
(1.42765 0.907408 0)
(1.46588 0.900698 0)
(1.49637 0.890941 0)
(1.5306 0.877573 0)
(3 -2.34784e-16 0)
(3 -2.97236e-16 0)
(3 -9.52966e-17 0)
(3 -1.13994e-16 0)
(3 -6.97563e-17 0)
(3 3.44379e-17 0)
(3 1.01598e-15 0)
(3 1.29055e-15 0)
(3 9.53179e-16 0)
(3 1.04921e-15 0)
(3 4.96354e-16 0)
(3 2.95609e-16 0)
(3 1.84268e-16 0)
(3 1.19872e-17 0)
(3 1.82774e-16 0)
(3 -1.32227e-10 0)
(3 -1.30253e-10 0)
(3.00001 1.42564e-05 0)
(3.02606 0.0322345 0)
(2.12778 0.766327 0)
(1.49158 0.922046 0)
(1.49603 0.914266 0)
(1.52696 0.901016 0)
(1.55922 0.886837 0)
(3 3.1107e-18 0)
(3 -9.28996e-17 0)
(3 -5.57362e-17 0)
(3 -2.02193e-16 0)
(3 -3.12518e-16 0)
(3 -3.03155e-16 0)
(3 5.14151e-17 0)
(3 6.64232e-16 0)
(3 9.50582e-16 0)
(3 1.08493e-15 0)
(3 1.30932e-15 0)
(3 1.4998e-15 0)
(3 1.59058e-15 0)
(3 7.3194e-16 0)
(3 5.70883e-16 0)
(3 -1.07794e-12 0)
(3 -4.05444e-11 0)
(3 6.73187e-09 0)
(3.0007 0.00126005 0)
(2.91341 0.233823 0)
(1.80126 0.881067 0)
(1.52103 0.931789 0)
(1.55449 0.920339 0)
(1.58871 0.904305 0)
(3 2.05846e-16 0)
(3 3.19697e-17 0)
(3 -4.76657e-16 0)
(3 -8.00987e-16 0)
(3 -7.64142e-16 0)
(3 -3.56047e-16 0)
(3 -5.42173e-16 0)
(3 -2.21279e-16 0)
(3 -1.56412e-16 0)
(3 1.86845e-16 0)
(3 3.61149e-16 0)
(3 6.05112e-16 0)
(3 1.04196e-15 0)
(3 1.90348e-15 0)
(3 1.5332e-15 0)
(3 -1.24036e-15 0)
(3 -5.19303e-12 0)
(3 -4.27181e-12 0)
(3 4.42593e-06 0)
(3.00705 0.0140948 0)
(2.52903 0.561681 0)
(1.65838 0.953915 0)
(1.56202 0.938681 0)
(1.5997 0.926502 0)
(3 -4.15262e-18 0)
(3 -9.94891e-18 0)
(3 7.96945e-17 0)
(3 3.99135e-17 0)
(3 -2.24006e-16 0)
(3 -3.55002e-16 0)
(3 -4.93108e-16 0)
(3 -4.90813e-16 0)
(3 -5.03403e-16 0)
(3 -5.81949e-16 0)
(3 -1.11373e-15 0)
(3 -1.31665e-15 0)
(3 -7.12097e-16 0)
(3 1.45926e-16 0)
(3 7.72376e-16 0)
(3 5.65297e-16 0)
(3 -1.4563e-13 0)
(3 -1.45999e-12 0)
(3 2.00663e-09 0)
(3.00002 0.000297866 0)
(2.99886 0.073886 0)
(2.15416 0.778254 0)
(1.62488 0.947656 0)
(1.61878 0.943713 0)
(3 -1.30636e-16 0)
(3 3.05217e-16 0)
(3 7.80875e-16 0)
(3 6.14133e-16 0)
(3 2.46647e-16 0)
(3 -1.94676e-16 0)
(3 -2.36214e-16 0)
(3 -5.80195e-16 0)
(3 -3.17796e-16 0)
(3 -4.88947e-16 0)
(3 -5.44777e-16 0)
(3 -5.65979e-16 0)
(3 -5.33965e-16 0)
(3 -5.83297e-16 0)
(3 -6.30298e-16 0)
(3 -4.33198e-17 0)
(3 -8.27694e-16 0)
(3 -2.21367e-13 0)
(3 2.27491e-13 0)
(3 4.88636e-07 0)
(3.00062 0.00362181 0)
(2.8661 0.261699 0)
(1.93082 0.872102 0)
(1.65807 0.955261 0)
(3 -4.64669e-17 0)
(3 6.49447e-17 0)
(3 8.43089e-17 0)
(3 -1.64273e-16 0)
(3 -5.3309e-17 0)
(3 2.75772e-17 0)
(3 1.12866e-16 0)
(3 -1.48414e-17 0)
(3 -3.46758e-16 0)
(3 8.60627e-17 0)
(3 9.87603e-16 0)
(3 1.16492e-15 0)
(3 5.59746e-16 0)
(3 -4.09932e-16 0)
(3 -7.6608e-16 0)
(3 -6.08984e-16 0)
(3 1.05008e-16 0)
(3 -1.469e-14 0)
(3 -1.39403e-14 0)
(3 2.65073e-10 0)
(3 2.26334e-05 0)
(3.00093 0.0187091 0)
(2.60166 0.490511 0)
(1.8367 0.929147 0)
(3 3.0089e-17 0)
(3 3.75108e-18 0)
(3 -2.63336e-16 0)
(3 1.21519e-16 0)
(3 9.14637e-17 0)
(3 -1.13745e-16 0)
(3 -4.65619e-16 0)
(3 -4.35823e-16 0)
(3 -5.55605e-16 0)
(3 -1.60186e-16 0)
(3 4.01582e-16 0)
(3 2.25948e-16 0)
(3 -9.8359e-17 0)
(3 -4.25809e-16 0)
(3 -6.99068e-16 0)
(3 -6.65851e-16 0)
(3 -2.10935e-16 0)
(3 3.95191e-16 0)
(3 -3.43225e-15 0)
(3 3.83868e-14 0)
(3 1.97638e-08 0)
(2.99995 0.000402014 0)
(2.98537 0.0586814 0)
(2.3644 0.666724 0)
(3 4.90157e-17 0)
(3 4.24271e-18 0)
(3 1.74621e-16 0)
(3 6.09269e-16 0)
(3 8.48621e-16 0)
(3 6.67482e-16 0)
(3 1.32383e-16 0)
(3 -5.46632e-16 0)
(3 -7.06453e-16 0)
(3 -9.85636e-16 0)
(3 -9.75543e-16 0)
(3 -7.28585e-16 0)
(3 -4.601e-16 0)
(3 -2.27025e-16 0)
(3 1.7196e-16 0)
(3 3.33882e-16 0)
(3 5.14978e-16 0)
(3 1.1797e-15 0)
(3 7.32711e-16 0)
(3 4.94315e-16 0)
(3 8.48659e-12 0)
(3 7.73547e-07 0)
(2.99974 0.0025442 0)
(2.92734 0.149379 0)
(3 7.84198e-17 0)
(3 -1.76963e-17 0)
(3 6.11652e-16 0)
(3 5.85423e-16 0)
(3 1.16055e-15 0)
(3 1.17352e-15 0)
(3 1.41403e-15 0)
(3 4.65164e-16 0)
(3 -5.08007e-16 0)
(3 -1.08424e-15 0)
(3 -9.25957e-16 0)
(3 -8.66721e-16 0)
(3 -1.13497e-15 0)
(3 -9.35605e-16 0)
(3 1.22635e-16 0)
(3 1.65015e-15 0)
(3 1.55192e-15 0)
(3 1.60585e-15 0)
(3 1.24731e-15 0)
(3 1.11405e-16 0)
(3 1.49231e-15 0)
(3 6.16476e-10 0)
(3 1.21887e-05 0)
(2.99877 0.00869938 0)
(3 -1.0892e-16 0)
(3 1.28033e-16 0)
(3 -2.481e-17 0)
(3 7.36672e-17 0)
(3 4.48841e-16 0)
(3 2.93912e-16 0)
(3 3.69896e-16 0)
(3 3.80124e-16 0)
(3 3.94258e-17 0)
(3 -7.53985e-16 0)
(3 -1.01496e-15 0)
(3 -1.21232e-15 0)
(3 -1.21089e-15 0)
(3 -6.96982e-16 0)
(3 6.31952e-17 0)
(3 5.42746e-16 0)
(3 9.74534e-16 0)
(3 1.30737e-15 0)
(3 1.45791e-15 0)
(3 1.32565e-15 0)
(3 2.5182e-16 0)
(3 8.0858e-14 0)
(3 1.53451e-08 0)
(2.99998 8.24095e-05 0)
(3 -1.54755e-17 0)
(3 1.36162e-16 0)
(3 -2.83186e-16 0)
(3 -4.78345e-16 0)
(3 -9.73534e-17 0)
(3 2.70356e-16 0)
(3 -3.61637e-16 0)
(3 -3.16588e-16 0)
(3 2.77611e-16 0)
(3 4.01869e-16 0)
(3 -2.76445e-17 0)
(3 -4.66639e-16 0)
(3 -4.60475e-17 0)
(3 2.63138e-16 0)
(3 -1.23787e-16 0)
(3 -7.71645e-16 0)
(3 3.58836e-16 0)
(3 1.10563e-15 0)
(3 1.7231e-15 0)
(3 1.56276e-15 0)
(3 -3.194e-16 0)
(3 -3.90899e-16 0)
(3 4.72398e-12 0)
(3 1.4131e-07 0)
(3 -7.22659e-18 0)
(3 -8.72398e-17 0)
(3 -1.67361e-16 0)
(3 -5.89954e-16 0)
(3 -7.63609e-16 0)
(3 -5.16284e-16 0)
(3 -4.76971e-16 0)
(3 -2.88526e-16 0)
(3 6.97053e-17 0)
(3 1.00611e-15 0)
(3 1.45996e-15 0)
(3 1.35211e-15 0)
(3 1.04498e-15 0)
(3 4.948e-16 0)
(3 3.94777e-16 0)
(3 -4.31415e-18 0)
(3 6.76777e-16 0)
(3 1.58809e-15 0)
(3 1.64903e-15 0)
(3 9.83777e-16 0)
(3 4.08964e-16 0)
(3 1.71247e-16 0)
(3 8.58127e-16 0)
(3 1.06464e-10 0)
(3 6.50395e-19 0)
(3 -1.48825e-16 0)
(3 -1.83337e-16 0)
(3 -2.49415e-16 0)
(3 -7.74057e-16 0)
(3 -1.31581e-15 0)
(3 -6.95708e-16 0)
(3 -6.07762e-16 0)
(3 5.48009e-16 0)
(3 1.24905e-15 0)
(3 1.87117e-15 0)
(3 2.41937e-15 0)
(3 2.0321e-15 0)
(3 7.82776e-16 0)
(3 5.34854e-16 0)
(3 3.19649e-16 0)
(3 5.73086e-16 0)
(3 1.05182e-15 0)
(3 1.59121e-16 0)
(3 -8.03873e-16 0)
(3 -5.52783e-16 0)
(3 -3.77511e-16 0)
(3 2.52636e-16 0)
(3 1.27776e-14 0)
(3 6.29453e-17 0)
(3 -1.16151e-16 0)
(3 -9.3009e-17 0)
(3 4.44037e-16 0)
(3 2.15184e-16 0)
(3 -1.57031e-16 0)
(3 -1.68682e-16 0)
(3 3.94946e-16 0)
(3 7.61886e-16 0)
(3 1.35292e-15 0)
(3 1.29248e-15 0)
(3 1.39404e-15 0)
(3 1.16141e-15 0)
(3 8.97882e-16 0)
(3 4.36076e-16 0)
(3 1.00577e-16 0)
(3 -4.07382e-16 0)
(3 -1.88521e-16 0)
(3 -1.08393e-15 0)
(3 -1.69655e-15 0)
(3 -1.70703e-15 0)
(3 -1.11697e-15 0)
(3 -3.65898e-16 0)
(3 -8.05117e-17 0)
(3 4.93251e-18 0)
(3 -1.19721e-16 0)
(3 -1.89759e-16 0)
(3 -4.08627e-17 0)
(3 2.85664e-16 0)
(3 3.49753e-16 0)
(3 -1.58479e-16 0)
(3 2.71944e-16 0)
(3 4.16695e-16 0)
(3 5.40369e-16 0)
(3 3.19186e-16 0)
(3 -5.46733e-16 0)
(3 -6.20062e-16 0)
(3 -3.52297e-17 0)
(3 5.83116e-16 0)
(3 6.29641e-16 0)
(3 -2.06059e-16 0)
(3 -9.01326e-16 0)
(3 -1.02714e-15 0)
(3 -1.3125e-15 0)
(3 -1.28771e-15 0)
(3 -2.21469e-16 0)
(3 -2.04916e-16 0)
(3 -6.64718e-16 0)
(3 8.96442e-17 0)
(3 7.46534e-17 0)
(3 -2.06827e-16 0)
(3 -4.3458e-16 0)
(3 4.80496e-17 0)
(3 2.43007e-16 0)
(3 -1.47698e-16 0)
(3 -4.32978e-16 0)
(3 -4.04081e-18 0)
(3 1.83399e-16 0)
(3 -3.97533e-16 0)
(3 -8.34071e-16 0)
(3 -1.24987e-15 0)
(3 -7.16816e-16 0)
(3 -1.61146e-16 0)
(3 1.42742e-16 0)
(3 -6.15162e-16 0)
(3 -8.0603e-16 0)
(3 -9.03185e-16 0)
(3 -1.07551e-15 0)
(3 -7.60471e-16 0)
(3 -3.61001e-16 0)
(3 -2.66947e-16 0)
(3 -3.4082e-16 0)
(1.49181 1.2657 0)
(2.0909 1.23728 0)
(2.32229 1.63084 0)
(2.30612 0.827193 0)
(2.3935 0.336469 0)
(2.56348 -0.0987758 0)
(2.6267 -0.250011 0)
(2.58954 -0.227352 0)
(2.45784 -0.28398 0)
(2.41288 -0.399561 0)
(2.4403 -0.381264 0)
(2.45444 -0.229654 0)
(2.43977 -0.153205 0)
(2.40928 -0.126785 0)
(2.38621 -0.0971487 0)
(2.36121 -0.0814062 0)
(2.34832 -0.0651473 0)
(2.37281 -0.0363936 0)
(2.40163 -0.0214351 0)
(2.40816 -0.0176016 0)
(2.40985 -0.0127881 0)
(2.39355 -0.00875252 0)
(2.38442 -0.00999913 0)
(2.37263 -0.00916299 0)
(2.36779 -0.00697772 0)
(2.37468 -0.00686549 0)
(2.38875 -0.00956767 0)
(2.39797 -0.00871539 0)
(2.39981 -0.00663171 0)
(2.03125 0.0252903 0)
(0.882923 0.046036 0)
(0.697951 0.0152537 0)
(0.699822 -0.00598955 0)
(0.727134 -0.025434 0)
(0.771622 -0.0369398 0)
(0.8209 -0.0397427 0)
(0.865974 -0.0397621 0)
(0.908814 -0.0385427 0)
(0.95012 -0.0374651 0)
(0.992994 -0.037216 0)
(1.03933 -0.0370021 0)
(1.08784 -0.0356551 0)
(1.13489 -0.0321754 0)
(1.17517 -0.0269648 0)
(1.20881 -0.0224935 0)
(1.24009 -0.0199353 0)
(1.27337 -0.0188913 0)
(1.30996 -0.0186537 0)
(1.34723 -0.0182613 0)
(1.38031 -0.0159145 0)
(1.40775 -0.0115082 0)
(1.43358 -0.0070641 0)
(1.46073 -0.0037745 0)
(1.49287 -0.00289754 0)
(1.52884 -0.00508652 0)
(1.55887 -0.0104078 0)
(1.582 -0.0109797 0)
(1.6034 -0.00816826 0)
(1.62139 -0.00173159 0)
(1.64005 0.00292284 0)
(1.66017 0.00470946 0)
(1.68473 0.00429349 0)
(1.71122 0.00190764 0)
(1.73586 -0.00374134 0)
(1.75833 -0.00727817 0)
(1.77969 -0.00692937 0)
(1.79491 -0.00327233 0)
(1.8083 0.00216575 0)
(1.82509 0.00521012 0)
(1.84354 0.00566612 0)
(1.86421 0.00538182 0)
(1.88646 0.00330062 0)
(1.90493 0.000679988 0)
(1.92337 0.000171908 0)
(1.9379 0.00151865 0)
(1.94647 0.00463228 0)
(1.95717 0.00744522 0)
(1.9738 0.00818002 0)
(1.99233 0.00831182 0)
(2.01343 0.00813448 0)
(2.03547 0.00604751 0)
(2.0526 0.00422014 0)
(2.06834 0.00349091 0)
(2.07452 0.00473878 0)
(2.07381 0.00761909 0)
(2.08306 0.0090537 0)
(2.09957 0.00915819 0)
(2.11753 0.00927241 0)
(2.13938 0.00898095 0)
(2.15984 0.00724451 0)
(2.17764 0.00603889 0)
(2.19418 0.00458003 0)
(2.2005 0.00478112 0)
(2.19513 0.00816435 0)
(2.19602 0.0112257 0)
(2.21472 0.0114244 0)
(1.75224 1.12411 0)
(2.29945 0.678183 0)
(2.55174 0.476344 0)
(2.63757 0.243086 0)
(2.69464 -0.170473 0)
(2.73968 -0.519176 0)
(2.72442 -0.598339 0)
(2.74065 -0.614644 0)
(2.71161 -0.554371 0)
(2.66071 -0.521358 0)
(2.59845 -0.452295 0)
(2.52772 -0.270877 0)
(2.50677 -0.16915 0)
(2.47338 -0.158144 0)
(2.44372 -0.115182 0)
(2.42881 -0.0711236 0)
(2.41922 -0.0446827 0)
(2.43104 -0.00641124 0)
(2.44604 0.00901362 0)
(2.43676 0.00969004 0)
(2.42808 0.00623043 0)
(2.4162 -0.0052762 0)
(2.40441 -0.0275592 0)
(2.40098 -0.0274574 0)
(2.40104 -0.0141791 0)
(2.40597 -0.00763418 0)
(2.41293 -0.0128698 0)
(2.42443 -0.0104367 0)
(2.4264 -0.00488694 0)
(2.17466 0.0942436 0)
(0.958572 0.131432 0)
(0.768967 0.0139913 0)
(0.802981 -0.0655816 0)
(0.861471 -0.0729533 0)
(0.908361 -0.0747986 0)
(0.951366 -0.0676586 0)
(0.989076 -0.0612309 0)
(1.02294 -0.0518547 0)
(1.05321 -0.0433997 0)
(1.08479 -0.0386775 0)
(1.12055 -0.0385981 0)
(1.16187 -0.042075 0)
(1.2059 -0.0433128 0)
(1.24408 -0.0363856 0)
(1.27137 -0.0245655 0)
(1.29499 -0.015124 0)
(1.31893 -0.0126299 0)
(1.34844 -0.0176404 0)
(1.38553 -0.025835 0)
(1.42349 -0.0290693 0)
(1.45332 -0.0236559 0)
(1.47692 -0.0123299 0)
(1.49882 0.00249239 0)
(1.52002 0.011588 0)
(1.54147 0.00885595 0)
(1.5683 -0.00348912 0)
(1.59789 -0.0172188 0)
(1.62354 -0.0210279 0)
(1.64562 -0.0163972 0)
(1.66648 -0.00427454 0)
(1.68458 0.00967002 0)
(1.70137 0.0175469 0)
(1.71917 0.0165112 0)
(1.73933 0.00865265 0)
(1.76302 -0.00379236 0)
(1.78602 -0.015362 0)
(1.80666 -0.0176356 0)
(1.82703 -0.00994829 0)
(1.84381 0.0051523 0)
(1.85659 0.0178867 0)
(1.87058 0.021896 0)
(1.88731 0.0190559 0)
(1.90669 0.0111047 0)
(1.92451 0.000600043 0)
(1.94105 -0.0061557 0)
(1.95802 -0.00446958 0)
(1.97263 0.00621928 0)
(1.98471 0.0190665 0)
(1.99762 0.0264482 0)
(2.01406 0.0273921 0)
(2.03171 0.0234906 0)
(2.0497 0.0157908 0)
(2.06549 0.00611672 0)
(2.07825 -0.000213254 0)
(2.08669 0.00442776 0)
(2.09484 0.0158041 0)
(2.1055 0.024662 0)
(2.12008 0.0280549 0)
(2.13699 0.0279898 0)
(2.15509 0.0240316 0)
(2.17316 0.0177277 0)
(2.18923 0.00967131 0)
(2.20131 0.00242513 0)
(2.20683 0.00610825 0)
(2.20708 0.0223275 0)
(2.21791 0.0315993 0)
(1.68284 1.0272 0)
(2.01216 0.884797 0)
(2.30498 0.638973 0)
(2.52616 0.38801 0)
(2.67201 0.129911 0)
(2.695 -0.107229 0)
(2.69298 -0.188371 0)
(2.73971 -0.19648 0)
(2.79468 -0.283148 0)
(2.76221 -0.421529 0)
(2.74949 -0.486352 0)
(2.70267 -0.458148 0)
(2.66373 -0.403513 0)
(2.65163 -0.373022 0)
(2.62454 -0.318924 0)
(2.60643 -0.237347 0)
(2.59797 -0.175687 0)
(2.5622 -0.0869679 0)
(2.52934 -0.0572419 0)
(2.50186 -0.0452334 0)
(2.48273 -0.0153237 0)
(2.47388 -0.00793703 0)
(2.47429 -0.00979197 0)
(2.47713 -0.00457356 0)
(2.47525 0.00131591 0)
(2.47058 -0.000155723 0)
(2.46954 -0.010886 0)
(2.47497 -0.0145334 0)
(2.47537 -0.020407 0)
(2.43011 -0.0506523 0)
(1.28582 0.0922488 0)
(0.996602 0.00310985 0)
(1.06066 -0.0894747 0)
(1.13109 -0.0986372 0)
(1.16056 -0.0810476 0)
(1.18545 -0.0689705 0)
(1.21115 -0.0750497 0)
(1.23892 -0.0825269 0)
(1.26006 -0.0880372 0)
(1.27845 -0.0854094 0)
(1.29692 -0.078837 0)
(1.31844 -0.0730796 0)
(1.34607 -0.0709083 0)
(1.37717 -0.0709976 0)
(1.40193 -0.0672398 0)
(1.42072 -0.058476 0)
(1.43698 -0.0426248 0)
(1.45591 -0.0300482 0)
(1.47827 -0.0267641 0)
(1.50682 -0.031419 0)
(1.5368 -0.0377841 0)
(1.55986 -0.0378746 0)
(1.57943 -0.0325966 0)
(1.59627 -0.0193618 0)
(1.60675 -0.00246764 0)
(1.62133 0.00682859 0)
(1.64039 0.0057879 0)
(1.66443 -0.00265198 0)
(1.69401 -0.00956189 0)
(1.71831 -0.00932521 0)
(1.73767 -0.00542271 0)
(1.75449 0.0043605 0)
(1.76307 0.0157253 0)
(1.77016 0.0196858 0)
(1.78594 0.0152319 0)
(1.80565 0.00679236 0)
(1.83321 -0.00267363 0)
(1.85764 -0.00504001 0)
(1.87701 -0.00224905 0)
(1.89466 0.00904842 0)
(1.90431 0.0248744 0)
(1.9069 0.0344201 0)
(1.91721 0.0305611 0)
(1.93321 0.0229068 0)
(1.95306 0.014198 0)
(1.97555 0.00860993 0)
(1.99301 0.00904875 0)
(2.01022 0.0163557 0)
(2.023 0.0298326 0)
(2.0295 0.0403274 0)
(2.03814 0.0399005 0)
(2.05178 0.0326962 0)
(2.06625 0.024621 0)
(2.08297 0.0184304 0)
(2.09938 0.015027 0)
(2.1149 0.0185173 0)
(2.12805 0.0296129 0)
(2.13714 0.0407765 0)
(2.14562 0.0447247 0)
(2.15775 0.041453 0)
(2.17175 0.0349 0)
(2.18476 0.0272707 0)
(2.19763 0.020906 0)
(2.21225 0.0188875 0)
(2.22464 0.0273068 0)
(2.23643 0.0421586 0)
(1.60142 0.985189 0)
(1.87448 0.887182 0)
(2.16357 0.664232 0)
(2.3505 0.477608 0)
(2.4362 0.401011 0)
(2.50567 0.252546 0)
(2.6355 -0.00389676 0)
(2.67497 -0.188662 0)
(2.71864 -0.240758 0)
(2.75943 -0.336626 0)
(2.74889 -0.459147 0)
(2.72729 -0.491334 0)
(2.76294 -0.468859 0)
(2.76242 -0.452702 0)
(2.73571 -0.445438 0)
(2.70511 -0.400432 0)
(2.69351 -0.359201 0)
(2.66346 -0.267007 0)
(2.62881 -0.196895 0)
(2.60261 -0.169803 0)
(2.57372 -0.125544 0)
(2.55903 -0.0802168 0)
(2.55461 -0.0777482 0)
(2.5418 -0.0467923 0)
(2.53815 -0.000878108 0)
(2.52412 0.00662248 0)
(2.52002 0.0102437 0)
(2.51857 0.00394857 0)
(2.5111 -0.0228838 0)
(2.35412 -0.27179 0)
(1.82976 -0.201303 0)
(1.27535 -0.0571453 0)
(1.30344 -0.0528692 0)
(1.36946 -0.0847876 0)
(1.39395 -0.0969417 0)
(1.4037 -0.0925085 0)
(1.41301 -0.0846573 0)
(1.43337 -0.0795909 0)
(1.45042 -0.0762536 0)
(1.46489 -0.0741619 0)
(1.47568 -0.067599 0)
(1.4842 -0.0570854 0)
(1.49719 -0.0514606 0)
(1.51493 -0.050892 0)
(1.53654 -0.0529055 0)
(1.55451 -0.052096 0)
(1.57029 -0.0447455 0)
(1.58274 -0.0294509 0)
(1.59564 -0.0136418 0)
(1.61306 -0.00603655 0)
(1.6329 -0.00664198 0)
(1.65471 -0.0131668 0)
(1.67246 -0.0197766 0)
(1.68798 -0.0238902 0)
(1.7006 -0.0214038 0)
(1.70833 -0.00790474 0)
(1.71904 0.00825828 0)
(1.73706 0.0160452 0)
(1.75889 0.0162052 0)
(1.78293 0.00839068 0)
(1.8015 -0.00044407 0)
(1.81649 -0.00804294 0)
(1.82721 -0.0118938 0)
(1.83479 -0.00697215 0)
(1.84469 0.00419281 0)
(1.86134 0.0128688 0)
(1.88007 0.0160657 0)
(1.90085 0.013607 0)
(1.91947 0.00961936 0)
(1.93649 0.00684211 0)
(1.94939 0.00706172 0)
(1.95432 0.0155199 0)
(1.95614 0.0283674 0)
(1.96847 0.0351118 0)
(1.98397 0.0366095 0)
(2.00213 0.0334667 0)
(2.02131 0.0288127 0)
(2.0375 0.0271901 0)
(2.05273 0.0276922 0)
(2.06043 0.0328893 0)
(2.06115 0.0398409 0)
(2.06777 0.0417661 0)
(2.08352 0.0413411 0)
(2.09954 0.0410326 0)
(2.11854 0.0387609 0)
(2.13647 0.0369223 0)
(2.15217 0.0371331 0)
(2.16475 0.0411127 0)
(2.16948 0.0480715 0)
(2.17159 0.0514634 0)
(2.1784 0.048925 0)
(2.19109 0.0450494 0)
(2.20635 0.0448359 0)
(2.22258 0.045523 0)
(2.23831 0.047999 0)
(2.26088 0.0516817 0)
(1.55489 0.929847 0)
(1.79981 0.842451 0)
(1.99697 0.729832 0)
(2.14902 0.623235 0)
(2.31364 0.427176 0)
(2.415 0.30373 0)
(2.45187 0.256473 0)
(2.54965 0.0791898 0)
(2.60045 -0.0759905 0)
(2.64487 -0.0973325 0)
(2.67358 -0.181527 0)
(2.68129 -0.318556 0)
(2.70621 -0.336381 0)
(2.73452 -0.344323 0)
(2.73274 -0.364311 0)
(2.7287 -0.400083 0)
(2.72831 -0.428321 0)
(2.71662 -0.410057 0)
(2.69823 -0.361039 0)
(2.67555 -0.308473 0)
(2.6489 -0.263015 0)
(2.62505 -0.193248 0)
(2.61762 -0.170846 0)
(2.59962 -0.119712 0)
(2.59233 -0.06838 0)
(2.57449 -0.0383744 0)
(2.57454 -0.019712 0)
(2.54044 -0.045622 0)
(2.4176 -0.178072 0)
(2.09136 -0.464823 0)
(2.00118 -0.601462 0)
(1.61513 -0.311721 0)
(1.4597 -0.15056 0)
(1.48215 -0.0798264 0)
(1.50616 -0.0667825 0)
(1.51684 -0.0694101 0)
(1.53098 -0.0803519 0)
(1.54272 -0.0852199 0)
(1.55766 -0.0869565 0)
(1.57402 -0.08127 0)
(1.58592 -0.0717744 0)
(1.59394 -0.0608454 0)
(1.59841 -0.0495891 0)
(1.60953 -0.0449985 0)
(1.6245 -0.0447304 0)
(1.64378 -0.0453527 0)
(1.66133 -0.0437565 0)
(1.67708 -0.0377784 0)
(1.69028 -0.0274052 0)
(1.69944 -0.0166157 0)
(1.71188 -0.0119915 0)
(1.72875 -0.0131339 0)
(1.74476 -0.0166973 0)
(1.76006 -0.018446 0)
(1.77457 -0.0166787 0)
(1.78745 -0.00802247 0)
(1.79834 0.00674573 0)
(1.80815 0.019767 0)
(1.82374 0.0233082 0)
(1.84215 0.0194019 0)
(1.85826 0.0105536 0)
(1.87226 0.00234138 0)
(1.88553 -0.00176864 0)
(1.89924 0.000154683 0)
(1.91206 0.00877569 0)
(1.92254 0.0209484 0)
(1.93373 0.0293443 0)
(1.94836 0.0310206 0)
(1.96399 0.0290476 0)
(1.97902 0.025464 0)
(1.99251 0.0224131 0)
(2.00381 0.0237046 0)
(2.01136 0.0329802 0)
(2.01543 0.0461482 0)
(2.02483 0.0530132 0)
(2.03998 0.0538689 0)
(2.05537 0.0508883 0)
(2.07004 0.0449405 0)
(2.08266 0.0382895 0)
(2.09118 0.0332059 0)
(2.09602 0.0347821 0)
(2.10267 0.0436985 0)
(2.1152 0.0523747 0)
(2.13126 0.0564745 0)
(2.14748 0.0579015 0)
(2.16336 0.0564911 0)
(2.17833 0.052741 0)
(2.18977 0.0479344 0)
(2.19436 0.0447334 0)
(2.19523 0.046527 0)
(2.20054 0.0522636 0)
(2.21327 0.0585587 0)
(2.22791 0.0633049 0)
(2.24409 0.0658483 0)
(2.25835 0.0671727 0)
(2.28277 0.0671082 0)
(1.532 0.891915 0)
(1.73313 0.825794 0)
(1.89678 0.749609 0)
(2.02598 0.681413 0)
(2.18663 0.540503 0)
(2.3119 0.389405 0)
(2.38576 0.325142 0)
(2.4428 0.228007 0)
(2.51515 0.070182 0)
(2.55838 0.0115384 0)
(2.60028 -0.0251746 0)
(2.64674 -0.154875 0)
(2.65718 -0.25139 0)
(2.67569 -0.276186 0)
(2.71377 -0.329524 0)
(2.73318 -0.390076 0)
(2.71864 -0.434533 0)
(2.70988 -0.446082 0)
(2.72471 -0.427235 0)
(2.72084 -0.403655 0)
(2.70825 -0.390514 0)
(2.68461 -0.347376 0)
(2.66887 -0.296707 0)
(2.64204 -0.208799 0)
(2.63417 -0.172761 0)
(2.62676 -0.0994044 0)
(2.60284 -0.089022 0)
(2.45815 -0.217107 0)
(2.12411 -0.511882 0)
(2.02223 -0.534901 0)
(2.00739 -0.645526 0)
(1.96065 -0.595659 0)
(1.72455 -0.340028 0)
(1.60232 -0.156876 0)
(1.56499 -0.0968403 0)
(1.55801 -0.0697914 0)
(1.56697 -0.066506 0)
(1.58455 -0.0738555 0)
(1.6036 -0.0812733 0)
(1.62924 -0.0782463 0)
(1.64249 -0.071163 0)
(1.65174 -0.0652556 0)
(1.65503 -0.0534426 0)
(1.65701 -0.0420039 0)
(1.67005 -0.0387744 0)
(1.68721 -0.0365166 0)
(1.71084 -0.0322039 0)
(1.72905 -0.0290041 0)
(1.74433 -0.0255203 0)
(1.75517 -0.0174318 0)
(1.75991 -0.00718192 0)
(1.77081 -0.00237139 0)
(1.78667 -0.00103838 0)
(1.80425 0.00208197 0)
(1.82249 0.00598919 0)
(1.83832 0.00811584 0)
(1.85346 0.0114509 0)
(1.86333 0.0178399 0)
(1.8686 0.0227781 0)
(1.8796 0.0210826 0)
(1.89528 0.0171715 0)
(1.91109 0.0147882 0)
(1.92741 0.0145962 0)
(1.94448 0.0170764 0)
(1.96056 0.0204664 0)
(1.97321 0.0267308 0)
(1.97869 0.0339258 0)
(1.98456 0.0362758 0)
(1.99713 0.0352667 0)
(2.01253 0.03536 0)
(2.02778 0.0365918 0)
(2.0422 0.0389012 0)
(2.05496 0.0438873 0)
(2.06259 0.0531208 0)
(2.06586 0.063259 0)
(2.07316 0.0659454 0)
(2.08568 0.0625819 0)
(2.09847 0.0572662 0)
(2.10992 0.0514673 0)
(2.12051 0.047722 0)
(2.13208 0.0491426 0)
(2.14421 0.0565027 0)
(2.15464 0.0678011 0)
(2.16381 0.076763 0)
(2.1758 0.0784621 0)
(2.18961 0.0753869 0)
(2.20206 0.0693382 0)
(2.21136 0.062017 0)
(2.21816 0.057147 0)
(2.22521 0.0584857 0)
(2.23366 0.0665206 0)
(2.24308 0.076458 0)
(2.25393 0.0846479 0)
(2.26719 0.0871713 0)
(2.28011 0.0863094 0)
(2.29897 0.0848379 0)
(1.52139 0.860664 0)
(1.68329 0.816987 0)
(1.8246 0.766012 0)
(1.95076 0.701623 0)
(2.09099 0.599772 0)
(2.22122 0.478912 0)
(2.30494 0.399632 0)
(2.35406 0.330154 0)
(2.41908 0.228005 0)
(2.49581 0.117037 0)
(2.5461 0.0385737 0)
(2.57101 -0.00176163 0)
(2.58927 -0.0682451 0)
(2.61983 -0.141386 0)
(2.6502 -0.176432 0)
(2.6726 -0.199415 0)
(2.67598 -0.262971 0)
(2.67457 -0.33719 0)
(2.69125 -0.346824 0)
(2.7128 -0.351777 0)
(2.71293 -0.357064 0)
(2.70777 -0.365493 0)
(2.70491 -0.374051 0)
(2.69362 -0.350223 0)
(2.67667 -0.318278 0)
(2.65412 -0.260696 0)
(2.52583 -0.359366 0)
(2.23406 -0.578481 0)
(2.05265 -0.727393 0)
(1.99675 -0.708452 0)
(2.00535 -0.696294 0)
(2.01738 -0.665149 0)
(1.97288 -0.580993 0)
(1.80447 -0.360998 0)
(1.66193 -0.18388 0)
(1.58822 -0.110698 0)
(1.58169 -0.0687482 0)
(1.59773 -0.0648399 0)
(1.62132 -0.0710083 0)
(1.65446 -0.0744481 0)
(1.67343 -0.0705293 0)
(1.68345 -0.0673873 0)
(1.68959 -0.0614367 0)
(1.68887 -0.047518 0)
(1.69491 -0.0342187 0)
(1.71031 -0.0297029 0)
(1.7316 -0.0270648 0)
(1.75443 -0.0270306 0)
(1.77134 -0.0257807 0)
(1.78505 -0.0224088 0)
(1.79274 -0.0111495 0)
(1.79736 0.00530984 0)
(1.81096 0.0135519 0)
(1.82742 0.015859 0)
(1.84573 0.0141324 0)
(1.86302 0.0109293 0)
(1.87954 0.0103827 0)
(1.89292 0.0126168 0)
(1.90021 0.0209379 0)
(1.90537 0.0312729 0)
(1.91934 0.0351644 0)
(1.93585 0.0355002 0)
(1.95428 0.033933 0)
(1.97171 0.0314338 0)
(1.98725 0.0307879 0)
(2.00073 0.0320222 0)
(2.00651 0.0386232 0)
(2.00556 0.050069 0)
(2.01513 0.0579313 0)
(2.03094 0.0606043 0)
(2.04752 0.0607436 0)
(2.06433 0.0601185 0)
(2.0796 0.0602984 0)
(2.09149 0.0618678 0)
(2.09783 0.0672575 0)
(2.09959 0.073417 0)
(2.10616 0.0731571 0)
(2.11829 0.0694201 0)
(2.13169 0.0665592 0)
(2.14672 0.0665126 0)
(2.16224 0.0690529 0)
(2.177 0.0731672 0)
(2.18953 0.0788595 0)
(2.19554 0.085231 0)
(2.1997 0.087295 0)
(2.20873 0.0837692 0)
(2.21952 0.0781729 0)
(2.22995 0.0735039 0)
(2.24116 0.0725863 0)
(2.25316 0.0755487 0)
(2.26419 0.0817162 0)
(2.2731 0.0908696 0)
(2.28015 0.100984 0)
(2.28801 0.103483 0)
(2.2969 0.100339 0)
(2.31048 0.0962243 0)
(1.51821 0.846607 0)
(1.64966 0.816088 0)
(1.76343 0.785301 0)
(1.90004 0.712746 0)
(2.03831 0.606311 0)
(2.11453 0.562218 0)
(2.17521 0.513125 0)
(2.28984 0.387594 0)
(2.37393 0.274858 0)
(2.4046 0.247214 0)
(2.45448 0.172736 0)
(2.50113 0.0973533 0)
(2.53728 0.050265 0)
(2.58399 -0.0388147 0)
(2.60578 -0.120717 0)
(2.62704 -0.143511 0)
(2.64709 -0.157527 0)
(2.66621 -0.238006 0)
(2.66988 -0.310771 0)
(2.68283 -0.322208 0)
(2.71106 -0.355004 0)
(2.72138 -0.379628 0)
(2.72293 -0.379779 0)
(2.71294 -0.383501 0)
(2.69768 -0.394696 0)
(2.57646 -0.508356 0)
(2.31555 -0.755788 0)
(2.11147 -0.890719 0)
(2.07774 -0.899029 0)
(2.03031 -0.83383 0)
(2.01564 -0.745334 0)
(2.0319 -0.691727 0)
(2.03771 -0.670975 0)
(1.99843 -0.60008 0)
(1.85459 -0.403088 0)
(1.71543 -0.219865 0)
(1.63139 -0.116395 0)
(1.62348 -0.0673362 0)
(1.64537 -0.0579545 0)
(1.66968 -0.0620467 0)
(1.68994 -0.0668354 0)
(1.70288 -0.0677123 0)
(1.71257 -0.0658703 0)
(1.71761 -0.0554481 0)
(1.72014 -0.034499 0)
(1.72807 -0.0184033 0)
(1.74375 -0.0143457 0)
(1.76382 -0.0138046 0)
(1.7861 -0.0162422 0)
(1.80256 -0.014981 0)
(1.81627 -0.00756222 0)
(1.82473 0.00675268 0)
(1.82734 0.021922 0)
(1.83728 0.02611 0)
(1.85439 0.0255199 0)
(1.87334 0.0234419 0)
(1.89303 0.0196759 0)
(1.90944 0.0196284 0)
(1.92414 0.024681 0)
(1.93319 0.0369535 0)
(1.93738 0.0498941 0)
(1.9511 0.0535124 0)
(1.96825 0.0529379 0)
(1.98526 0.0492956 0)
(2.0002 0.0466484 0)
(2.0148 0.0463119 0)
(2.02628 0.0494337 0)
(2.0319 0.0605606 0)
(2.03192 0.0736899 0)
(2.03634 0.0775807 0)
(2.05276 0.0780972 0)
(2.07084 0.077192 0)
(2.08825 0.0731832 0)
(2.10412 0.0697905 0)
(2.11625 0.0677947 0)
(2.12175 0.0728859 0)
(2.12353 0.0829623 0)
(2.13286 0.0899728 0)
(2.14714 0.0927652 0)
(2.16208 0.094761 0)
(2.1776 0.0955445 0)
(2.19386 0.0947654 0)
(2.20717 0.0927541 0)
(2.21282 0.0926883 0)
(2.21279 0.0954411 0)
(2.21571 0.0972633 0)
(2.2262 0.096848 0)
(2.24027 0.0972454 0)
(2.25441 0.0990561 0)
(2.26864 0.102929 0)
(2.28236 0.107554 0)
(2.29258 0.112932 0)
(2.29712 0.117874 0)
(2.29879 0.115593 0)
(2.30143 0.111469 0)
(2.31688 0.109047 0)
(1.51948 0.83375 0)
(1.62733 0.815556 0)
(1.73483 0.782199 0)
(1.86497 0.71245 0)
(1.96386 0.653892 0)
(2.02691 0.624428 0)
(2.12649 0.546886 0)
(2.23815 0.425845 0)
(2.29898 0.368764 0)
(2.31836 0.346582 0)
(2.38795 0.263693 0)
(2.4549 0.152416 0)
(2.49644 0.115201 0)
(2.49876 0.102243 0)
(2.53604 0.0252847 0)
(2.57076 -0.0620804 0)
(2.60438 -0.0923176 0)
(2.61487 -0.0974923 0)
(2.62846 -0.163297 0)
(2.64133 -0.209883 0)
(2.66641 -0.24131 0)
(2.69532 -0.247298 0)
(2.69584 -0.281811 0)
(2.67164 -0.34552 0)
(2.56902 -0.498499 0)
(2.34054 -0.775065 0)
(2.11082 -0.950228 0)
(2.08988 -0.982119 0)
(2.08256 -0.970694 0)
(2.07203 -0.93887 0)
(2.06953 -0.898021 0)
(2.07031 -0.851285 0)
(2.07727 -0.821172 0)
(2.08109 -0.798875 0)
(2.05743 -0.728306 0)
(1.95093 -0.528628 0)
(1.81529 -0.295347 0)
(1.71535 -0.134603 0)
(1.68795 -0.0603192 0)
(1.68834 -0.0515551 0)
(1.70004 -0.051218 0)
(1.71478 -0.056402 0)
(1.73105 -0.0586662 0)
(1.7423 -0.0569729 0)
(1.75173 -0.0438917 0)
(1.75707 -0.0203382 0)
(1.76211 -0.00339162 0)
(1.7768 0.000374536 0)
(1.79283 -0.000436235 0)
(1.81486 -0.00320627 0)
(1.83249 -0.00266461 0)
(1.84718 0.00272019 0)
(1.85456 0.015123 0)
(1.85548 0.0299484 0)
(1.86727 0.0354769 0)
(1.88391 0.0362282 0)
(1.90379 0.0348021 0)
(1.92594 0.0345433 0)
(1.94269 0.0359481 0)
(1.95724 0.0397675 0)
(1.96393 0.0511321 0)
(1.96504 0.0645627 0)
(1.97488 0.0680932 0)
(1.99143 0.0677568 0)
(2.00892 0.0654561 0)
(2.02702 0.0628343 0)
(2.04222 0.0637633 0)
(2.05498 0.066932 0)
(2.05809 0.0738619 0)
(2.05415 0.0848422 0)
(2.06122 0.0904067 0)
(2.07544 0.0906268 0)
(2.09111 0.0883989 0)
(2.10754 0.0858276 0)
(2.12362 0.0846142 0)
(2.13828 0.085583 0)
(2.14791 0.0944968 0)
(2.15195 0.108641 0)
(2.15724 0.116725 0)
(2.16938 0.116982 0)
(2.18378 0.113873 0)
(2.19749 0.109342 0)
(2.20992 0.102902 0)
(2.22012 0.0962812 0)
(2.22697 0.0946685 0)
(2.23334 0.100764 0)
(2.24279 0.110239 0)
(2.25569 0.117822 0)
(2.26916 0.123835 0)
(2.28206 0.128918 0)
(2.29474 0.1315 0)
(2.30452 0.131774 0)
(2.30342 0.127697 0)
(2.2999 0.120537 0)
(2.30759 0.116875 0)
(2.32779 0.120762 0)
(1.51883 0.831456 0)
(1.61311 0.815595 0)
(1.71685 0.779967 0)
(1.82284 0.727037 0)
(1.90063 0.697632 0)
(1.98124 0.653761 0)
(2.09426 0.562123 0)
(2.17559 0.480222 0)
(2.21336 0.461894 0)
(2.26165 0.412505 0)
(2.34342 0.316376 0)
(2.39758 0.242721 0)
(2.43328 0.209575 0)
(2.46168 0.163239 0)
(2.49116 0.103602 0)
(2.52437 0.0368229 0)
(2.55557 -0.00846381 0)
(2.58251 -0.0350435 0)
(2.60058 -0.0750844 0)
(2.62046 -0.135972 0)
(2.64426 -0.168204 0)
(2.67271 -0.196209 0)
(2.64311 -0.275935 0)
(2.56293 -0.416598 0)
(2.28861 -0.720176 0)
(2.1291 -0.887218 0)
(2.07628 -0.950176 0)
(2.09133 -0.955785 0)
(2.11068 -0.953615 0)
(2.11469 -0.948096 0)
(2.10663 -0.93904 0)
(2.1007 -0.924944 0)
(2.10195 -0.918246 0)
(2.11234 -0.908009 0)
(2.1246 -0.891692 0)
(2.1243 -0.846797 0)
(2.05326 -0.678103 0)
(1.90734 -0.39516 0)
(1.81254 -0.181613 0)
(1.72687 -0.0705686 0)
(1.71453 -0.0343115 0)
(1.71767 -0.0365543 0)
(1.73501 -0.0423518 0)
(1.76335 -0.0436816 0)
(1.77779 -0.0385903 0)
(1.7884 -0.0262183 0)
(1.7903 -0.00218792 0)
(1.79253 0.0118986 0)
(1.80733 0.0146748 0)
(1.82434 0.0138081 0)
(1.84714 0.0093526 0)
(1.86368 0.00844549 0)
(1.87781 0.0133602 0)
(1.8835 0.02893 0)
(1.88524 0.0461351 0)
(1.89884 0.051551 0)
(1.91583 0.0534014 0)
(1.93791 0.0523837 0)
(1.9565 0.0499629 0)
(1.97224 0.0500459 0)
(1.9843 0.05427 0)
(1.98826 0.065459 0)
(1.99014 0.0787677 0)
(2.00197 0.0841009 0)
(2.01778 0.0856007 0)
(2.03431 0.0847469 0)
(2.05144 0.0811285 0)
(2.06677 0.0791417 0)
(2.07734 0.078768 0)
(2.07787 0.0873585 0)
(2.07809 0.100081 0)
(2.08817 0.106047 0)
(2.10408 0.107931 0)
(2.11952 0.108804 0)
(2.13668 0.109084 0)
(2.15244 0.109419 0)
(2.16777 0.111305 0)
(2.17706 0.115796 0)
(2.17816 0.122747 0)
(2.18087 0.126553 0)
(2.19025 0.125056 0)
(2.20117 0.120625 0)
(2.21209 0.115923 0)
(2.22472 0.113243 0)
(2.23964 0.113319 0)
(2.25419 0.117374 0)
(2.26666 0.127979 0)
(2.27622 0.139725 0)
(2.28469 0.147744 0)
(2.29347 0.150358 0)
(2.30035 0.148575 0)
(2.30263 0.141857 0)
(2.30063 0.134041 0)
(2.30494 0.131721 0)
(2.31744 0.133235 0)
(2.33715 0.139372 0)
(1.52037 0.825105 0)
(1.60657 0.810042 0)
(1.69886 0.780792 0)
(1.78957 0.744358 0)
(1.86719 0.716001 0)
(1.95656 0.665251 0)
(2.04986 0.588633 0)
(2.11078 0.544326 0)
(2.15154 0.523352 0)
(2.22687 0.455138 0)
(2.30472 0.355417 0)
(2.34929 0.311901 0)
(2.37365 0.294337 0)
(2.41862 0.231789 0)
(2.45698 0.167159 0)
(2.48688 0.123749 0)
(2.51783 0.0754796 0)
(2.54659 0.0227281 0)
(2.56723 -0.00846605 0)
(2.58779 -0.0244511 0)
(2.60531 -0.0586826 0)
(2.58801 -0.138779 0)
(2.53011 -0.287209 0)
(2.26559 -0.59545 0)
(2.10616 -0.768049 0)
(2.0521 -0.857375 0)
(2.07097 -0.862255 0)
(2.09151 -0.868463 0)
(2.11104 -0.885804 0)
(2.12312 -0.903643 0)
(2.12671 -0.911025 0)
(2.11614 -0.907855 0)
(2.12393 -0.906059 0)
(2.13165 -0.909411 0)
(2.14304 -0.908283 0)
(2.16371 -0.907559 0)
(2.17566 -0.886826 0)
(2.14833 -0.804807 0)
(2.03393 -0.566776 0)
(1.90434 -0.305888 0)
(1.78449 -0.127281 0)
(1.74475 -0.0268118 0)
(1.74179 -0.0253957 0)
(1.77091 -0.0275602 0)
(1.79959 -0.0225204 0)
(1.81147 -0.0195081 0)
(1.82044 -0.00607946 0)
(1.81719 0.0153994 0)
(1.82343 0.0263835 0)
(1.83864 0.0279997 0)
(1.85752 0.0265704 0)
(1.87876 0.0230945 0)
(1.89432 0.0236078 0)
(1.90851 0.0291715 0)
(1.91534 0.0455445 0)
(1.91825 0.0634647 0)
(1.9301 0.0698485 0)
(1.94537 0.0704891 0)
(1.96161 0.068579 0)
(1.97941 0.0657383 0)
(1.99552 0.0643585 0)
(2.00833 0.0673643 0)
(2.01495 0.0803337 0)
(2.01788 0.096132 0)
(2.02631 0.102202 0)
(2.04092 0.102244 0)
(2.0558 0.0995457 0)
(2.07026 0.0956829 0)
(2.08415 0.0927829 0)
(2.09566 0.0931705 0)
(2.10296 0.103042 0)
(2.10701 0.119639 0)
(2.11247 0.131771 0)
(2.12559 0.136301 0)
(2.1418 0.13743 0)
(2.15865 0.135693 0)
(2.17506 0.130717 0)
(2.18973 0.127927 0)
(2.19737 0.128111 0)
(2.1959 0.132514 0)
(2.19822 0.135085 0)
(2.20843 0.134901 0)
(2.22282 0.134768 0)
(2.23777 0.136394 0)
(2.25388 0.141901 0)
(2.26897 0.149084 0)
(2.2819 0.153816 0)
(2.29386 0.157189 0)
(2.29888 0.159208 0)
(2.29961 0.157732 0)
(2.30131 0.153711 0)
(2.30284 0.149224 0)
(2.30512 0.149125 0)
(2.31716 0.154821 0)
(2.32952 0.159313 0)
(2.34829 0.166191 0)
(1.52091 0.826888 0)
(1.59795 0.813307 0)
(1.68111 0.78835 0)
(1.76522 0.758222 0)
(1.83779 0.732722 0)
(1.91954 0.6885 0)
(2.00334 0.625411 0)
(2.06264 0.592414 0)
(2.11328 0.559361 0)
(2.19176 0.489027 0)
(2.25611 0.40985 0)
(2.28983 0.389679 0)
(2.31564 0.365478 0)
(2.38037 0.290045 0)
(2.42702 0.206136 0)
(2.45576 0.183958 0)
(2.46213 0.173289 0)
(2.49656 0.120879 0)
(2.53865 0.06009 0)
(2.56694 0.0273651 0)
(2.54188 -0.062183 0)
(2.46309 -0.221733 0)
(2.2546 -0.505147 0)
(2.09132 -0.678806 0)
(2.02401 -0.769791 0)
(2.03611 -0.768291 0)
(2.05706 -0.785996 0)
(2.07778 -0.803333 0)
(2.09852 -0.827623 0)
(2.11583 -0.847742 0)
(2.13021 -0.866887 0)
(2.13162 -0.880716 0)
(2.12785 -0.886412 0)
(2.14077 -0.884328 0)
(2.15996 -0.880285 0)
(2.18055 -0.882301 0)
(2.19489 -0.887381 0)
(2.21096 -0.891563 0)
(2.2081 -0.861914 0)
(2.15041 -0.724735 0)
(2.02777 -0.482932 0)
(1.87231 -0.212577 0)
(1.801 -0.0715219 0)
(1.80109 -0.0128477 0)
(1.81562 -0.00861423 0)
(1.83155 -0.00422025 0)
(1.84632 -0.00211084 0)
(1.84894 0.00893232 0)
(1.84781 0.031644 0)
(1.85639 0.0416734 0)
(1.87091 0.0433234 0)
(1.89025 0.0421074 0)
(1.91091 0.0414785 0)
(1.9272 0.043485 0)
(1.94148 0.0501798 0)
(1.94883 0.0655671 0)
(1.94984 0.0800575 0)
(1.95862 0.0836242 0)
(1.97345 0.0838201 0)
(1.98875 0.0835075 0)
(2.00471 0.0836051 0)
(2.02063 0.0848993 0)
(2.03474 0.0885127 0)
(2.04303 0.0987674 0)
(2.04483 0.111297 0)
(2.05054 0.11549 0)
(2.0627 0.115269 0)
(2.07611 0.114698 0)
(2.09065 0.115309 0)
(2.10651 0.11701 0)
(2.12176 0.119823 0)
(2.13297 0.127147 0)
(2.13823 0.140257 0)
(2.14414 0.150881 0)
(2.15577 0.154172 0)
(2.16874 0.153429 0)
(2.18168 0.149426 0)
(2.19439 0.143694 0)
(2.20531 0.138136 0)
(2.21064 0.136612 0)
(2.21133 0.144361 0)
(2.21786 0.154365 0)
(2.23102 0.161577 0)
(2.24498 0.167292 0)
(2.2599 0.171899 0)
(2.27523 0.17445 0)
(2.28912 0.175672 0)
(2.29833 0.175595 0)
(2.30156 0.171601 0)
(2.30226 0.165793 0)
(2.30396 0.161454 0)
(2.3087 0.162021 0)
(2.32071 0.16972 0)
(2.32989 0.182155 0)
(2.33917 0.193391 0)
(2.3598 0.196907 0)
(1.5296 0.823491 0)
(1.59815 0.811583 0)
(1.67674 0.787894 0)
(1.74785 0.768542 0)
(1.81463 0.745325 0)
(1.89923 0.695958 0)
(1.97193 0.648616 0)
(2.0187 0.63261 0)
(2.07885 0.591737 0)
(2.16144 0.513106 0)
(2.2174 0.456371 0)
(2.24725 0.445452 0)
(2.28108 0.410997 0)
(2.34279 0.338377 0)
(2.387 0.273516 0)
(2.41919 0.244609 0)
(2.43827 0.223399 0)
(2.47525 0.175903 0)
(2.49938 0.138525 0)
(2.48276 0.0489496 0)
(2.39312 -0.132582 0)
(2.18239 -0.438446 0)
(2.07457 -0.601563 0)
(2.03527 -0.682083 0)
(2.03141 -0.677476 0)
(2.02781 -0.691185 0)
(2.04234 -0.716309 0)
(2.06313 -0.739454 0)
(2.08361 -0.763149 0)
(2.10331 -0.780937 0)
(2.12206 -0.795073 0)
(2.13488 -0.805852 0)
(2.1318 -0.811311 0)
(2.13832 -0.824021 0)
(2.15738 -0.837154 0)
(2.18043 -0.849127 0)
(2.20356 -0.85551 0)
(2.22327 -0.862949 0)
(2.24088 -0.867097 0)
(2.24945 -0.862218 0)
(2.23521 -0.80135 0)
(2.14816 -0.629069 0)
(2.01768 -0.376382 0)
(1.89757 -0.136442 0)
(1.86305 -0.0233013 0)
(1.86688 -0.00659217 0)
(1.86951 0.00712865 0)
(1.87947 0.0178573 0)
(1.88133 0.0266092 0)
(1.88339 0.0483019 0)
(1.89411 0.0580076 0)
(1.90823 0.0593625 0)
(1.92784 0.0592925 0)
(1.94694 0.0605914 0)
(1.96247 0.0621088 0)
(1.97543 0.0677542 0)
(1.97843 0.0820927 0)
(1.97583 0.0962182 0)
(1.98548 0.099785 0)
(2.00083 0.100684 0)
(2.01703 0.101839 0)
(2.03439 0.103491 0)
(2.0499 0.104783 0)
(2.06301 0.107667 0)
(2.06777 0.116252 0)
(2.06509 0.127543 0)
(2.07167 0.132133 0)
(2.08698 0.133981 0)
(2.10354 0.135555 0)
(2.12127 0.137622 0)
(2.13794 0.139466 0)
(2.1526 0.141753 0)
(2.16159 0.148134 0)
(2.16367 0.158549 0)
(2.16652 0.165267 0)
(2.17524 0.165665 0)
(2.18652 0.163427 0)
(2.19786 0.160164 0)
(2.2089 0.157182 0)
(2.22102 0.156575 0)
(2.23211 0.15959 0)
(2.24101 0.16893 0)
(2.24923 0.178951 0)
(2.26037 0.184128 0)
(2.27377 0.186292 0)
(2.287 0.1882 0)
(2.2972 0.189196 0)
(2.30179 0.18769 0)
(2.3022 0.182504 0)
(2.30442 0.177439 0)
(2.31408 0.176089 0)
(2.32714 0.179858 0)
(2.33909 0.191122 0)
(2.35029 0.202232 0)
(2.35965 0.212874 0)
(2.37307 0.216391 0)
(1.53531 0.837391 0)
(1.59712 0.82246 0)
(1.66505 0.801804 0)
(1.72802 0.784197 0)
(1.79501 0.757037 0)
(1.87016 0.713597 0)
(1.92915 0.685148 0)
(1.98004 0.663237 0)
(2.05481 0.609665 0)
(2.1227 0.541193 0)
(2.16175 0.517981 0)
(2.1874 0.505654 0)
(2.25426 0.44498 0)
(2.3131 0.364755 0)
(2.34864 0.330842 0)
(2.36081 0.330099 0)
(2.40596 0.286875 0)
(2.43686 0.233422 0)
(2.41971 0.123097 0)
(2.32345 -0.0675748 0)
(2.09708 -0.350833 0)
(2.02635 -0.492468 0)
(2.01192 -0.587844 0)
(2.02462 -0.601592 0)
(2.03252 -0.610358 0)
(2.02555 -0.630512 0)
(2.02982 -0.656316 0)
(2.0491 -0.678639 0)
(2.07064 -0.702261 0)
(2.09229 -0.723671 0)
(2.11306 -0.743048 0)
(2.13147 -0.760755 0)
(2.14417 -0.771066 0)
(2.14778 -0.773637 0)
(2.15718 -0.778065 0)
(2.17716 -0.785425 0)
(2.20002 -0.791964 0)
(2.22149 -0.799607 0)
(2.24327 -0.812876 0)
(2.26001 -0.82754 0)
(2.27287 -0.83105 0)
(2.2711 -0.800861 0)
(2.24812 -0.722803 0)
(2.15754 -0.544332 0)
(2.02477 -0.269064 0)
(1.96615 -0.110461 0)
(1.92531 -0.0175032 0)
(1.91568 0.0188939 0)
(1.91396 0.0358011 0)
(1.92085 0.0501341 0)
(1.92228 0.066044 0)
(1.93529 0.0735652 0)
(1.95128 0.0751254 0)
(1.97007 0.0754208 0)
(1.98584 0.0777982 0)
(1.99993 0.0807168 0)
(2.00765 0.087888 0)
(2.00526 0.102177 0)
(2.00558 0.113327 0)
(2.01816 0.116998 0)
(2.03369 0.119545 0)
(2.04919 0.121962 0)
(2.06489 0.123035 0)
(2.07948 0.123602 0)
(2.08836 0.125512 0)
(2.08811 0.133321 0)
(2.08862 0.144694 0)
(2.09941 0.151641 0)
(2.11408 0.155533 0)
(2.12948 0.15818 0)
(2.14526 0.16006 0)
(2.16146 0.162068 0)
(2.17501 0.164809 0)
(2.18047 0.170333 0)
(2.1793 0.1766 0)
(2.18318 0.178704 0)
(2.19431 0.178477 0)
(2.20741 0.17823 0)
(2.22156 0.179422 0)
(2.23639 0.182264 0)
(2.24999 0.186375 0)
(2.26161 0.191395 0)
(2.26869 0.196434 0)
(2.27337 0.199589 0)
(2.28145 0.200415 0)
(2.29193 0.199965 0)
(2.30113 0.199087 0)
(2.30583 0.197732 0)
(2.30826 0.197407 0)
(2.3171 0.198531 0)
(2.32871 0.202202 0)
(2.34173 0.209983 0)
(2.35473 0.215639 0)
(2.36749 0.220385 0)
(2.3767 0.225916 0)
(2.38062 0.225865 0)
(1.55444 0.840301 0)
(1.60958 0.822438 0)
(1.66751 0.805124 0)
(1.72189 0.789405 0)
(1.78575 0.761203 0)
(1.85403 0.724849 0)
(1.90806 0.704723 0)
(1.96015 0.678527 0)
(2.02928 0.627635 0)
(2.08839 0.575422 0)
(2.12289 0.562661 0)
(2.1637 0.531329 0)
(2.2286 0.467639 0)
(2.27681 0.408048 0)
(2.30223 0.402605 0)
(2.33583 0.376845 0)
(2.3654 0.318716 0)
(2.34274 0.183596 0)
(2.25232 -0.0463219 0)
(2.03858 -0.287894 0)
(1.95596 -0.403759 0)
(1.96644 -0.495192 0)
(1.98156 -0.520584 0)
(2.0059 -0.547759 0)
(2.02176 -0.568924 0)
(2.0285 -0.585518 0)
(2.02474 -0.601551 0)
(2.03761 -0.622785 0)
(2.06043 -0.643966 0)
(2.08322 -0.665054 0)
(2.10502 -0.68269 0)
(2.12647 -0.698713 0)
(2.14471 -0.712759 0)
(2.15529 -0.719895 0)
(2.16168 -0.721349 0)
(2.17723 -0.727932 0)
(2.20038 -0.737831 0)
(2.22434 -0.750114 0)
(2.24655 -0.760686 0)
(2.26756 -0.766979 0)
(2.28647 -0.779628 0)
(2.30101 -0.781687 0)
(2.3041 -0.771439 0)
(2.30278 -0.74572 0)
(2.27101 -0.653362 0)
(2.18967 -0.464596 0)
(2.05429 -0.199033 0)
(2.01932 -0.0613534 0)
(1.97859 0.011742 0)
(1.96387 0.0496517 0)
(1.95487 0.074174 0)
(1.96262 0.0910906 0)
(1.98011 0.0920999 0)
(1.99727 0.0896754 0)
(2.01562 0.0914456 0)
(2.02967 0.0945539 0)
(2.03852 0.099597 0)
(2.03889 0.109333 0)
(2.0372 0.120668 0)
(2.04594 0.127601 0)
(2.05924 0.131976 0)
(2.07343 0.136174 0)
(2.08715 0.140469 0)
(2.0993 0.143692 0)
(2.10848 0.145686 0)
(2.11195 0.148586 0)
(2.11303 0.155021 0)
(2.11998 0.162543 0)
(2.13213 0.168611 0)
(2.14582 0.173739 0)
(2.15977 0.178191 0)
(2.1734 0.182038 0)
(2.18548 0.185236 0)
(2.19421 0.187347 0)
(2.19561 0.188043 0)
(2.19736 0.186929 0)
(2.20856 0.186825 0)
(2.22377 0.189187 0)
(2.2386 0.194555 0)
(2.25158 0.202293 0)
(2.26285 0.209588 0)
(2.27151 0.214939 0)
(2.27692 0.217918 0)
(2.28181 0.218302 0)
(2.2889 0.215885 0)
(2.29725 0.21246 0)
(2.30502 0.21051 0)
(2.31183 0.210854 0)
(2.31801 0.217003 0)
(2.32746 0.228656 0)
(2.33986 0.236184 0)
(2.35227 0.240522 0)
(2.36299 0.240045 0)
(2.37652 0.237923 0)
(2.3846 0.235367 0)
(2.38568 0.23581 0)
(1.57222 0.859046 0)
(1.61953 0.839014 0)
(1.66487 0.825111 0)
(1.7151 0.806376 0)
(1.77824 0.773556 0)
(1.83609 0.744533 0)
(1.88043 0.730875 0)
(1.9352 0.70094 0)
(2.00484 0.646756 0)
(2.05289 0.6136 0)
(2.0842 0.602734 0)
(2.1382 0.561249 0)
(2.20061 0.495285 0)
(2.24227 0.463246 0)
(2.26255 0.456989 0)
(2.28876 0.400652 0)
(2.24664 0.247595 0)
(2.14381 -0.0177328 0)
(2.01369 -0.265749 0)
(1.9079 -0.357804 0)
(1.92205 -0.407314 0)
(1.9395 -0.422397 0)
(1.96463 -0.453788 0)
(1.98892 -0.493747 0)
(2.00741 -0.522804 0)
(2.02462 -0.542518 0)
(2.03187 -0.558548 0)
(2.03514 -0.573746 0)
(2.05357 -0.592805 0)
(2.07731 -0.611595 0)
(2.10111 -0.631482 0)
(2.12353 -0.648976 0)
(2.14459 -0.663257 0)
(2.1617 -0.675752 0)
(2.17394 -0.682685 0)
(2.18721 -0.687736 0)
(2.208 -0.690264 0)
(2.23071 -0.695097 0)
(2.25268 -0.706341 0)
(2.27366 -0.715595 0)
(2.29374 -0.719998 0)
(2.31286 -0.724835 0)
(2.31909 -0.734416 0)
(2.33417 -0.721165 0)
(2.34229 -0.720666 0)
(2.34688 -0.696084 0)
(2.3058 -0.584531 0)
(2.22488 -0.376386 0)
(2.11095 -0.143907 0)
(2.06872 -0.0209018 0)
(2.02271 0.0462719 0)
(2.00387 0.0923886 0)
(2.00645 0.10422 0)
(2.02448 0.10642 0)
(2.04666 0.108624 0)
(2.06163 0.112214 0)
(2.07174 0.115711 0)
(2.07324 0.121944 0)
(2.07226 0.133699 0)
(2.07922 0.140065 0)
(2.09068 0.142506 0)
(2.10391 0.146425 0)
(2.11728 0.153218 0)
(2.12809 0.161309 0)
(2.13482 0.167261 0)
(2.13739 0.169978 0)
(2.13917 0.172061 0)
(2.14518 0.174678 0)
(2.15575 0.177911 0)
(2.16866 0.182482 0)
(2.18216 0.188946 0)
(2.19467 0.196849 0)
(2.20448 0.204528 0)
(2.20884 0.209565 0)
(2.20678 0.210694 0)
(2.21163 0.209499 0)
(2.2251 0.210037 0)
(2.23855 0.211214 0)
(2.2531 0.213002 0)
(2.26793 0.215738 0)
(2.28098 0.220736 0)
(2.28871 0.227868 0)
(2.28896 0.233697 0)
(2.28864 0.234358 0)
(2.2935 0.230971 0)
(2.30251 0.227849 0)
(2.31483 0.226307 0)
(2.32859 0.22753 0)
(2.34031 0.234003 0)
(2.35015 0.246744 0)
(2.3566 0.26073 0)
(2.36081 0.267342 0)
(2.36834 0.266648 0)
(2.37723 0.259037 0)
(2.38341 0.247123 0)
(2.39067 0.24408 0)
(1.59818 0.86794 0)
(1.63704 0.851825 0)
(1.67513 0.837451 0)
(1.72495 0.812064 0)
(1.78232 0.780431 0)
(1.82662 0.764615 0)
(1.86533 0.748749 0)
(1.92601 0.710437 0)
(1.98891 0.661186 0)
(2.02599 0.647141 0)
(2.06052 0.629348 0)
(2.12359 0.577051 0)
(2.17784 0.527478 0)
(2.20087 0.520647 0)
(2.20611 0.45081 0)
(2.16206 0.297002 0)
(2.00658 0.0195551 0)
(1.9188 -0.211129 0)
(1.89035 -0.329298 0)
(1.89691 -0.356103 0)
(1.91414 -0.354545 0)
(1.92542 -0.372409 0)
(1.94486 -0.400759 0)
(1.97001 -0.441479 0)
(1.99281 -0.479415 0)
(2.01571 -0.504929 0)
(2.03446 -0.52466 0)
(2.04506 -0.537633 0)
(2.05614 -0.550709 0)
(2.0756 -0.56445 0)
(2.09947 -0.580548 0)
(2.1231 -0.597296 0)
(2.14584 -0.61192 0)
(2.1672 -0.62349 0)
(2.1851 -0.629825 0)
(2.19813 -0.635048 0)
(2.21474 -0.637641 0)
(2.23615 -0.641369 0)
(2.25827 -0.647864 0)
(2.27997 -0.655912 0)
(2.30011 -0.667386 0)
(2.32082 -0.669433 0)
(2.3367 -0.676174 0)
(2.35183 -0.682168 0)
(2.35835 -0.686455 0)
(2.38755 -0.679208 0)
(2.39371 -0.675784 0)
(2.39849 -0.63942 0)
(2.35034 -0.517328 0)
(2.25629 -0.297155 0)
(2.17721 -0.11105 0)
(2.1033 0.0204107 0)
(2.05742 0.110689 0)
(2.05248 0.118985 0)
(2.0727 0.124658 0)
(2.09088 0.131043 0)
(2.10284 0.132241 0)
(2.10628 0.133296 0)
(2.10959 0.146273 0)
(2.11466 0.158137 0)
(2.12343 0.162572 0)
(2.13516 0.164344 0)
(2.14811 0.167071 0)
(2.15968 0.173656 0)
(2.16629 0.184359 0)
(2.1662 0.194253 0)
(2.1642 0.198565 0)
(2.16935 0.198636 0)
(2.18057 0.198801 0)
(2.19307 0.199749 0)
(2.2064 0.201617 0)
(2.2197 0.205617 0)
(2.23093 0.213057 0)
(2.23575 0.223403 0)
(2.22925 0.233142 0)
(2.22943 0.236652 0)
(2.24336 0.237597 0)
(2.25682 0.236431 0)
(2.27091 0.233924 0)
(2.28454 0.233243 0)
(2.29856 0.234477 0)
(2.30887 0.238176 0)
(2.30874 0.244517 0)
(2.30094 0.249058 0)
(2.30533 0.249483 0)
(2.31832 0.250321 0)
(2.33078 0.253963 0)
(2.3459 0.259925 0)
(2.35985 0.262967 0)
(2.37393 0.266468 0)
(2.38057 0.271423 0)
(2.37816 0.277534 0)
(2.37535 0.278687 0)
(2.37806 0.271882 0)
(2.38303 0.264518 0)
(2.39573 0.265559 0)
(1.62165 0.88892 0)
(1.6551 0.874905 0)
(1.69293 0.854597 0)
(1.73989 0.825186 0)
(1.78272 0.803413 0)
(1.81579 0.793696 0)
(1.86086 0.765873 0)
(1.9251 0.716482 0)
(1.96848 0.687865 0)
(1.99768 0.683573 0)
(2.04358 0.656905 0)
(2.10684 0.599335 0)
(2.14432 0.571959 0)
(2.12832 0.479312 0)
(2.06664 0.295871 0)
(1.92495 0.0459955 0)
(1.82861 -0.125453 0)
(1.84346 -0.20943 0)
(1.86324 -0.254647 0)
(1.89433 -0.280147 0)
(1.91791 -0.307154 0)
(1.92243 -0.331793 0)
(1.92695 -0.362901 0)
(1.95144 -0.396942 0)
(1.9796 -0.432977 0)
(2.00645 -0.459123 0)
(2.03252 -0.479229 0)
(2.05418 -0.497199 0)
(2.06863 -0.513621 0)
(2.08308 -0.52605 0)
(2.1045 -0.539527 0)
(2.12867 -0.553364 0)
(2.15288 -0.566325 0)
(2.17632 -0.578795 0)
(2.19779 -0.587955 0)
(2.21448 -0.596793 0)
(2.23039 -0.599449 0)
(2.24921 -0.601853 0)
(2.27096 -0.609679 0)
(2.29347 -0.617037 0)
(2.31486 -0.624502 0)
(2.33563 -0.628015 0)
(2.35322 -0.631055 0)
(2.36703 -0.627447 0)
(2.37681 -0.630938 0)
(2.39463 -0.632054 0)
(2.41165 -0.633803 0)
(2.43228 -0.63592 0)
(2.44417 -0.629816 0)
(2.44106 -0.583577 0)
(2.38783 -0.447569 0)
(2.30248 -0.248708 0)
(2.18662 -0.0347195 0)
(2.15397 0.0553522 0)
(2.12191 0.119366 0)
(2.12452 0.146382 0)
(2.12631 0.152502 0)
(2.13894 0.15099 0)
(2.14659 0.15496 0)
(2.15222 0.171007 0)
(2.15706 0.184054 0)
(2.16604 0.184781 0)
(2.17616 0.185355 0)
(2.18691 0.187805 0)
(2.19669 0.191699 0)
(2.20314 0.199158 0)
(2.20358 0.211415 0)
(2.2006 0.222563 0)
(2.20472 0.226111 0)
(2.21621 0.22623 0)
(2.22945 0.226285 0)
(2.24302 0.226795 0)
(2.25621 0.227763 0)
(2.2659 0.230586 0)
(2.26647 0.241233 0)
(2.25699 0.25855 0)
(2.25708 0.264995 0)
(2.26907 0.264278 0)
(2.28338 0.262213 0)
(2.29973 0.258063 0)
(2.31473 0.253453 0)
(2.32639 0.249809 0)
(2.3293 0.249977 0)
(2.32102 0.261558 0)
(2.31588 0.277543 0)
(2.32315 0.286381 0)
(2.33527 0.289799 0)
(2.34946 0.290472 0)
(2.36547 0.290515 0)
(2.38007 0.288506 0)
(2.39202 0.286361 0)
(2.39386 0.288044 0)
(2.38578 0.292083 0)
(2.38396 0.292793 0)
(2.39084 0.291811 0)
(2.40665 0.295113 0)
(1.63655 0.910785 0)
(1.67004 0.894917 0)
(1.70654 0.873918 0)
(1.75014 0.845439 0)
(1.78643 0.826783 0)
(1.81599 0.811154 0)
(1.86874 0.774475 0)
(1.91965 0.734275 0)
(1.94914 0.724365 0)
(1.98504 0.71095 0)
(2.03965 0.668266 0)
(2.07338 0.616031 0)
(2.04951 0.495205 0)
(1.94806 0.267803 0)
(1.84974 0.023643 0)
(1.77256 -0.121787 0)
(1.77455 -0.170512 0)
(1.81309 -0.184799 0)
(1.84788 -0.21281 0)
(1.88223 -0.25084 0)
(1.90848 -0.288775 0)
(1.9231 -0.319004 0)
(1.92619 -0.341169 0)
(1.94406 -0.363728 0)
(1.97397 -0.388626 0)
(2.00491 -0.417867 0)
(2.03356 -0.441517 0)
(2.05978 -0.459446 0)
(2.08078 -0.473821 0)
(2.09657 -0.483303 0)
(2.1141 -0.493957 0)
(2.13709 -0.507488 0)
(2.16184 -0.520801 0)
(2.18621 -0.533202 0)
(2.20953 -0.541931 0)
(2.22922 -0.551258 0)
(2.24635 -0.55552 0)
(2.26265 -0.555328 0)
(2.28042 -0.557946 0)
(2.30133 -0.564315 0)
(2.32309 -0.573553 0)
(2.34599 -0.577285 0)
(2.3664 -0.582046 0)
(2.38348 -0.582267 0)
(2.39468 -0.579903 0)
(2.40366 -0.574315 0)
(2.41778 -0.579666 0)
(2.43602 -0.580223 0)
(2.46267 -0.588729 0)
(2.47501 -0.592166 0)
(2.48555 -0.580702 0)
(2.47662 -0.526861 0)
(2.41112 -0.382509 0)
(2.33166 -0.188107 0)
(2.22058 0.0246502 0)
(2.1916 0.108942 0)
(2.17712 0.147261 0)
(2.17571 0.16397 0)
(2.17538 0.1749 0)
(2.18201 0.189695 0)
(2.18714 0.205101 0)
(2.18819 0.210564 0)
(2.19587 0.209112 0)
(2.20791 0.208702 0)
(2.22128 0.211174 0)
(2.23331 0.216856 0)
(2.24102 0.225813 0)
(2.23973 0.238615 0)
(2.23366 0.249185 0)
(2.23872 0.252429 0)
(2.25116 0.252998 0)
(2.26586 0.252836 0)
(2.28059 0.251734 0)
(2.29238 0.251029 0)
(2.29842 0.254484 0)
(2.29367 0.267697 0)
(2.28318 0.28379 0)
(2.28893 0.286873 0)
(2.30126 0.285461 0)
(2.31281 0.283382 0)
(2.32404 0.280566 0)
(2.33492 0.277458 0)
(2.3439 0.275808 0)
(2.34864 0.280429 0)
(2.34758 0.293329 0)
(2.34508 0.305815 0)
(2.35108 0.310695 0)
(2.36189 0.312554 0)
(2.37299 0.312717 0)
(2.38411 0.309263 0)
(2.39487 0.30267 0)
(2.40228 0.295394 0)
(2.40278 0.295838 0)
(2.40059 0.309274 0)
(2.39971 0.324605 0)
(2.41328 0.328458 0)
(1.65367 0.925299 0)
(1.68527 0.909633 0)
(1.72488 0.883655 0)
(1.76448 0.858211 0)
(1.78869 0.850321 0)
(1.82376 0.828027 0)
(1.88318 0.782781 0)
(1.91492 0.763573 0)
(1.94858 0.752619 0)
(1.9803 0.732439 0)
(1.99736 0.653429 0)
(1.96744 0.502573 0)
(1.8309 0.248277 0)
(1.7695 0.0671656 0)
(1.76857 -0.0285798 0)
(1.77452 -0.0713311 0)
(1.78502 -0.110139 0)
(1.8008 -0.144733 0)
(1.83113 -0.176007 0)
(1.86796 -0.222394 0)
(1.89553 -0.259512 0)
(1.91882 -0.282518 0)
(1.93275 -0.302116 0)
(1.94509 -0.323585 0)
(1.97382 -0.347146 0)
(2.00536 -0.372772 0)
(2.03572 -0.396936 0)
(2.06509 -0.417892 0)
(2.09175 -0.437054 0)
(2.11407 -0.449944 0)
(2.1325 -0.457973 0)
(2.15108 -0.466706 0)
(2.17331 -0.478191 0)
(2.19745 -0.491098 0)
(2.22165 -0.500437 0)
(2.24357 -0.510776 0)
(2.2631 -0.516644 0)
(2.28008 -0.518366 0)
(2.29608 -0.521177 0)
(2.31457 -0.52415 0)
(2.33542 -0.531879 0)
(2.35881 -0.536449 0)
(2.38081 -0.542234 0)
(2.40076 -0.545069 0)
(2.41508 -0.549584 0)
(2.42646 -0.546611 0)
(2.43658 -0.539497 0)
(2.44952 -0.538912 0)
(2.46704 -0.537794 0)
(2.48251 -0.541242 0)
(2.49983 -0.549147 0)
(2.51762 -0.554289 0)
(2.51582 -0.533564 0)
(2.4996 -0.467348 0)
(2.4274 -0.312146 0)
(2.35328 -0.119589 0)
(2.2683 0.0621888 0)
(2.22904 0.150962 0)
(2.21374 0.19336 0)
(2.21037 0.200906 0)
(2.20772 0.213212 0)
(2.21092 0.227704 0)
(2.21443 0.233553 0)
(2.22862 0.236589 0)
(2.24207 0.23978 0)
(2.25646 0.244306 0)
(2.27035 0.248426 0)
(2.27586 0.255608 0)
(2.26947 0.264685 0)
(2.26548 0.270977 0)
(2.27436 0.273039 0)
(2.28782 0.274618 0)
(2.3017 0.276636 0)
(2.3145 0.278818 0)
(2.3233 0.280405 0)
(2.32369 0.283203 0)
(2.31413 0.294662 0)
(2.30818 0.307108 0)
(2.31402 0.310798 0)
(2.32622 0.309594 0)
(2.33884 0.308274 0)
(2.35124 0.308363 0)
(2.36344 0.310534 0)
(2.37445 0.312835 0)
(2.38067 0.316424 0)
(2.37321 0.322973 0)
(2.36869 0.329631 0)
(2.37582 0.33243 0)
(2.38702 0.331961 0)
(2.39824 0.328502 0)
(2.40683 0.323606 0)
(2.4138 0.320574 0)
(2.42187 0.323818 0)
(2.42834 0.330313 0)
(2.42836 0.345319 0)
(2.43027 0.348415 0)
(1.67149 0.946075 0)
(1.70765 0.924708 0)
(1.74411 0.897982 0)
(1.76802 0.888514 0)
(1.79273 0.87518 0)
(1.8475 0.833592 0)
(1.88707 0.807613 0)
(1.91132 0.794213 0)
(1.94039 0.778634 0)
(1.92658 0.672575 0)
(1.87028 0.471487 0)
(1.74885 0.235181 0)
(1.67039 0.060091 0)
(1.70896 -0.0089125 0)
(1.7398 -0.0495567 0)
(1.76994 -0.0652699 0)
(1.78885 -0.0863897 0)
(1.80385 -0.123655 0)
(1.83112 -0.157433 0)
(1.86648 -0.195573 0)
(1.89714 -0.231627 0)
(1.92344 -0.257328 0)
(1.94444 -0.279659 0)
(1.95907 -0.300046 0)
(1.98116 -0.320772 0)
(2.01328 -0.342338 0)
(2.04509 -0.364791 0)
(2.07452 -0.382197 0)
(2.10242 -0.396622 0)
(2.1276 -0.408506 0)
(2.14902 -0.41846 0)
(2.16719 -0.427704 0)
(2.18639 -0.437373 0)
(2.20857 -0.447446 0)
(2.23228 -0.453816 0)
(2.25494 -0.462537 0)
(2.27608 -0.468862 0)
(2.29475 -0.471841 0)
(2.31028 -0.475536 0)
(2.32587 -0.47892 0)
(2.34328 -0.485192 0)
(2.36483 -0.485691 0)
(2.3865 -0.489034 0)
(2.40808 -0.489291 0)
(2.42582 -0.492593 0)
(2.44028 -0.492464 0)
(2.45088 -0.494074 0)
(2.46108 -0.492799 0)
(2.47388 -0.490666 0)
(2.48963 -0.49735 0)
(2.50779 -0.501151 0)
(2.52264 -0.509032 0)
(2.53889 -0.5058 0)
(2.54806 -0.506726 0)
(2.54174 -0.478437 0)
(2.51945 -0.399473 0)
(2.45632 -0.248359 0)
(2.34735 -0.0155673 0)
(2.31434 0.0966571 0)
(2.26719 0.185633 0)
(2.23717 0.214531 0)
(2.2292 0.237328 0)
(2.23479 0.258034 0)
(2.23779 0.27131 0)
(2.24747 0.274845 0)
(2.26149 0.275394 0)
(2.27927 0.278634 0)
(2.29291 0.282637 0)
(2.29773 0.283484 0)
(2.29314 0.287773 0)
(2.29509 0.295192 0)
(2.30425 0.300328 0)
(2.31372 0.30503 0)
(2.32175 0.310181 0)
(2.32866 0.314898 0)
(2.33476 0.317161 0)
(2.33756 0.317287 0)
(2.33556 0.319974 0)
(2.33653 0.324496 0)
(2.34638 0.32926 0)
(2.35977 0.334059 0)
(2.3721 0.338605 0)
(2.38446 0.342249 0)
(2.39476 0.3439 0)
(2.39292 0.343437 0)
(2.39033 0.343933 0)
(2.3897 0.346423 0)
(2.39425 0.348049 0)
(2.40346 0.347556 0)
(2.41403 0.346756 0)
(2.42487 0.347194 0)
(2.43702 0.350631 0)
(2.44658 0.357698 0)
(2.45913 0.35965 0)
(2.45468 0.370569 0)
(2.44664 0.359598 0)
(1.68732 0.962115 0)
(1.7161 0.945966 0)
(1.75121 0.923263 0)
(1.77814 0.911633 0)
(1.81553 0.883309 0)
(1.86334 0.847983 0)
(1.87688 0.842024 0)
(1.88984 0.79758 0)
(1.85381 0.660373 0)
(1.76568 0.419382 0)
(1.70669 0.216239 0)
(1.65012 0.123197 0)
(1.66853 0.0697793 0)
(1.71086 0.0262943 0)
(1.74779 -0.00933816 0)
(1.77488 -0.0394836 0)
(1.79034 -0.0667297 0)
(1.8052 -0.0962153 0)
(1.83315 -0.126517 0)
(1.86897 -0.160866 0)
(1.90053 -0.192244 0)
(1.92883 -0.218161 0)
(1.95285 -0.244887 0)
(1.97159 -0.2718 0)
(1.9933 -0.293456 0)
(2.02232 -0.308977 0)
(2.05361 -0.324279 0)
(2.0843 -0.340043 0)
(2.11345 -0.35587 0)
(2.13931 -0.369783 0)
(2.16107 -0.381531 0)
(2.17958 -0.390819 0)
(2.19849 -0.399287 0)
(2.22043 -0.407939 0)
(2.2444 -0.412481 0)
(2.26727 -0.419722 0)
(2.28838 -0.425403 0)
(2.30752 -0.427616 0)
(2.32349 -0.430245 0)
(2.3377 -0.433685 0)
(2.35244 -0.443308 0)
(2.37092 -0.447386 0)
(2.39118 -0.451154 0)
(2.41334 -0.449483 0)
(2.433 -0.449799 0)
(2.44949 -0.446647 0)
(2.46136 -0.445229 0)
(2.46986 -0.44747 0)
(2.47834 -0.44373 0)
(2.48845 -0.448888 0)
(2.50551 -0.452374 0)
(2.52429 -0.459408 0)
(2.54558 -0.459656 0)
(2.56013 -0.468223 0)
(2.5658 -0.464178 0)
(2.5679 -0.454242 0)
(2.55795 -0.415602 0)
(2.52585 -0.328059 0)
(2.47291 -0.177043 0)
(2.35739 0.0698035 0)
(2.31894 0.152498 0)
(2.28844 0.202558 0)
(2.27614 0.255701 0)
(2.26039 0.288048 0)
(2.26443 0.294772 0)
(2.27795 0.29623 0)
(2.29055 0.298027 0)
(2.2976 0.300545 0)
(2.29828 0.306627 0)
(2.30298 0.313693 0)
(2.31239 0.318505 0)
(2.32435 0.322796 0)
(2.33533 0.325629 0)
(2.34213 0.330014 0)
(2.34889 0.336429 0)
(2.35781 0.340405 0)
(2.36402 0.34178 0)
(2.36177 0.343874 0)
(2.35654 0.348433 0)
(2.36432 0.355057 0)
(2.37529 0.360378 0)
(2.38845 0.364115 0)
(2.3966 0.363037 0)
(2.40029 0.362129 0)
(2.40537 0.362442 0)
(2.41037 0.361988 0)
(2.41376 0.360665 0)
(2.41439 0.362555 0)
(2.42036 0.36692 0)
(2.43089 0.37334 0)
(2.44084 0.383045 0)
(2.44975 0.393101 0)
(2.45769 0.396167 0)
(2.46288 0.393558 0)
(2.45888 0.380754 0)
(2.44121 0.330898 0)
(1.79083 0.966495 0)
(1.71913 0.957477 0)
(1.75166 0.943692 0)
(1.78593 0.931709 0)
(1.8308 0.89693 0)
(1.85347 0.883298 0)
(1.83466 0.796489 0)
(1.77488 0.619944 0)
(1.65956 0.378589 0)
(1.63427 0.210618 0)
(1.65028 0.122841 0)
(1.65974 0.0888436 0)
(1.68435 0.0775837 0)
(1.72208 0.0544274 0)
(1.7631 0.0142371 0)
(1.79119 -0.0264931 0)
(1.80661 -0.0591017 0)
(1.81909 -0.0865882 0)
(1.84271 -0.113576 0)
(1.87593 -0.140925 0)
(1.90754 -0.168276 0)
(1.93701 -0.194326 0)
(1.96199 -0.222033 0)
(1.9819 -0.24556 0)
(2.00392 -0.263809 0)
(2.03358 -0.28145 0)
(2.06483 -0.297583 0)
(2.09462 -0.309693 0)
(2.12254 -0.319344 0)
(2.14717 -0.328018 0)
(2.16791 -0.337867 0)
(2.18635 -0.348026 0)
(2.20583 -0.358133 0)
(2.22815 -0.367612 0)
(2.25275 -0.371695 0)
(2.27636 -0.37774 0)
(2.29777 -0.383195 0)
(2.31697 -0.385272 0)
(2.33315 -0.385277 0)
(2.34616 -0.384628 0)
(2.3587 -0.391923 0)
(2.37342 -0.39629 0)
(2.38854 -0.402643 0)
(2.40734 -0.403789 0)
(2.42854 -0.404256 0)
(2.44794 -0.400182 0)
(2.46136 -0.395549 0)
(2.46835 -0.39708 0)
(2.47584 -0.3957 0)
(2.48147 -0.400338 0)
(2.48963 -0.398469 0)
(2.50327 -0.403338 0)
(2.52286 -0.400923 0)
(2.54332 -0.404107 0)
(2.56047 -0.411573 0)
(2.57565 -0.408771 0)
(2.57256 -0.411487 0)
(2.58517 -0.392247 0)
(2.57963 -0.361363 0)
(2.54263 -0.26152 0)
(2.48021 -0.100876 0)
(2.39632 0.0886905 0)
(2.30944 0.253604 0)
(2.30297 0.274009 0)
(2.30318 0.301333 0)
(2.30233 0.310959 0)
(2.30305 0.3133 0)
(2.30548 0.316976 0)
(2.30805 0.32673 0)
(2.30822 0.332192 0)
(2.31492 0.33454 0)
(2.32491 0.339399 0)
(2.33532 0.346436 0)
(2.34661 0.353022 0)
(2.35765 0.359506 0)
(2.36556 0.366097 0)
(2.36951 0.371415 0)
(2.37086 0.376407 0)
(2.37143 0.38094 0)
(2.37532 0.381523 0)
(2.38163 0.377139 0)
(2.38973 0.374944 0)
(2.39824 0.376291 0)
(2.40465 0.378254 0)
(2.40884 0.379409 0)
(2.41222 0.38235 0)
(2.41936 0.387078 0)
(2.43105 0.390969 0)
(2.44342 0.396964 0)
(2.45316 0.403399 0)
(2.46279 0.409034 0)
(2.47063 0.410112 0)
(2.47118 0.411013 0)
(2.45233 0.380691 0)
(2.43185 0.325993 0)
(2.3707 0.165308 0)
(2.19942 0.782752 0)
(1.77587 0.960497 0)
(1.77244 0.962277 0)
(1.80031 0.947621 0)
(1.81874 0.902337 0)
(1.77539 0.774285 0)
(1.67794 0.536053 0)
(1.59587 0.336884 0)
(1.56495 0.220953 0)
(1.61186 0.175429 0)
(1.65199 0.145605 0)
(1.68591 0.125233 0)
(1.70162 0.105971 0)
(1.72776 0.0782343 0)
(1.76115 0.0419931 0)
(1.79241 0.00476245 0)
(1.81633 -0.0331432 0)
(1.83121 -0.0629936 0)
(1.84961 -0.0897376 0)
(1.8789 -0.11561 0)
(1.90895 -0.139215 0)
(1.93791 -0.159916 0)
(1.96382 -0.182996 0)
(1.98624 -0.208867 0)
(2.00903 -0.228627 0)
(2.03647 -0.24255 0)
(2.06711 -0.256511 0)
(2.0976 -0.270472 0)
(2.12636 -0.283861 0)
(2.15187 -0.294614 0)
(2.17299 -0.303006 0)
(2.19056 -0.308915 0)
(2.20815 -0.315054 0)
(2.22906 -0.323435 0)
(2.25361 -0.327366 0)
(2.27868 -0.333053 0)
(2.30187 -0.33877 0)
(2.322 -0.342281 0)
(2.3387 -0.343331 0)
(2.35124 -0.339748 0)
(2.3602 -0.341893 0)
(2.37316 -0.343469 0)
(2.39019 -0.349677 0)
(2.40646 -0.353691 0)
(2.42192 -0.358033 0)
(2.44297 -0.358397 0)
(2.46391 -0.355156 0)
(2.47528 -0.354777 0)
(2.47666 -0.349638 0)
(2.48107 -0.358279 0)
(2.4942 -0.358384 0)
(2.50775 -0.362813 0)
(2.52569 -0.359547 0)
(2.54496 -0.361312 0)
(2.56456 -0.366652 0)
(2.58099 -0.367012 0)
(2.59165 -0.371005 0)
(2.60429 -0.359887 0)
(2.60192 -0.364019 0)
(2.61044 -0.342375 0)
(2.59757 -0.304921 0)
(2.55245 -0.193964 0)
(2.45947 0.0025059 0)
(2.41928 0.150274 0)
(2.34325 0.304648 0)
(2.32328 0.346426 0)
(2.31415 0.352863 0)
(2.31431 0.34874 0)
(2.31524 0.353841 0)
(2.32145 0.357518 0)
(2.32759 0.361414 0)
(2.33548 0.366593 0)
(2.3447 0.370288 0)
(2.35714 0.375469 0)
(2.3685 0.381032 0)
(2.37618 0.386562 0)
(2.37898 0.392122 0)
(2.37637 0.396049 0)
(2.37455 0.397864 0)
(2.37654 0.396672 0)
(2.38371 0.395497 0)
(2.39339 0.395365 0)
(2.40276 0.395943 0)
(2.41324 0.397365 0)
(2.42272 0.399522 0)
(2.42321 0.408033 0)
(2.42529 0.419873 0)
(2.43417 0.428268 0)
(2.4445 0.432496 0)
(2.45347 0.430636 0)
(2.46308 0.427686 0)
(2.45378 0.401248 0)
(2.43166 0.342571 0)
(2.38372 0.2376 0)
(2.33977 0.118416 0)
(2.29254 -0.0145634 0)
(2.80174 0.29532 0)
(2.09277 0.834353 0)
(1.82125 1.00771 0)
(1.77518 0.945709 0)
(1.67302 0.734471 0)
(1.53924 0.472086 0)
(1.5326 0.330592 0)
(1.54339 0.253338 0)
(1.56529 0.211095 0)
(1.60914 0.190268 0)
(1.65746 0.158901 0)
(1.69765 0.129573 0)
(1.71476 0.103793 0)
(1.73155 0.0745104 0)
(1.75849 0.0448416 0)
(1.78738 0.0169673 0)
(1.8145 -0.0156727 0)
(1.83369 -0.0439366 0)
(1.85093 -0.0666459 0)
(1.8765 -0.0897129 0)
(1.90572 -0.111681 0)
(1.93592 -0.133802 0)
(1.96314 -0.156071 0)
(1.98605 -0.176625 0)
(2.00849 -0.195633 0)
(2.03541 -0.212689 0)
(2.06561 -0.226932 0)
(2.09573 -0.237947 0)
(2.12381 -0.246865 0)
(2.14868 -0.253921 0)
(2.16998 -0.261037 0)
(2.18821 -0.267867 0)
(2.20581 -0.274688 0)
(2.22597 -0.282559 0)
(2.2502 -0.285816 0)
(2.27635 -0.290665 0)
(2.3018 -0.295565 0)
(2.32423 -0.299789 0)
(2.34241 -0.30352 0)
(2.35619 -0.303194 0)
(2.3651 -0.302862 0)
(2.37118 -0.29703 0)
(2.38029 -0.297713 0)
(2.39843 -0.30006 0)
(2.41977 -0.305761 0)
(2.43937 -0.309316 0)
(2.45715 -0.305993 0)
(2.47263 -0.309951 0)
(2.48505 -0.309016 0)
(2.48973 -0.311756 0)
(2.49034 -0.313422 0)
(2.49391 -0.321809 0)
(2.50818 -0.318527 0)
(2.52587 -0.320229 0)
(2.54359 -0.323269 0)
(2.56235 -0.323476 0)
(2.57941 -0.322985 0)
(2.59588 -0.315514 0)
(2.6055 -0.320749 0)
(2.61468 -0.314156 0)
(2.61598 -0.31433 0)
(2.62363 -0.290368 0)
(2.61129 -0.230562 0)
(2.57545 -0.118034 0)
(2.46742 0.0942028 0)
(2.44279 0.198138 0)
(2.38763 0.308338 0)
(2.3319 0.383151 0)
(2.32095 0.392238 0)
(2.32507 0.391816 0)
(2.33308 0.398825 0)
(2.33788 0.404011 0)
(2.34622 0.403917 0)
(2.35918 0.408952 0)
(2.37143 0.41688 0)
(2.37946 0.421831 0)
(2.3845 0.422537 0)
(2.38662 0.42009 0)
(2.38455 0.416267 0)
(2.38261 0.413188 0)
(2.38631 0.411943 0)
(2.39418 0.415045 0)
(2.40385 0.419767 0)
(2.41138 0.424516 0)
(2.41921 0.435506 0)
(2.43017 0.441205 0)
(2.44383 0.440371 0)
(2.44861 0.440617 0)
(2.45293 0.436942 0)
(2.44493 0.419156 0)
(2.4267 0.36478 0)
(2.37461 0.24347 0)
(2.33247 0.147045 0)
(2.27933 0.0286016 0)
(2.2576 -0.0528614 0)
(2.2522 -0.102445 0)
(2.98949 0.0277868 0)
(2.76721 0.415308 0)
(2.05181 1.07994 0)
(1.52858 0.673129 0)
(1.35565 0.395804 0)
(1.41261 0.312798 0)
(1.4769 0.272012 0)
(1.52153 0.254658 0)
(1.55811 0.235126 0)
(1.59476 0.212829 0)
(1.63684 0.180378 0)
(1.6773 0.144287 0)
(1.701 0.116451 0)
(1.71821 0.0879543 0)
(1.74539 0.0605447 0)
(1.77255 0.0366427 0)
(1.80005 0.00976133 0)
(1.82399 -0.0186916 0)
(1.84428 -0.0407894 0)
(1.86809 -0.0624194 0)
(1.89596 -0.083658 0)
(1.9251 -0.102801 0)
(1.95349 -0.124351 0)
(1.9786 -0.146986 0)
(2.00125 -0.163859 0)
(2.02514 -0.175544 0)
(2.05183 -0.185742 0)
(2.08018 -0.194821 0)
(2.10869 -0.203846 0)
(2.13545 -0.212151 0)
(2.15872 -0.220383 0)
(2.1778 -0.227288 0)
(2.19474 -0.233019 0)
(2.21308 -0.239536 0)
(2.23485 -0.241713 0)
(2.25876 -0.245154 0)
(2.28306 -0.248979 0)
(2.30583 -0.25295 0)
(2.32558 -0.257111 0)
(2.34248 -0.258021 0)
(2.35745 -0.260288 0)
(2.3727 -0.258115 0)
(2.38629 -0.255985 0)
(2.39631 -0.251769 0)
(2.40764 -0.254376 0)
(2.42978 -0.259097 0)
(2.4541 -0.260058 0)
(2.47597 -0.26185 0)
(2.49157 -0.263568 0)
(2.50481 -0.27111 0)
(2.50915 -0.269431 0)
(2.51114 -0.272462 0)
(2.51908 -0.269856 0)
(2.53324 -0.270219 0)
(2.55286 -0.273016 0)
(2.57257 -0.276333 0)
(2.5918 -0.281713 0)
(2.61004 -0.278844 0)
(2.62538 -0.281357 0)
(2.63877 -0.270871 0)
(2.64229 -0.274737 0)
(2.6397 -0.2723 0)
(2.65371 -0.253033 0)
(2.65118 -0.237491 0)
(2.62249 -0.169879 0)
(2.5827 -0.0401258 0)
(2.47408 0.182479 0)
(2.41317 0.297311 0)
(2.39661 0.330941 0)
(2.37172 0.385177 0)
(2.35189 0.423262 0)
(2.34622 0.433331 0)
(2.35639 0.435115 0)
(2.37067 0.436032 0)
(2.37992 0.438235 0)
(2.38421 0.443746 0)
(2.38598 0.451248 0)
(2.38755 0.451558 0)
(2.39112 0.447488 0)
(2.39803 0.443148 0)
(2.40614 0.442295 0)
(2.41237 0.444474 0)
(2.4164 0.449571 0)
(2.41935 0.459528 0)
(2.4234 0.460526 0)
(2.43398 0.460666 0)
(2.43872 0.454198 0)
(2.43687 0.432052 0)
(2.41716 0.373797 0)
(2.36292 0.245468 0)
(2.32663 0.136264 0)
(2.29845 0.0587638 0)
(2.24451 -0.0165655 0)
(2.22989 -0.0876835 0)
(2.2296 -0.0922575 0)
(2.24746 -0.0688089 0)
(2.9998 0.000548167 0)
(2.99482 0.0556935 0)
(2.34519 0.547461 0)
(1.29582 0.323645 0)
(1.23564 0.253941 0)
(1.35432 0.229809 0)
(1.4358 0.231588 0)
(1.49275 0.2257 0)
(1.53458 0.216907 0)
(1.57065 0.203023 0)
(1.60806 0.181072 0)
(1.64441 0.152532 0)
(1.67321 0.124462 0)
(1.69778 0.0988505 0)
(1.72966 0.0781765 0)
(1.75883 0.0590834 0)
(1.78617 0.0391638 0)
(1.81132 0.0150237 0)
(1.83404 -0.00625793 0)
(1.85797 -0.0255794 0)
(1.88576 -0.0466524 0)
(1.915 -0.0676981 0)
(1.9439 -0.0891113 0)
(1.9698 -0.110587 0)
(1.99373 -0.128283 0)
(2.01922 -0.141727 0)
(2.04728 -0.15304 0)
(2.07644 -0.162459 0)
(2.10519 -0.170796 0)
(2.1319 -0.177693 0)
(2.15524 -0.184023 0)
(2.17508 -0.189137 0)
(2.19355 -0.193529 0)
(2.21352 -0.199214 0)
(2.23631 -0.201604 0)
(2.26094 -0.205692 0)
(2.28563 -0.209879 0)
(2.30856 -0.213297 0)
(2.32857 -0.216459 0)
(2.34589 -0.216981 0)
(2.36115 -0.218044 0)
(2.37686 -0.214307 0)
(2.39328 -0.213448 0)
(2.41107 -0.211854 0)
(2.43006 -0.207228 0)
(2.44428 -0.204642 0)
(2.45227 -0.209433 0)
(2.45812 -0.220672 0)
(2.46808 -0.223206 0)
(2.48879 -0.223798 0)
(2.51292 -0.225069 0)
(2.53409 -0.228347 0)
(2.54702 -0.22596 0)
(2.55177 -0.223848 0)
(2.55337 -0.231271 0)
(2.56434 -0.239019 0)
(2.57916 -0.245442 0)
(2.59406 -0.242925 0)
(2.60598 -0.243761 0)
(2.62072 -0.231183 0)
(2.63343 -0.227384 0)
(2.64421 -0.228641 0)
(2.65598 -0.22231 0)
(2.65988 -0.218112 0)
(2.66796 -0.21158 0)
(2.66146 -0.188441 0)
(2.62203 -0.0903523 0)
(2.57267 0.0446433 0)
(2.47831 0.250331 0)
(2.39577 0.416151 0)
(2.3852 0.40963 0)
(2.38345 0.428847 0)
(2.38793 0.448246 0)
(2.38947 0.450143 0)
(2.39222 0.454165 0)
(2.39401 0.464722 0)
(2.39013 0.469364 0)
(2.3905 0.467412 0)
(2.39627 0.464676 0)
(2.40671 0.469169 0)
(2.41766 0.475221 0)
(2.4268 0.479788 0)
(2.43202 0.486038 0)
(2.43313 0.486579 0)
(2.43258 0.472863 0)
(2.42594 0.445418 0)
(2.40241 0.38727 0)
(2.3491 0.268612 0)
(2.30524 0.139684 0)
(2.28373 0.0317372 0)
(2.24265 -0.0590499 0)
(2.23046 -0.0674479 0)
(2.23199 -0.0719056 0)
(2.23755 -0.0776825 0)
(2.24108 -0.0704306 0)
(2.26068 -0.0505084 0)
(3 6.99953e-07 0)
(3.00014 0.00422402 0)
(1.82586 -0.110838 0)
(0.939041 0.0875119 0)
(1.02843 0.224317 0)
(1.19142 0.251845 0)
(1.28749 0.246788 0)
(1.36057 0.240251 0)
(1.42428 0.220065 0)
(1.48125 0.199236 0)
(1.5314 0.170996 0)
(1.58369 0.134636 0)
(1.62376 0.106945 0)
(1.66007 0.0903477 0)
(1.69825 0.0764342 0)
(1.73215 0.0648824 0)
(1.76266 0.0583896 0)
(1.78895 0.0427719 0)
(1.81397 0.0219083 0)
(1.84022 0.00600869 0)
(1.86907 -0.0105141 0)
(1.89959 -0.0298462 0)
(1.92972 -0.0490673 0)
(1.95724 -0.0676082 0)
(1.98223 -0.0831275 0)
(2.00799 -0.0943585 0)
(2.03581 -0.102952 0)
(2.06437 -0.110141 0)
(2.09224 -0.117184 0)
(2.11817 -0.123862 0)
(2.14132 -0.130801 0)
(2.16175 -0.136836 0)
(2.18132 -0.141381 0)
(2.20219 -0.145565 0)
(2.22516 -0.1458 0)
(2.2491 -0.147306 0)
(2.2723 -0.149444 0)
(2.29364 -0.151924 0)
(2.31264 -0.156113 0)
(2.32905 -0.161032 0)
(2.34302 -0.169277 0)
(2.3575 -0.17135 0)
(2.37495 -0.16931 0)
(2.39539 -0.163037 0)
(2.4152 -0.158076 0)
(2.43291 -0.158792 0)
(2.44753 -0.160865 0)
(2.46247 -0.167851 0)
(2.47947 -0.170213 0)
(2.4948 -0.175215 0)
(2.50973 -0.181316 0)
(2.52649 -0.183149 0)
(2.54371 -0.176448 0)
(2.562 -0.173916 0)
(2.58051 -0.183953 0)
(2.59481 -0.188978 0)
(2.60431 -0.191087 0)
(2.61116 -0.188248 0)
(2.61839 -0.191507 0)
(2.62916 -0.18587 0)
(2.64245 -0.183074 0)
(2.65563 -0.186056 0)
(2.66805 -0.183785 0)
(2.68314 -0.168123 0)
(2.68829 -0.16291 0)
(2.6768 -0.176648 0)
(2.68091 -0.16236 0)
(2.67278 -0.125854 0)
(2.62364 -0.0123402 0)
(2.5547 0.144701 0)
(2.47195 0.311592 0)
(2.40517 0.474025 0)
(2.39609 0.499277 0)
(2.4003 0.485933 0)
(2.40177 0.481745 0)
(2.4026 0.48809 0)
(2.40691 0.493626 0)
(2.41168 0.498743 0)
(2.41872 0.501429 0)
(2.42323 0.497477 0)
(2.42954 0.497279 0)
(2.43734 0.501387 0)
(2.43774 0.498452 0)
(2.43052 0.475022 0)
(2.40412 0.405627 0)
(2.34872 0.291555 0)
(2.29518 0.164011 0)
(2.24368 0.0290367 0)
(2.2474 -0.00628949 0)
(2.24773 -0.0451549 0)
(2.2448 -0.0521669 0)
(2.24119 -0.0491065 0)
(2.24228 -0.0489468 0)
(2.25131 -0.048007 0)
(2.2604 -0.03864 0)
(2.2746 -0.0313347 0)
(3 7.29351e-10 0)
(3.00004 8.23743e-05 0)
(1.37477 -0.102038 0)
(0.721653 0.0376046 0)
(0.77853 0.136152 0)
(0.923836 0.160815 0)
(1.03553 0.162537 0)
(1.13359 0.157865 0)
(1.22229 0.147684 0)
(1.30296 0.135775 0)
(1.3744 0.126979 0)
(1.43897 0.119436 0)
(1.49698 0.108963 0)
(1.54883 0.102903 0)
(1.59482 0.095078 0)
(1.638 0.0794587 0)
(1.67481 0.0631827 0)
(1.70517 0.0498588 0)
(1.73656 0.0281594 0)
(1.76903 0.00728948 0)
(1.80176 -0.00822165 0)
(1.83534 -0.0262673 0)
(1.86811 -0.043599 0)
(1.89863 -0.0578718 0)
(1.92672 -0.0699987 0)
(1.95446 -0.0801178 0)
(1.98261 -0.0888617 0)
(2.01029 -0.0968113 0)
(2.03696 -0.104227 0)
(2.06267 -0.10961 0)
(2.08753 -0.112952 0)
(2.11154 -0.114481 0)
(2.13537 -0.115552 0)
(2.15944 -0.11815 0)
(2.18336 -0.119199 0)
(2.20644 -0.121474 0)
(2.22768 -0.124198 0)
(2.24757 -0.127239 0)
(2.26704 -0.130858 0)
(2.28648 -0.132171 0)
(2.30647 -0.132818 0)
(2.32933 -0.127863 0)
(2.35345 -0.123319 0)
(2.37659 -0.120105 0)
(2.39655 -0.120688 0)
(2.41162 -0.126377 0)
(2.42389 -0.129193 0)
(2.43887 -0.133273 0)
(2.45892 -0.132529 0)
(2.4829 -0.132774 0)
(2.50739 -0.133972 0)
(2.52835 -0.136732 0)
(2.54425 -0.136912 0)
(2.55581 -0.139174 0)
(2.56464 -0.148444 0)
(2.57067 -0.151095 0)
(2.57626 -0.149355 0)
(2.58431 -0.145372 0)
(2.59596 -0.147965 0)
(2.61095 -0.14464 0)
(2.62464 -0.14267 0)
(2.63571 -0.146769 0)
(2.64318 -0.147769 0)
(2.64843 -0.139875 0)
(2.65403 -0.133012 0)
(2.66099 -0.137607 0)
(2.68012 -0.127993 0)
(2.69188 -0.125074 0)
(2.68445 -0.108685 0)
(2.65952 -0.0361361 0)
(2.61417 0.075273 0)
(2.5026 0.283781 0)
(2.47646 0.37634 0)
(2.44163 0.468221 0)
(2.40716 0.538866 0)
(2.3994 0.53936 0)
(2.40478 0.532183 0)
(2.41316 0.534108 0)
(2.42648 0.530549 0)
(2.4293 0.526869 0)
(2.43266 0.515537 0)
(2.43015 0.489083 0)
(2.41099 0.41897 0)
(2.37524 0.295137 0)
(2.33571 0.185434 0)
(2.23964 0.0537502 0)
(2.21165 -0.00997375 0)
(2.21788 -0.0390606 0)
(2.22914 -0.0567397 0)
(2.23655 -0.0594962 0)
(2.2418 -0.0558282 0)
(2.24881 -0.0444288 0)
(2.25461 -0.0353085 0)
(2.25965 -0.0222909 0)
(2.26474 -0.013578 0)
(2.28035 -0.01663 0)
(3 4.9702e-14 0)
(3 7.43247e-07 0)
(1.27304 -0.0248221 0)
(0.707071 0.010791 0)
(0.706976 0.0470642 0)
(0.772229 0.0717906 0)
(0.84714 0.0850673 0)
(0.928524 0.0905702 0)
(1.00904 0.0959189 0)
(1.0881 0.0986185 0)
(1.16266 0.099684 0)
(1.2317 0.0961592 0)
(1.29635 0.0913466 0)
(1.35752 0.0882162 0)
(1.41591 0.0877847 0)
(1.47288 0.0863951 0)
(1.52354 0.0796684 0)
(1.56793 0.0714741 0)
(1.61266 0.0625843 0)
(1.65887 0.0476864 0)
(1.70216 0.0346023 0)
(1.74431 0.0199184 0)
(1.78347 0.000638208 0)
(1.81985 -0.0176679 0)
(1.85385 -0.0333849 0)
(1.88643 -0.0458843 0)
(1.91825 -0.0534225 0)
(1.9495 -0.05607 0)
(1.97968 -0.0570504 0)
(2.00789 -0.0591216 0)
(2.03421 -0.0640069 0)
(2.0596 -0.0708045 0)
(2.08557 -0.0781911 0)
(2.11193 -0.0856566 0)
(2.13734 -0.0890323 0)
(2.1619 -0.0891282 0)
(2.18544 -0.0860596 0)
(2.20796 -0.0827496 0)
(2.22941 -0.0823558 0)
(2.25071 -0.0831413 0)
(2.27362 -0.0856574 0)
(2.29837 -0.0860404 0)
(2.32416 -0.0874529 0)
(2.34877 -0.0894768 0)
(2.36937 -0.0918404 0)
(2.38577 -0.0935946 0)
(2.40319 -0.0897648 0)
(2.42502 -0.0873771 0)
(2.44836 -0.0855671 0)
(2.47042 -0.0877402 0)
(2.48941 -0.0937136 0)
(2.50479 -0.102102 0)
(2.51655 -0.10688 0)
(2.52557 -0.108588 0)
(2.53352 -0.112337 0)
(2.54207 -0.108669 0)
(2.55187 -0.102954 0)
(2.56415 -0.0980618 0)
(2.57721 -0.100599 0)
(2.58859 -0.102902 0)
(2.59948 -0.106274 0)
(2.60883 -0.111034 0)
(2.6168 -0.107602 0)
(2.62599 -0.0967902 0)
(2.63737 -0.0906216 0)
(2.64966 -0.0978232 0)
(2.66197 -0.0948612 0)
(2.67383 -0.0886259 0)
(2.677 -0.0954868 0)
(2.68306 -0.0840101 0)
(2.6768 -0.0587397 0)
(2.63734 0.0300673 0)
(2.59768 0.161417 0)
(2.48531 0.381286 0)
(2.45474 0.461425 0)
(2.44241 0.495829 0)
(2.43292 0.534928 0)
(2.41773 0.557608 0)
(2.41358 0.552872 0)
(2.40468 0.519148 0)
(2.38639 0.446547 0)
(2.37175 0.338096 0)
(2.34161 0.191956 0)
(2.311 0.0888979 0)
(2.25393 0.0269161 0)
(2.20333 -0.00120463 0)
(2.1931 -0.0396888 0)
(2.19931 -0.0440284 0)
(2.21802 -0.0380169 0)
(2.22971 -0.0368896 0)
(2.23956 -0.0348332 0)
(2.24807 -0.028777 0)
(2.25263 -0.0245974 0)
(2.25422 -0.0182274 0)
(2.25512 -0.013025 0)
(2.26732 -0.0180354 0)
(3 -9.52787e-16 0)
(3 1.46701e-09 0)
(1.28143 0.0111934 0)
(0.721811 0.0148798 0)
(0.721124 0.0175672 0)
(0.751381 0.0227179 0)
(0.784581 0.0350369 0)
(0.832371 0.0433975 0)
(0.886364 0.0480298 0)
(0.944304 0.048441 0)
(1.0026 0.0462529 0)
(1.06034 0.0417502 0)
(1.11852 0.0388509 0)
(1.17865 0.0385824 0)
(1.24151 0.0379347 0)
(1.30635 0.0341197 0)
(1.36931 0.0288541 0)
(1.43033 0.0226109 0)
(1.49119 0.0185012 0)
(1.55455 0.0134178 0)
(1.61241 0.00342033 0)
(1.66101 -0.00692258 0)
(1.70584 -0.0208645 0)
(1.74751 -0.0323024 0)
(1.787 -0.0379791 0)
(1.8256 -0.0393775 0)
(1.8636 -0.0376464 0)
(1.89953 -0.0352149 0)
(1.93143 -0.0352948 0)
(1.95859 -0.0395096 0)
(1.98349 -0.0469051 0)
(2.00945 -0.053513 0)
(2.03812 -0.0570567 0)
(2.06881 -0.0575426 0)
(2.10028 -0.0538902 0)
(2.13066 -0.0492243 0)
(2.1572 -0.0453548 0)
(2.17829 -0.0444818 0)
(2.19624 -0.0471584 0)
(2.21614 -0.0506343 0)
(2.24032 -0.0547898 0)
(2.26705 -0.0573616 0)
(2.29456 -0.0596105 0)
(2.32091 -0.0600041 0)
(2.34556 -0.0575142 0)
(2.36919 -0.0535097 0)
(2.39158 -0.0484456 0)
(2.41253 -0.0473423 0)
(2.43155 -0.0488535 0)
(2.44932 -0.0533225 0)
(2.46543 -0.0596623 0)
(2.47926 -0.0660534 0)
(2.49197 -0.068214 0)
(2.50573 -0.0664779 0)
(2.52073 -0.0654316 0)
(2.53522 -0.0602609 0)
(2.54579 -0.0549394 0)
(2.55301 -0.0528739 0)
(2.56131 -0.0562769 0)
(2.57234 -0.0593469 0)
(2.5849 -0.0634778 0)
(2.59608 -0.0683247 0)
(2.6072 -0.0665666 0)
(2.62336 -0.0605197 0)
(2.64322 -0.0552177 0)
(2.66016 -0.0542557 0)
(2.66772 -0.0469143 0)
(2.67047 -0.0426463 0)
(2.67709 -0.0490833 0)
(2.67808 -0.057433 0)
(2.68713 -0.0514104 0)
(2.69129 -0.0432536 0)
(2.68858 -0.00508251 0)
(2.63891 0.107368 0)
(2.57736 0.260999 0)
(2.50565 0.430834 0)
(2.44633 0.540384 0)
(2.40186 0.527142 0)
(2.34368 0.45479 0)
(2.29038 0.331561 0)
(2.24626 0.16804 0)
(2.21833 0.0327504 0)
(2.17399 -0.0609774 0)
(2.14575 -0.0693401 0)
(2.14408 -0.0458448 0)
(2.1591 -0.037104 0)
(2.17377 -0.0393257 0)
(2.18319 -0.0354191 0)
(2.19451 -0.0202528 0)
(2.21424 -0.00653568 0)
(2.22789 -0.00601543 0)
(2.23464 -0.00571497 0)
(2.24084 -0.00472633 0)
(2.24371 -0.00291722 0)
(2.24029 -0.00216686 0)
(2.25247 -0.00865243 0)
(3 -7.49934e-16 0)
(3 9.0877e-13 0)
(1.30333 0.00625704 0)
(0.734783 0.00553244 0)
(0.735278 0.00584945 0)
(0.759891 0.00540967 0)
(0.782929 0.00639172 0)
(0.814462 0.0082635 0)
(0.849352 0.0116588 0)
(0.888804 0.0160769 0)
(0.932138 0.0209603 0)
(0.979798 0.0257645 0)
(1.03256 0.0306694 0)
(1.09112 0.0354797 0)
(1.15504 0.0386966 0)
(1.22176 0.0402625 0)
(1.29152 0.0393843 0)
(1.36236 0.0368605 0)
(1.43396 0.0330273 0)
(1.50707 0.0269152 0)
(1.57192 0.0165824 0)
(1.62484 0.00759439 0)
(1.67476 -0.000488135 0)
(1.71952 -0.00559754 0)
(1.76262 -0.00702777 0)
(1.80412 -0.00842754 0)
(1.84285 -0.0104363 0)
(1.87748 -0.0125859 0)
(1.90662 -0.014371 0)
(1.93119 -0.0156517 0)
(1.95631 -0.0164423 0)
(1.98562 -0.0167077 0)
(2.01784 -0.0167622 0)
(2.05055 -0.0168259 0)
(2.08229 -0.0168662 0)
(2.11173 -0.0173123 0)
(2.13644 -0.0179267 0)
(2.15576 -0.0183233 0)
(2.17349 -0.018515 0)
(2.19546 -0.0184311 0)
(2.22261 -0.0187418 0)
(2.25207 -0.0186015 0)
(2.28199 -0.0184012 0)
(2.3105 -0.0179079 0)
(2.33642 -0.0174074 0)
(2.35866 -0.0176441 0)
(2.37757 -0.0179494 0)
(2.39602 -0.0188286 0)
(2.4146 -0.0191856 0)
(2.43329 -0.0196263 0)
(2.45154 -0.0204178 0)
(2.46931 -0.0213879 0)
(2.48724 -0.0218557 0)
(2.50522 -0.0217833 0)
(2.51979 -0.0213141 0)
(2.52723 -0.01933 0)
(2.53183 -0.0186185 0)
(2.53942 -0.0182846 0)
(2.55122 -0.0193665 0)
(2.56572 -0.0208271 0)
(2.58256 -0.0228688 0)
(2.60056 -0.025722 0)
(2.61663 -0.0255714 0)
(2.62932 -0.0227812 0)
(2.63814 -0.0193567 0)
(2.64294 -0.0221998 0)
(2.64604 -0.0202728 0)
(2.65345 -0.0180087 0)
(2.66547 -0.0187736 0)
(2.67749 -0.0223437 0)
(2.68767 -0.0225449 0)
(2.69757 -0.0212213 0)
(2.71236 -0.0187191 0)
(2.71337 -0.00623377 0)
(2.67936 0.0406919 0)
(2.5868 0.124547 0)
(2.45618 0.224509 0)
(2.34254 0.261416 0)
(2.26448 0.256465 0)
(2.20154 0.257568 0)
(2.17603 0.21682 0)
(2.13695 0.126806 0)
(2.12294 0.0607609 0)
(2.10995 0.0184488 0)
(2.12868 0.000582167 0)
(2.16352 -0.0092732 0)
(2.16613 -0.0207867 0)
(2.1698 -0.0221904 0)
(2.17853 -0.0182024 0)
(2.19706 -0.0128638 0)
(2.21624 -0.0108532 0)
(2.22468 -0.00848789 0)
(2.22876 -0.00714036 0)
(2.23196 -0.0058238 0)
(2.22867 -0.00431068 0)
(2.24194 -0.00364732 0)
)
;

boundaryField
{
    inlet
    {
        type            fixedValue;
        value           uniform (3 0 0);
    }
    outlet
    {
        type            inletOutlet;
        inletValue      uniform (3 0 0);
        value           nonuniform List<vector> 
32
(
(2.21472 0.0114244 0)
(2.21791 0.0315993 0)
(2.23643 0.0421586 0)
(2.26088 0.0516817 0)
(2.28277 0.0671082 0)
(2.29897 0.0848379 0)
(2.31048 0.0962243 0)
(2.31688 0.109047 0)
(2.32779 0.120762 0)
(2.33715 0.139372 0)
(2.34829 0.166191 0)
(2.3598 0.196907 0)
(2.37307 0.216391 0)
(2.38062 0.225865 0)
(2.38568 0.23581 0)
(2.39067 0.24408 0)
(2.39573 0.265559 0)
(2.40665 0.295113 0)
(2.41328 0.328458 0)
(2.43027 0.348415 0)
(2.44664 0.359598 0)
(2.44121 0.330898 0)
(2.3707 0.165308 0)
(2.29254 -0.0145634 0)
(2.2522 -0.102445 0)
(2.24746 -0.0688089 0)
(2.26068 -0.0505084 0)
(2.2746 -0.0313347 0)
(2.28035 -0.01663 0)
(2.26732 -0.0180354 0)
(2.25247 -0.00865243 0)
(2.24194 -0.00364732 0)
)
;
    }
    bottom
    {
        type            symmetryPlane;
    }
    top
    {
        type            symmetryPlane;
    }
    obstacle
    {
        type            slip;
    }
    defaultFaces
    {
        type            empty;
    }
}


// ************************************************************************* //
