/*--------------------------------*- C++ -*----------------------------------*\
  =========                 |
  \\      /  F ield         | OpenFOAM: The Open Source CFD Toolbox
   \\    /   O peration     | Website:  https://openfoam.org
    \\  /    A nd           | Version:  7
     \\/     M anipulation  |
\*---------------------------------------------------------------------------*/
FoamFile
{
    version     2.0;
    format      ascii;
    class       volVectorField;
    location    "1.8";
    object      U;
}
// * * * * * * * * * * * * * * * * * * * * * * * * * * * * * * * * * * * * * //

dimensions      [0 1 -1 0 0 0 0];

internalField   nonuniform List<vector> 
4032
(
(3 7.89744e-18 0)
(3 1.22313e-16 0)
(3 -1.66159e-16 0)
(3 -2.1553e-16 0)
(3 -9.79259e-16 0)
(3 -1.2266e-15 0)
(3 -8.15526e-16 0)
(3 -5.11491e-16 0)
(3 -6.01494e-16 0)
(3 -4.3154e-16 0)
(3 -7.00356e-17 0)
(3 1.09298e-16 0)
(1.5861 0.0151908 0)
(0.746105 0.0162255 0)
(0.662341 0.0239256 0)
(0.605789 0.0267404 0)
(0.543066 0.028984 0)
(0.479372 0.0301433 0)
(0.415565 0.0304219 0)
(0.350949 0.0312264 0)
(0.283507 0.033484 0)
(0.21049 0.036682 0)
(0.130443 0.0390776 0)
(0.0478845 0.0432038 0)
(3 -7.1599e-17 0)
(3 -1.18009e-16 0)
(3 -4.95801e-16 0)
(3 -6.8561e-16 0)
(3 -1.27183e-15 0)
(3 -1.60547e-15 0)
(3 -1.30946e-15 0)
(3 -8.29271e-16 0)
(3 -1.19969e-15 0)
(3 -1.2986e-15 0)
(3 -6.20405e-16 0)
(3 -5.95031e-16 0)
(1.61962 0.0731375 0)
(0.737707 0.070069 0)
(0.643338 0.0724395 0)
(0.584486 0.0766521 0)
(0.521585 0.0823225 0)
(0.45925 0.0861588 0)
(0.397765 0.088681 0)
(0.335634 0.092989 0)
(0.270891 0.101473 0)
(0.200935 0.112235 0)
(0.123831 0.120353 0)
(0.0454916 0.132494 0)
(3 -1.16491e-16 0)
(3 -7.7872e-16 0)
(3 -5.34474e-16 0)
(3 -3.53671e-16 0)
(3 -7.00818e-16 0)
(3 -9.50227e-16 0)
(3 -1.66033e-15 0)
(3 -1.70965e-15 0)
(3 -1.1162e-15 0)
(3 -7.61507e-16 0)
(3 -5.64448e-16 0)
(3 -1.79984e-15 0)
(1.72969 0.131162 0)
(0.753494 0.127254 0)
(0.646258 0.127918 0)
(0.5835 0.133909 0)
(0.517751 0.141201 0)
(0.454039 0.145219 0)
(0.392137 0.14801 0)
(0.329772 0.154321 0)
(0.265282 0.167751 0)
(0.196411 0.185104 0)
(0.11975 0.198139 0)
(0.0440571 0.216788 0)
(3 1.21758e-16 0)
(3 1.52195e-16 0)
(3 9.57535e-17 0)
(3 -1.83249e-16 0)
(3 -3.06003e-16 0)
(3 -4.78391e-16 0)
(3 -1.36651e-15 0)
(3 -2.07805e-15 0)
(3 -1.53539e-15 0)
(3 -5.12116e-16 0)
(3 -1.03149e-15 0)
(3 -1.64024e-15 0)
(1.90618 0.177806 0)
(0.781446 0.186386 0)
(0.658553 0.184289 0)
(0.595625 0.191765 0)
(0.52929 0.200617 0)
(0.464537 0.205207 0)
(0.40054 0.209408 0)
(0.334811 0.218672 0)
(0.267243 0.237421 0)
(0.196213 0.260782 0)
(0.118689 0.278555 0)
(0.0424426 0.301284 0)
(3 2.02375e-17 0)
(3 5.76574e-17 0)
(3 3.03195e-16 0)
(3 -4.30461e-18 0)
(3 -4.78133e-17 0)
(3 -2.95059e-16 0)
(3 -8.21519e-16 0)
(3 -8.56797e-16 0)
(3 -1.03449e-15 0)
(3 -1.38267e-15 0)
(3 -1.53627e-15 0)
(3 -1.5933e-15 0)
(2.13902 0.214327 0)
(0.816316 0.251643 0)
(0.666636 0.243893 0)
(0.607642 0.252371 0)
(0.546299 0.26267 0)
(0.484962 0.2686 0)
(0.421873 0.275471 0)
(0.355489 0.287913 0)
(0.28746 0.310823 0)
(0.214905 0.339366 0)
(0.132426 0.362878 0)
(0.049379 0.391602 0)
(3 -1.56416e-16 0)
(3 -4.41879e-17 0)
(3 3.34901e-16 0)
(3 5.53255e-16 0)
(3 3.35793e-16 0)
(3 1.65534e-16 0)
(3 2.17575e-16 0)
(3 5.10727e-16 0)
(3 1.0056e-16 0)
(3 -6.86322e-16 0)
(3 -3.94865e-16 0)
(3 -1.27866e-15 0)
(2.43735 0.24498 0)
(0.876566 0.32774 0)
(0.701365 0.30103 0)
(0.653776 0.30802 0)
(0.597762 0.319481 0)
(0.537764 0.32959 0)
(0.473101 0.342212 0)
(0.402635 0.360296 0)
(0.327657 0.390306 0)
(0.245141 0.42984 0)
(0.154268 0.467006 0)
(0.0505769 0.501591 0)
(3 7.55523e-17 0)
(3 5.11605e-17 0)
(3 -1.49901e-16 0)
(3 4.03669e-16 0)
(3 2.03655e-16 0)
(3 2.79749e-16 0)
(3 5.68616e-16 0)
(3 3.63717e-16 0)
(3 -7.86947e-17 0)
(3 -5.4901e-16 0)
(3 4.26957e-16 0)
(3 -1.90734e-16 0)
(2.84774 0.176547 0)
(1.00907 0.383842 0)
(0.776335 0.324463 0)
(0.732094 0.340417 0)
(0.674635 0.364773 0)
(0.613469 0.386431 0)
(0.54778 0.409033 0)
(0.476648 0.436917 0)
(0.400077 0.476041 0)
(0.322993 0.523174 0)
(0.231808 0.573596 0)
(0.101971 0.639692 0)
(3 -6.27226e-17 0)
(3 -2.93134e-16 0)
(3 -2.8427e-16 0)
(3 -1.70827e-16 0)
(3 -9.45158e-17 0)
(3 2.53373e-17 0)
(3 3.43967e-16 0)
(3 -3.41292e-16 0)
(3 -5.32002e-16 0)
(3 -4.2679e-16 0)
(3 8.21044e-16 0)
(3 5.88593e-16 0)
(3.04327 0.0187687 0)
(1.18274 0.388534 0)
(0.817468 0.365608 0)
(0.772521 0.39601 0)
(0.724088 0.422784 0)
(0.672405 0.447678 0)
(0.616175 0.477694 0)
(0.554655 0.515211 0)
(0.485737 0.560139 0)
(0.409534 0.628782 0)
(0.283941 0.739413 0)
(0.153251 0.909323 0)
(3 2.83696e-17 0)
(3 3.62272e-16 0)
(3 3.29828e-16 0)
(3 1.11215e-16 0)
(3 -9.59657e-17 0)
(3 -6.39404e-16 0)
(3 -6.71999e-16 0)
(3 -4.91033e-16 0)
(3 7.94649e-16 0)
(3 1.96342e-15 0)
(3 1.99327e-15 0)
(3 7.83443e-16 0)
(3.00247 5.84112e-05 0)
(1.38977 0.397441 0)
(0.81235 0.416437 0)
(0.754084 0.43768 0)
(0.718319 0.466271 0)
(0.683852 0.499945 0)
(0.651928 0.53921 0)
(0.616402 0.585514 0)
(0.567437 0.644134 0)
(0.521907 0.749609 0)
(0.484057 0.909792 0)
(0.591579 1.18645 0)
(3 -1.89248e-17 0)
(3 8.24775e-18 0)
(3 -1.15848e-17 0)
(3 3.93124e-17 0)
(3 1.86566e-17 0)
(3 -9.36394e-17 0)
(3 -1.376e-16 0)
(3 9.91495e-17 0)
(3 1.07135e-15 0)
(3 1.731e-15 0)
(3 1.12723e-15 0)
(3 -2.69468e-16 0)
(3.00001 -5.33498e-07 0)
(1.79863 0.452668 0)
(0.845061 0.493643 0)
(0.75374 0.478436 0)
(0.729345 0.503573 0)
(0.706635 0.53804 0)
(0.690665 0.581161 0)
(0.672975 0.636467 0)
(0.657651 0.713045 0)
(0.654492 0.83145 0)
(0.71364 0.966934 0)
(0.988643 1.13375 0)
(3 4.29055e-18 0)
(3 -3.00108e-16 0)
(3 5.25432e-17 0)
(3 5.10944e-16 0)
(3 8.91109e-16 0)
(3 1.17906e-15 0)
(3 1.13882e-15 0)
(3 1.09409e-15 0)
(3 1.02562e-15 0)
(3 8.49146e-16 0)
(3 6.43924e-16 0)
(3 -1.75827e-16 0)
(3 -2.75233e-07 0)
(2.48774 0.398123 0)
(0.978751 0.582491 0)
(0.826917 0.517731 0)
(0.787695 0.534547 0)
(0.760581 0.567673 0)
(0.746058 0.612686 0)
(0.737428 0.670822 0)
(0.749949 0.750118 0)
(0.781187 0.858088 0)
(0.899962 0.969859 0)
(1.19675 1.0686 0)
(3 2.20501e-16 0)
(3 -3.29815e-17 0)
(3 7.02875e-17 0)
(3 1.08411e-16 0)
(3 3.11383e-17 0)
(3 6.06353e-16 0)
(3 1.2407e-15 0)
(3 1.57267e-15 0)
(3 1.1313e-15 0)
(3 5.63887e-16 0)
(3 8.20294e-17 0)
(3 1.87323e-16 0)
(3 -4.28003e-08 0)
(3.0839 0.0695036 0)
(1.27483 0.584113 0)
(0.939955 0.558283 0)
(0.889261 0.577879 0)
(0.845816 0.605796 0)
(0.819873 0.64559 0)
(0.810275 0.698289 0)
(0.832419 0.769604 0)
(0.890093 0.8615 0)
(1.03645 0.956653 0)
(1.29503 1.01479 0)
(3 -1.19546e-16 0)
(3 2.42848e-16 0)
(3 9.50239e-17 0)
(3 -3.35034e-16 0)
(3 -7.69106e-16 0)
(3 -5.38086e-16 0)
(3 5.94679e-17 0)
(3 3.11108e-16 0)
(3 1.13528e-16 0)
(3 -6.36298e-16 0)
(3 -1.19372e-15 0)
(3 -8.02072e-16 0)
(3 -2.74173e-09 0)
(3.01294 0.000413145 0)
(1.56719 0.554922 0)
(0.963752 0.639524 0)
(0.914166 0.650807 0)
(0.885567 0.666625 0)
(0.873426 0.694497 0)
(0.877394 0.729405 0)
(0.907153 0.778383 0)
(0.97707 0.84693 0)
(1.12042 0.917501 0)
(1.33663 0.956099 0)
(3 -2.14914e-16 0)
(3 1.80292e-16 0)
(3 1.34959e-16 0)
(3 5.77908e-17 0)
(3 -2.00959e-16 0)
(3 -1.29112e-15 0)
(3 -1.31714e-15 0)
(3 -1.08553e-15 0)
(3 -7.33258e-16 0)
(3 -1.36998e-16 0)
(3 7.57955e-16 0)
(3 1.35503e-15 0)
(3 -4.07675e-11 0)
(3.00009 -3.62756e-06 0)
(2.33801 0.474638 0)
(1.06965 0.694458 0)
(0.963883 0.696888 0)
(0.9404 0.702093 0)
(0.934315 0.717735 0)
(0.944575 0.745184 0)
(0.980818 0.786014 0)
(1.0563 0.837743 0)
(1.18431 0.887376 0)
(1.36083 0.91441 0)
(3 8.61599e-17 0)
(3 -3.41061e-17 0)
(3 5.99987e-17 0)
(3 -6.08282e-17 0)
(3 -2.57228e-16 0)
(3 -7.5996e-16 0)
(3 -1.95736e-16 0)
(3 -7.68904e-17 0)
(3 -3.16191e-16 0)
(3 3.19261e-16 0)
(3 1.20084e-15 0)
(3 2.06057e-15 0)
(3 -3.96329e-14 0)
(3.00001 -3.10832e-06 0)
(3.06762 0.0850677 0)
(1.38461 0.697412 0)
(1.05452 0.717368 0)
(1.02387 0.720658 0)
(1.0076 0.743452 0)
(1.01588 0.7596 0)
(1.05115 0.785708 0)
(1.12138 0.822829 0)
(1.23001 0.856081 0)
(1.3703 0.873645 0)
(3 1.68269e-16 0)
(3 1.10651e-16 0)
(3 -7.01348e-17 0)
(3 -1.38372e-16 0)
(3 -1.05854e-16 0)
(3 -4.30616e-17 0)
(3 3.45141e-17 0)
(3 -2.04548e-17 0)
(3 -2.52891e-16 0)
(3 -3.59423e-16 0)
(3 -2.26874e-16 0)
(3 5.86088e-16 0)
(3 2.08272e-17 0)
(3 -5.40445e-07 0)
(3.01319 0.000809658 0)
(1.87639 0.659379 0)
(1.10577 0.787908 0)
(1.06903 0.784283 0)
(1.07235 0.782294 0)
(1.08439 0.789297 0)
(1.11692 0.803912 0)
(1.17932 0.824856 0)
(1.27265 0.845315 0)
(1.38607 0.856171 0)
(3 1.60999e-17 0)
(3 -3.08393e-17 0)
(3 -8.56258e-17 0)
(3 1.24436e-16 0)
(3 4.2719e-16 0)
(3 3.77264e-16 0)
(3 8.4779e-17 0)
(3 -2.83603e-16 0)
(3 -6.34389e-16 0)
(3 -1.07371e-15 0)
(3 -1.13825e-15 0)
(3 -1.01574e-15 0)
(3 7.06102e-16 0)
(3 -3.53734e-08 0)
(3.00009 3.40558e-06 0)
(2.89654 0.266836 0)
(1.32065 0.77556 0)
(1.13431 0.786795 0)
(1.15438 0.792297 0)
(1.1644 0.803419 0)
(1.1912 0.812054 0)
(1.2407 0.821986 0)
(1.31605 0.83263 0)
(1.40784 0.838386 0)
(3 -7.70331e-17 0)
(3 -5.29115e-16 0)
(3 -2.90141e-16 0)
(3 5.86124e-16 0)
(3 1.00329e-15 0)
(3 1.09113e-15 0)
(3 5.0147e-16 0)
(3 -4.75822e-16 0)
(3 -7.35765e-16 0)
(3 -7.39068e-16 0)
(3 -8.9e-16 0)
(3 -6.36209e-16 0)
(3 5.10089e-17 0)
(3 -1.27933e-10 0)
(3.00001 -2.78807e-06 0)
(3.04174 0.00881716 0)
(1.68844 0.733304 0)
(1.16267 0.831664 0)
(1.17221 0.831348 0)
(1.20477 0.838816 0)
(1.24143 0.845794 0)
(1.29031 0.84942 0)
(1.35301 0.850973 0)
(1.42993 0.846815 0)
(3 -2.25547e-16 0)
(3 -4.42143e-16 0)
(3 -7.20453e-17 0)
(3 6.60146e-16 0)
(3 8.0796e-16 0)
(3 3.59391e-16 0)
(3 -6.69682e-17 0)
(3 -1.02276e-17 0)
(3 -7.69356e-17 0)
(3 -7.06263e-17 0)
(3 -5.41395e-16 0)
(3 -1.12096e-15 0)
(3 -1.21876e-15 0)
(3 -1.38736e-13 0)
(3 -5.24785e-07 0)
(3.00072 0.00011877 0)
(2.69772 0.428225 0)
(1.31785 0.851297 0)
(1.20833 0.822275 0)
(1.25235 0.831369 0)
(1.28892 0.843733 0)
(1.33916 0.849837 0)
(1.39547 0.850296 0)
(1.46258 0.84271 0)
(3 3.86301e-17 0)
(3 2.12728e-16 0)
(3 1.38069e-17 0)
(3 -4.2899e-17 0)
(3 -1.1592e-16 0)
(3 -3.32671e-16 0)
(3 -6.54011e-16 0)
(3 -1.10696e-16 0)
(3 4.56508e-16 0)
(3 9.094e-16 0)
(3 6.22376e-16 0)
(3 -3.3752e-16 0)
(3 -9.54571e-16 0)
(3 -5.40478e-16 0)
(3 -3.29609e-08 0)
(3 3.25876e-08 0)
(3.05695 0.0280752 0)
(1.73182 0.779883 0)
(1.24672 0.863983 0)
(1.2741 0.862757 0)
(1.31158 0.867629 0)
(1.36137 0.87182 0)
(1.41718 0.871688 0)
(1.47972 0.863974 0)
(3 1.71567e-16 0)
(3 5.40903e-16 0)
(3 1.68074e-17 0)
(3 -1.27657e-15 0)
(3 -9.66317e-16 0)
(3 -6.35631e-16 0)
(3 -3.61982e-16 0)
(3 2.4821e-16 0)
(3 9.46491e-16 0)
(3 1.65542e-15 0)
(3 2.21696e-15 0)
(3 1.83104e-15 0)
(3 1.31549e-15 0)
(3 5.62761e-16 0)
(3 -1.54904e-10 0)
(3 -8.46804e-08 0)
(3.00203 0.000682666 0)
(2.71869 0.448301 0)
(1.40571 0.90405 0)
(1.30808 0.86304 0)
(1.34889 0.86146 0)
(1.39076 0.865424 0)
(1.4431 0.866727 0)
(1.50238 0.862049 0)
(3 -2.7799e-18 0)
(3 2.85547e-16 0)
(3 1.38535e-16 0)
(3 -4.41582e-16 0)
(3 -6.15787e-16 0)
(3 -3.41193e-16 0)
(3 6.86289e-16 0)
(3 7.42934e-16 0)
(3 8.69095e-16 0)
(3 9.9773e-16 0)
(3 1.17538e-15 0)
(3 2.00863e-15 0)
(3 2.90746e-15 0)
(3 2.345e-15 0)
(3 -8.91369e-14 0)
(3 -3.09836e-08 0)
(3 1.66501e-06 0)
(3.04784 0.0296712 0)
(1.90106 0.789172 0)
(1.35902 0.898543 0)
(1.37613 0.893006 0)
(1.41331 0.890379 0)
(1.45686 0.887163 0)
(1.50852 0.881081 0)
(3 -1.91309e-17 0)
(3 -3.77806e-16 0)
(3 -5.18319e-17 0)
(3 -2.71149e-16 0)
(3 2.20902e-16 0)
(3 9.04823e-16 0)
(3 6.37775e-16 0)
(3 2.88996e-16 0)
(3 -1.15974e-17 0)
(3 -6.18405e-17 0)
(3 1.51755e-16 0)
(3 8.75815e-16 0)
(3 1.01576e-15 0)
(3 1.35211e-15 0)
(3 5.93638e-16 0)
(3 -4.31203e-09 0)
(3 -3.65585e-09 0)
(3.00148 0.000942529 0)
(2.8089 0.346613 0)
(1.61465 0.920939 0)
(1.40508 0.905208 0)
(1.45024 0.898698 0)
(1.48282 0.891711 0)
(1.52668 0.881942 0)
(3 -1.04924e-16 0)
(3 -6.08784e-16 0)
(3 -3.8695e-16 0)
(3 -8.87639e-17 0)
(3 7.1708e-16 0)
(3 9.46244e-16 0)
(3 6.14208e-16 0)
(3 5.72451e-16 0)
(3 1.67401e-16 0)
(3 -4.33349e-16 0)
(3 -2.37934e-16 0)
(3 -2.68344e-16 0)
(3 -1.07939e-15 0)
(3 -1.37494e-15 0)
(3 -1.25491e-15 0)
(3 -8.07371e-11 0)
(3 -1.01345e-09 0)
(3 2.80013e-06 0)
(3.01899 0.0216483 0)
(2.2714 0.725727 0)
(1.49063 0.940201 0)
(1.47908 0.930464 0)
(1.51107 0.913569 0)
(1.54506 0.900938 0)
(3 -3.61785e-16 0)
(3 -1.42707e-17 0)
(3 6.31408e-16 0)
(3 6.34021e-16 0)
(3 4.60464e-16 0)
(3 3.75918e-16 0)
(3 8.02405e-16 0)
(3 8.65659e-16 0)
(3 5.6973e-16 0)
(3 -4.80187e-17 0)
(3 -7.99228e-16 0)
(3 -1.60511e-15 0)
(3 -1.49954e-15 0)
(3 -1.42913e-15 0)
(3 -8.06298e-16 0)
(3 -1.78147e-13 0)
(3 -9.20471e-11 0)
(3 5.98444e-10 0)
(3.00028 0.000659842 0)
(2.97357 0.166917 0)
(1.88742 0.863305 0)
(1.51977 0.941738 0)
(1.55344 0.927779 0)
(1.58167 0.912273 0)
(3 2.48078e-16 0)
(3 1.84861e-16 0)
(3 3.24425e-16 0)
(3 5.24086e-16 0)
(3 1.44342e-16 0)
(3 -9.98454e-16 0)
(3 -7.82902e-16 0)
(3 -4.8397e-16 0)
(3 -5.13068e-16 0)
(3 -6.76241e-16 0)
(3 -1.3228e-15 0)
(3 -1.80377e-15 0)
(3 -1.18038e-15 0)
(3 -7.13762e-16 0)
(3 -4.98427e-16 0)
(3 -6.87989e-16 0)
(3 -4.10486e-12 0)
(3 -4.01326e-12 0)
(3 1.50365e-06 0)
(3.00433 0.00929277 0)
(2.66153 0.46422 0)
(1.72673 0.943753 0)
(1.56863 0.954125 0)
(1.60671 0.940013 0)
(3 1.70738e-16 0)
(3 1.58445e-16 0)
(3 -4.38198e-16 0)
(3 -2.18797e-16 0)
(3 -2.07573e-16 0)
(3 -1.60337e-16 0)
(3 -4.26899e-16 0)
(3 -1.58577e-15 0)
(3 -2.12587e-15 0)
(3 -2.20044e-15 0)
(3 -2.04348e-15 0)
(3 -1.06041e-15 0)
(3 -3.68742e-16 0)
(3 -2.53871e-16 0)
(3 -2.62806e-16 0)
(3 -2.013e-16 0)
(3 -3.9357e-14 0)
(3 -1.19556e-12 0)
(3 6.02339e-10 0)
(3 0.000118672 0)
(3.00221 0.0467881 0)
(2.31796 0.714006 0)
(1.64767 0.970377 0)
(1.62419 0.966294 0)
(3 -2.1508e-16 0)
(3 7.36186e-17 0)
(3 -6.50448e-16 0)
(3 -6.25707e-16 0)
(3 1.27823e-17 0)
(3 3.96883e-16 0)
(3 2.14492e-16 0)
(3 -5.82138e-16 0)
(3 -1.2644e-15 0)
(3 -1.41107e-15 0)
(3 -1.49587e-15 0)
(3 -1.16482e-15 0)
(3 -9.34448e-16 0)
(3 -3.48172e-16 0)
(3 -9.32376e-20 0)
(3 3.34261e-16 0)
(3 6.73521e-16 0)
(3 -1.26911e-13 0)
(3 -4.07298e-14 0)
(3 1.32214e-07 0)
(3.00011 0.0017805 0)
(2.94084 0.171564 0)
(2.05746 0.832777 0)
(1.68359 0.968161 0)
(3 2.22166e-16 0)
(3 6.10332e-17 0)
(3 -1.89415e-16 0)
(3 -6.25405e-17 0)
(3 -1.59589e-16 0)
(3 -6.18141e-16 0)
(3 -6.35362e-16 0)
(3 4.29528e-16 0)
(3 1.07759e-16 0)
(3 -1.17147e-16 0)
(3 1.53139e-17 0)
(3 -5.09178e-16 0)
(3 -6.00196e-16 0)
(3 -4.37562e-16 0)
(3 -6.69048e-16 0)
(3 -5.47168e-16 0)
(3 -1.17447e-16 0)
(3 -3.40765e-15 0)
(3 -1.4768e-14 0)
(3 5.74108e-11 0)
(3 6.42109e-06 0)
(3.00026 0.0105636 0)
(2.75841 0.364463 0)
(1.92757 0.901111 0)
(3 1.64592e-16 0)
(3 1.6643e-16 0)
(3 3.46965e-16 0)
(3 4.89058e-17 0)
(3 -1.9269e-16 0)
(3 -1.97807e-16 0)
(3 1.10507e-17 0)
(3 3.33641e-16 0)
(3 9.36544e-16 0)
(3 9.96177e-16 0)
(3 6.69143e-16 0)
(3 6.07915e-16 0)
(3 7.18588e-16 0)
(3 4.17121e-16 0)
(3 1.37519e-16 0)
(3 -1.5934e-17 0)
(3 -4.31316e-16 0)
(3 -1.77429e-15 0)
(3 -4.2845e-15 0)
(3 1.70453e-15 0)
(3 4.83204e-09 0)
(2.99998 0.000122246 0)
(2.99566 0.032579 0)
(2.53542 0.544931 0)
(3 -2.74797e-16 0)
(3 -9.05079e-17 0)
(3 6.42782e-16 0)
(3 2.79772e-17 0)
(3 6.02574e-17 0)
(3 1.95645e-16 0)
(3 1.81559e-16 0)
(3 4.96209e-16 0)
(3 1.02642e-15 0)
(3 5.9363e-16 0)
(3 -3.59667e-16 0)
(3 -4.99229e-16 0)
(3 1.13902e-15 0)
(3 1.12037e-15 0)
(3 8.63192e-16 0)
(3 8.20738e-16 0)
(3 -8.7878e-16 0)
(3 -1.52222e-15 0)
(3 -1.93406e-15 0)
(3 -1.52909e-15 0)
(3 1.13707e-12 0)
(3 1.60969e-07 0)
(2.99986 0.000926623 0)
(2.97263 0.0763396 0)
(3 -4.30014e-18 0)
(3 1.12349e-16 0)
(3 8.55503e-16 0)
(3 9.72305e-16 0)
(3 7.56003e-16 0)
(3 4.2604e-16 0)
(3 3.03644e-17 0)
(3 3.26589e-17 0)
(3 2.9126e-16 0)
(3 3.06316e-16 0)
(3 -1.57029e-16 0)
(3 -4.91024e-16 0)
(3 8.28647e-16 0)
(3 9.97195e-16 0)
(3 4.09337e-16 0)
(3 -5.40599e-16 0)
(3 -8.39581e-16 0)
(3 -4.78723e-16 0)
(3 2.04098e-17 0)
(3 2.8749e-16 0)
(3 -6.72686e-17 0)
(3 8.75667e-11 0)
(3 2.36042e-06 0)
(2.99951 0.00354575 0)
(3 2.64628e-16 0)
(3 2.42825e-16 0)
(3 -9.37578e-17 0)
(3 1.97254e-16 0)
(3 2.07369e-16 0)
(3 7.46702e-17 0)
(3 1.7515e-16 0)
(3 3.76691e-16 0)
(3 2.63285e-16 0)
(3 5.06277e-16 0)
(3 7.77251e-16 0)
(3 5.92657e-16 0)
(3 4.99098e-16 0)
(3 3.20747e-16 0)
(3 -6.39182e-16 0)
(3 -1.63954e-15 0)
(3 -6.72362e-16 0)
(3 3.08723e-16 0)
(3 -1.19401e-16 0)
(3 -4.85699e-16 0)
(3 -9.24521e-16 0)
(3 6.57586e-15 0)
(3 2.20766e-09 0)
(3 1.76628e-05 0)
(3 -1.06294e-16 0)
(3 -3.33888e-16 0)
(3 -1.01572e-15 0)
(3 -7.12539e-16 0)
(3 -5.37862e-16 0)
(3 -3.63934e-16 0)
(3 5.49959e-17 0)
(3 2.17133e-16 0)
(3 1.19611e-17 0)
(3 4.81959e-16 0)
(3 1.43484e-15 0)
(3 7.67597e-16 0)
(3 -5.05801e-16 0)
(3 -6.941e-16 0)
(3 -1.20298e-15 0)
(3 -9.81132e-16 0)
(3 -5.25414e-16 0)
(3 -2.57852e-16 0)
(3 -1.00478e-15 0)
(3 -1.04549e-15 0)
(3 -4.12962e-16 0)
(3 -4.68137e-16 0)
(3 3.15319e-13 0)
(3 2.22245e-08 0)
(3 -2.13746e-18 0)
(3 -4.33778e-17 0)
(3 -3.33945e-16 0)
(3 1.30573e-16 0)
(3 5.74746e-16 0)
(3 2.39406e-16 0)
(3 -3.72489e-16 0)
(3 -6.42732e-16 0)
(3 -8.36189e-17 0)
(3 9.91787e-16 0)
(3 1.14003e-15 0)
(3 9.94523e-16 0)
(3 3.34113e-16 0)
(3 1.8799e-16 0)
(3 -5.48759e-16 0)
(3 -6.66873e-16 0)
(3 -9.86074e-16 0)
(3 -1.20635e-15 0)
(3 -7.74145e-16 0)
(3 -6.12827e-16 0)
(3 4.17987e-17 0)
(3 -1.93051e-16 0)
(3 -4.75796e-16 0)
(3 5.98056e-12 0)
(3 8.83932e-17 0)
(3 2.58787e-16 0)
(3 3.53342e-16 0)
(3 1.24632e-16 0)
(3 1.12913e-16 0)
(3 -4.95551e-16 0)
(3 -7.08582e-16 0)
(3 -6.07925e-16 0)
(3 -2.31504e-16 0)
(3 -1.27601e-16 0)
(3 3.61026e-17 0)
(3 4.16952e-16 0)
(3 7.12461e-16 0)
(3 -6.47405e-16 0)
(3 -8.81224e-16 0)
(3 -1.1223e-15 0)
(3 -8.76087e-16 0)
(3 -9.37962e-16 0)
(3 -8.60311e-16 0)
(3 -2.51946e-16 0)
(3 4.32273e-17 0)
(3 2.24752e-16 0)
(3 -1.69386e-16 0)
(3 1.09022e-15 0)
(3 -8.41453e-17 0)
(3 -6.44755e-17 0)
(3 1.98855e-16 0)
(3 -1.16254e-16 0)
(3 -3.37912e-16 0)
(3 8.88512e-17 0)
(3 3.14386e-16 0)
(3 -1.7937e-16 0)
(3 -8.99158e-16 0)
(3 -1.07048e-15 0)
(3 -9.71274e-16 0)
(3 -9.11453e-16 0)
(3 -8.6283e-16 0)
(3 -1.2568e-15 0)
(3 -8.24853e-16 0)
(3 -3.76042e-16 0)
(3 1.86374e-16 0)
(3 4.71601e-16 0)
(3 5.36786e-16 0)
(3 3.63882e-16 0)
(3 1.40809e-16 0)
(3 4.35177e-16 0)
(3 1.35442e-16 0)
(3 4.8538e-17 0)
(3 1.47247e-17 0)
(3 -5.66021e-16 0)
(3 -7.74061e-16 0)
(3 -6.3149e-16 0)
(3 -4.69451e-16 0)
(3 -2.36654e-16 0)
(3 1.65687e-16 0)
(3 -5.54914e-16 0)
(3 -7.61515e-16 0)
(3 -7.18766e-16 0)
(3 -8.1714e-16 0)
(3 -1.03925e-15 0)
(3 -1.58193e-15 0)
(3 -1.72534e-15 0)
(3 -1.48403e-15 0)
(3 -9.1789e-16 0)
(3 -4.10848e-16 0)
(3 4.98823e-16 0)
(3 4.81329e-16 0)
(3 -3.2586e-17 0)
(3 -5.24155e-16 0)
(3 -7.70823e-16 0)
(3 9.60667e-17 0)
(3 4.75205e-16 0)
(3 2.83594e-16 0)
(3 2.07858e-16 0)
(3 -6.1904e-16 0)
(3 -7.12892e-16 0)
(3 -6.17546e-16 0)
(3 -1.1292e-15 0)
(3 -1.16471e-15 0)
(3 -4.63918e-16 0)
(3 -5.11539e-16 0)
(3 -6.93475e-16 0)
(3 -4.72464e-16 0)
(3 -3.97528e-16 0)
(3 -1.39409e-15 0)
(3 -1.55873e-15 0)
(3 -1.45079e-15 0)
(3 -1.53242e-15 0)
(3 -9.95213e-16 0)
(3 -6.48647e-16 0)
(3 -5.59394e-16 0)
(3 -1.36465e-15 0)
(3 -2.04619e-15 0)
(3 -9.93833e-16 0)
(3 6.26013e-16 0)
(3 1.82686e-15 0)
(3 2.10729e-16 0)
(3 4.65877e-16 0)
(3 2.34171e-16 0)
(3 3.93372e-17 0)
(3 -2.25707e-16 0)
(3 -6.1938e-16 0)
(3 -6.94276e-16 0)
(3 4.52165e-17 0)
(3 3.45908e-17 0)
(3 2.65659e-17 0)
(3 4.97995e-17 0)
(3 6.26195e-17 0)
(3 -5.19342e-16 0)
(3 -7.4943e-16 0)
(3 -4.59814e-16 0)
(3 -5.78302e-16 0)
(3 -8.51795e-16 0)
(3 -9.15692e-16 0)
(3 -6.71607e-16 0)
(3 -7.66232e-16 0)
(3 -1.46036e-15 0)
(3 -1.22465e-15 0)
(3 -6.09485e-16 0)
(3 3.68303e-16 0)
(1.5004 1.25992 0)
(2.03697 1.22059 0)
(2.32376 1.42608 0)
(2.45943 0.852692 0)
(2.61539 0.366649 0)
(2.68354 -0.067362 0)
(2.67648 -0.260128 0)
(2.58983 -0.341447 0)
(2.47784 -0.275491 0)
(2.47186 -0.264759 0)
(2.49026 -0.296432 0)
(2.5125 -0.247369 0)
(2.51375 -0.14807 0)
(2.49071 -0.12308 0)
(2.45092 -0.106191 0)
(2.41996 -0.083468 0)
(2.39937 -0.0765421 0)
(2.42418 -0.0615199 0)
(2.45389 -0.0264882 0)
(2.46038 -0.00972223 0)
(2.46039 -0.0112167 0)
(2.4632 -0.0130601 0)
(2.46332 -0.0113231 0)
(2.45918 -0.00947803 0)
(2.44517 -0.00493902 0)
(2.4361 -0.00403851 0)
(2.43811 -0.00489699 0)
(2.44981 -0.00619936 0)
(2.46443 -0.00691185 0)
(2.47162 -0.0066114 0)
(2.47647 -0.00697857 0)
(2.47701 -0.00819902 0)
(2.47518 -0.00896756 0)
(2.47262 -0.00896461 0)
(2.47653 -0.00515819 0)
(2.48151 -0.0023351 0)
(2.48386 -0.000894959 0)
(2.48799 0.000259716 0)
(2.49398 0.00073418 0)
(2.49903 0.000850899 0)
(2.50156 0.00117192 0)
(2.50356 0.00540094 0)
(2.50296 0.000253189 0)
(2.4802 -0.0199926 0)
(2.34596 -0.10889 0)
(2.11483 -0.238616 0)
(1.89669 -0.30974 0)
(1.75564 -0.288186 0)
(1.71256 -0.23492 0)
(1.64422 -0.15639 0)
(1.6619 -0.0787209 0)
(1.72492 -0.0310573 0)
(1.78349 0.00259723 0)
(1.82102 0.012565 0)
(1.85406 0.0119615 0)
(1.88208 0.00763898 0)
(1.90951 0.00249279 0)
(1.93667 0.00215423 0)
(1.96035 0.00351233 0)
(1.97948 0.00446221 0)
(1.99442 0.00530252 0)
(2.00908 0.00712146 0)
(2.03024 0.00886063 0)
(2.05544 0.0101863 0)
(2.08153 0.0105172 0)
(2.10776 0.00988461 0)
(2.13579 0.00795457 0)
(2.16463 0.00708525 0)
(2.19156 0.00679199 0)
(2.21448 0.00630637 0)
(2.22658 0.00633256 0)
(2.22949 0.00885225 0)
(2.23972 0.0120209 0)
(2.25841 0.0129223 0)
(2.27877 0.0131558 0)
(2.29904 0.0133539 0)
(2.32302 0.0125726 0)
(2.34492 0.00945372 0)
(2.36523 0.00695661 0)
(2.38745 0.00593356 0)
(2.40681 0.00503193 0)
(2.40969 0.00646105 0)
(2.3974 0.01134 0)
(2.39632 0.0161072 0)
(2.4109 0.0171526 0)
(2.42791 0.0174213 0)
(2.44663 0.0170186 0)
(2.47292 0.0153654 0)
(2.50669 0.0112342 0)
(2.52848 0.00686917 0)
(2.55317 0.00494829 0)
(2.57733 0.00339979 0)
(2.58697 0.00390824 0)
(2.56928 0.00956525 0)
(2.55948 0.0154499 0)
(2.5844 0.0153852 0)
(1.76184 1.1124 0)
(2.30676 0.74185 0)
(2.56071 0.446832 0)
(2.60835 0.137288 0)
(2.74096 -0.229476 0)
(2.79887 -0.472738 0)
(2.81097 -0.586078 0)
(2.75978 -0.646079 0)
(2.74995 -0.619492 0)
(2.67787 -0.513022 0)
(2.65246 -0.38344 0)
(2.62122 -0.275861 0)
(2.56363 -0.18208 0)
(2.53634 -0.140115 0)
(2.51552 -0.108952 0)
(2.48734 -0.0641123 0)
(2.46578 -0.0428446 0)
(2.47698 -0.0434459 0)
(2.49356 0.00354902 0)
(2.49159 0.0261912 0)
(2.47872 0.0191553 0)
(2.47626 -0.00596098 0)
(2.47871 -0.0233292 0)
(2.47426 -0.0209215 0)
(2.46442 -0.0133975 0)
(2.46024 -0.00719952 0)
(2.46139 -0.00650166 0)
(2.47018 -0.00798293 0)
(2.48513 -0.00846056 0)
(2.49407 -0.00401719 0)
(2.49979 -0.00289091 0)
(2.50145 -0.00574191 0)
(2.50086 -0.00908359 0)
(2.49905 -0.0122956 0)
(2.49967 -0.00730475 0)
(2.50269 0.000934354 0)
(2.50515 0.00389677 0)
(2.5086 0.00730728 0)
(2.51297 0.0118056 0)
(2.51522 0.0136997 0)
(2.51785 0.0180845 0)
(2.51153 0.00528455 0)
(2.48466 -0.0533727 0)
(2.38205 -0.216745 0)
(2.22921 -0.446179 0)
(2.06747 -0.655006 0)
(2.02508 -0.641532 0)
(1.95684 -0.502585 0)
(1.8814 -0.261649 0)
(1.79182 -0.0735483 0)
(1.74124 0.0270215 0)
(1.75805 0.03496 0)
(1.79351 0.0439995 0)
(1.82858 0.0397063 0)
(1.86156 0.026973 0)
(1.88722 0.0137124 0)
(1.91664 -0.000866775 0)
(1.94363 -0.00600992 0)
(1.96929 -0.0052106 0)
(1.99332 -0.0036419 0)
(2.01374 -0.000224614 0)
(2.03025 0.00854957 0)
(2.04886 0.0233037 0)
(2.06904 0.0361516 0)
(2.09008 0.0415999 0)
(2.11481 0.0411953 0)
(2.1405 0.0355904 0)
(2.16901 0.0212065 0)
(2.19477 0.00799137 0)
(2.21796 -0.000305331 0)
(2.23696 -0.00630251 0)
(2.25022 -0.00197307 0)
(2.26273 0.0128434 0)
(2.27603 0.0298725 0)
(2.29031 0.0418871 0)
(2.30784 0.0460582 0)
(2.32619 0.0455696 0)
(2.34779 0.0394161 0)
(2.37089 0.0287733 0)
(2.39106 0.0159937 0)
(2.40881 0.0017665 0)
(2.42022 -0.00718864 0)
(2.42263 0.00192799 0)
(2.41968 0.0250559 0)
(2.41967 0.0449937 0)
(2.43339 0.0505535 0)
(2.45054 0.0515316 0)
(2.47178 0.0495727 0)
(2.49851 0.040257 0)
(2.52432 0.0292198 0)
(2.54895 0.0190609 0)
(2.57166 0.00759388 0)
(2.58813 -0.00560103 0)
(2.59047 -0.00388267 0)
(2.58303 0.0167806 0)
(2.59714 0.0365129 0)
(1.69485 1.03449 0)
(2.11285 0.788715 0)
(2.30354 0.654148 0)
(2.43005 0.544692 0)
(2.66231 0.164429 0)
(2.70767 -0.139235 0)
(2.73948 -0.1366 0)
(2.75423 -0.196271 0)
(2.79593 -0.28629 0)
(2.79743 -0.40363 0)
(2.79596 -0.455643 0)
(2.77501 -0.445497 0)
(2.71381 -0.416973 0)
(2.69541 -0.373556 0)
(2.69329 -0.318434 0)
(2.67172 -0.247526 0)
(2.63914 -0.178434 0)
(2.60589 -0.14435 0)
(2.57049 -0.0728383 0)
(2.55417 -0.0142984 0)
(2.5398 -0.0142143 0)
(2.53452 -0.0162641 0)
(2.53706 -0.00636371 0)
(2.52957 0.00670266 0)
(2.51997 0.00590923 0)
(2.51827 -0.00488314 0)
(2.5197 -0.0153634 0)
(2.52127 -0.0152746 0)
(2.52852 -0.0140321 0)
(2.53818 -0.0163677 0)
(2.54622 -0.0157662 0)
(2.54758 -0.0152772 0)
(2.54486 -0.0168373 0)
(2.54138 -0.017043 0)
(2.54317 -0.0122375 0)
(2.54675 -0.00408347 0)
(2.55009 0.00273579 0)
(2.55284 0.00653475 0)
(2.55365 0.0068497 0)
(2.55257 0.00743779 0)
(2.54261 -0.0104763 0)
(2.48431 -0.100519 0)
(2.37826 -0.285772 0)
(2.21374 -0.515041 0)
(2.09691 -0.675476 0)
(2.0869 -0.675317 0)
(2.12558 -0.698273 0)
(2.137 -0.679383 0)
(2.12078 -0.594442 0)
(2.07056 -0.423205 0)
(2.00512 -0.237689 0)
(1.93288 -0.108399 0)
(1.87109 -0.025943 0)
(1.88457 0.0146967 0)
(1.89896 0.0406207 0)
(1.92339 0.0465879 0)
(1.94557 0.037248 0)
(1.96632 0.0275797 0)
(1.99125 0.0193338 0)
(2.02034 0.0159956 0)
(2.04487 0.0134602 0)
(2.06219 0.0102891 0)
(2.07924 0.0165958 0)
(2.09773 0.0278146 0)
(2.11705 0.0397322 0)
(2.13527 0.0471058 0)
(2.15705 0.0470661 0)
(2.17949 0.0425909 0)
(2.20175 0.0336803 0)
(2.22502 0.0242531 0)
(2.24844 0.0154791 0)
(2.27001 0.00961304 0)
(2.29011 0.0113948 0)
(2.30773 0.0251589 0)
(2.3193 0.0479571 0)
(2.32504 0.0659151 0)
(2.33613 0.0687167 0)
(2.35378 0.0643217 0)
(2.37173 0.0560733 0)
(2.38834 0.0424951 0)
(2.40356 0.0276558 0)
(2.41968 0.0169212 0)
(2.43549 0.013911 0)
(2.44943 0.0226351 0)
(2.45565 0.045645 0)
(2.45555 0.0690379 0)
(2.4677 0.0755462 0)
(2.48673 0.0733914 0)
(2.50538 0.0678309 0)
(2.52462 0.0577216 0)
(2.54432 0.043987 0)
(2.56208 0.0303396 0)
(2.57711 0.0185143 0)
(2.5932 0.0108347 0)
(2.60761 0.0168526 0)
(2.62694 0.0389705 0)
(1.62967 0.987051 0)
(1.88352 0.905213 0)
(2.16339 0.682562 0)
(2.36472 0.479814 0)
(2.43989 0.40199 0)
(2.54674 0.173344 0)
(2.61061 0.0392316 0)
(2.68343 -0.042553 0)
(2.77093 -0.248548 0)
(2.75469 -0.398848 0)
(2.76598 -0.402389 0)
(2.78702 -0.44633 0)
(2.77916 -0.496319 0)
(2.77798 -0.484762 0)
(2.77369 -0.455703 0)
(2.75865 -0.407724 0)
(2.73513 -0.360719 0)
(2.70407 -0.303154 0)
(2.66502 -0.224202 0)
(2.6439 -0.142817 0)
(2.64099 -0.12089 0)
(2.63505 -0.1048 0)
(2.60032 -0.0788704 0)
(2.57953 -0.0382272 0)
(2.57252 -0.0285765 0)
(2.57007 -0.0106371 0)
(2.56523 0.0147534 0)
(2.56457 0.0180833 0)
(2.56724 0.0130757 0)
(2.57498 0.00259125 0)
(2.58514 -0.00131329 0)
(2.58862 -0.00656396 0)
(2.58835 -0.0203952 0)
(2.58436 -0.027476 0)
(2.5877 -0.0249208 0)
(2.59365 -0.0195724 0)
(2.59592 -0.00851476 0)
(2.59504 0.00925433 0)
(2.59492 0.0133076 0)
(2.57954 -0.00724969 0)
(2.51588 -0.101185 0)
(2.33681 -0.34682 0)
(2.16807 -0.613656 0)
(2.15583 -0.636049 0)
(2.14295 -0.650508 0)
(2.14672 -0.672434 0)
(2.15288 -0.695811 0)
(2.16397 -0.697015 0)
(2.17815 -0.686522 0)
(2.18493 -0.641826 0)
(2.17425 -0.548105 0)
(2.11084 -0.384312 0)
(2.0076 -0.200708 0)
(1.98789 -0.0912107 0)
(1.96607 -0.00719843 0)
(1.97847 0.0308073 0)
(1.97956 0.0391132 0)
(1.98811 0.0436346 0)
(2.01024 0.0507949 0)
(2.04344 0.0472081 0)
(2.0741 0.0396669 0)
(2.09493 0.0273961 0)
(2.11304 0.0168379 0)
(2.12963 0.0163309 0)
(2.14942 0.0269212 0)
(2.16509 0.0419755 0)
(2.17775 0.0523746 0)
(2.19543 0.0518491 0)
(2.21614 0.0481776 0)
(2.23872 0.0440353 0)
(2.26299 0.0413215 0)
(2.28694 0.0389869 0)
(2.3091 0.0387951 0)
(2.32891 0.0437294 0)
(2.34415 0.0530387 0)
(2.35072 0.0648795 0)
(2.35259 0.0724651 0)
(2.36332 0.0688643 0)
(2.37887 0.0609192 0)
(2.39431 0.053904 0)
(2.41061 0.0512342 0)
(2.42655 0.0503244 0)
(2.44544 0.0484994 0)
(2.46565 0.0479223 0)
(2.48597 0.0504241 0)
(2.49728 0.0635445 0)
(2.49727 0.0825285 0)
(2.50167 0.0889069 0)
(2.515 0.0843019 0)
(2.52855 0.0761913 0)
(2.54063 0.06418 0)
(2.55659 0.0515169 0)
(2.57589 0.047017 0)
(2.59691 0.0442699 0)
(2.61714 0.0439781 0)
(2.64914 0.0489625 0)
(1.57839 0.941773 0)
(1.79909 0.879818 0)
(2.0382 0.724609 0)
(2.19838 0.593434 0)
(2.28847 0.512328 0)
(2.4215 0.324735 0)
(2.51731 0.138669 0)
(2.58608 0.0961961 0)
(2.62569 0.0478376 0)
(2.66611 -0.122082 0)
(2.67887 -0.208925 0)
(2.68661 -0.224836 0)
(2.72757 -0.32629 0)
(2.74028 -0.366276 0)
(2.75115 -0.382478 0)
(2.75457 -0.387362 0)
(2.7569 -0.40859 0)
(2.75736 -0.405016 0)
(2.73487 -0.36611 0)
(2.71105 -0.302531 0)
(2.70712 -0.254039 0)
(2.70109 -0.225724 0)
(2.65662 -0.165918 0)
(2.62682 -0.110393 0)
(2.62874 -0.104031 0)
(2.617 -0.0662161 0)
(2.60336 -0.0126766 0)
(2.59382 -0.00272976 0)
(2.58942 -0.0053927 0)
(2.59112 -0.00791312 0)
(2.59686 -0.00454161 0)
(2.59956 0.00353248 0)
(2.60351 1.55917e-05 0)
(2.60853 -0.00912961 0)
(2.61219 -0.0137582 0)
(2.62112 -0.010454 0)
(2.62524 -0.000113415 0)
(2.62156 -0.00285803 0)
(2.60468 -0.0273314 0)
(2.51793 -0.151801 0)
(2.33884 -0.364676 0)
(2.14676 -0.611059 0)
(2.10703 -0.720007 0)
(2.12342 -0.685796 0)
(2.15779 -0.649185 0)
(2.18097 -0.646465 0)
(2.19026 -0.660559 0)
(2.18698 -0.666319 0)
(2.19612 -0.663218 0)
(2.21637 -0.657913 0)
(2.2369 -0.640386 0)
(2.24048 -0.594595 0)
(2.20445 -0.492486 0)
(2.14577 -0.338131 0)
(2.06827 -0.157671 0)
(2.06416 -0.0649715 0)
(2.03353 0.00151938 0)
(2.02199 0.0405749 0)
(2.03535 0.051972 0)
(2.05706 0.0507949 0)
(2.08277 0.0616898 0)
(2.10856 0.0628949 0)
(2.13392 0.0536865 0)
(2.15534 0.0383516 0)
(2.17663 0.035247 0)
(2.19288 0.0463669 0)
(2.19843 0.0626312 0)
(2.20629 0.0692385 0)
(2.22679 0.0669856 0)
(2.2494 0.0602292 0)
(2.27597 0.0553639 0)
(2.29897 0.0554223 0)
(2.31974 0.0577106 0)
(2.33955 0.0616021 0)
(2.35935 0.0657428 0)
(2.3731 0.0729832 0)
(2.37134 0.0826717 0)
(2.36944 0.0835746 0)
(2.3849 0.0786609 0)
(2.40372 0.0772236 0)
(2.42188 0.0766978 0)
(2.44083 0.074811 0)
(2.46023 0.0714178 0)
(2.47879 0.0692163 0)
(2.50007 0.0691762 0)
(2.51921 0.0729701 0)
(2.52636 0.0851421 0)
(2.51927 0.100073 0)
(2.51597 0.102071 0)
(2.52588 0.0915507 0)
(2.54168 0.0798447 0)
(2.55912 0.0748123 0)
(2.57765 0.0718125 0)
(2.60141 0.0699233 0)
(2.62287 0.0726907 0)
(2.65431 0.0745859 0)
(1.54786 0.906755 0)
(1.74327 0.849519 0)
(1.92361 0.757341 0)
(2.07112 0.663322 0)
(2.19546 0.561912 0)
(2.30828 0.439212 0)
(2.39884 0.316041 0)
(2.48172 0.214323 0)
(2.55892 0.0876936 0)
(2.59395 0.0119777 0)
(2.60197 -0.0325539 0)
(2.63252 -0.111332 0)
(2.67886 -0.215655 0)
(2.70407 -0.288321 0)
(2.70972 -0.319691 0)
(2.73953 -0.384269 0)
(2.74709 -0.437281 0)
(2.76511 -0.433152 0)
(2.75999 -0.409956 0)
(2.75266 -0.400834 0)
(2.74701 -0.391318 0)
(2.73927 -0.364284 0)
(2.71391 -0.311345 0)
(2.67983 -0.238446 0)
(2.67077 -0.202947 0)
(2.65073 -0.13487 0)
(2.63611 -0.0474659 0)
(2.62637 -0.0352018 0)
(2.61223 -0.0378745 0)
(2.60341 -0.0369838 0)
(2.59885 -0.0263432 0)
(2.60055 -0.00617776 0)
(2.60502 0.000543806 0)
(2.61715 0.000858944 0)
(2.62383 -0.000178155 0)
(2.62918 0.000954681 0)
(2.62636 -0.00826076 0)
(2.59518 -0.0658135 0)
(2.47716 -0.240621 0)
(2.31814 -0.440369 0)
(2.13722 -0.586062 0)
(2.09052 -0.728821 0)
(2.09564 -0.729477 0)
(2.13034 -0.692344 0)
(2.16674 -0.655885 0)
(2.19645 -0.642978 0)
(2.2083 -0.64628 0)
(2.20663 -0.650948 0)
(2.20515 -0.648019 0)
(2.22131 -0.642465 0)
(2.24016 -0.634281 0)
(2.26173 -0.620308 0)
(2.28261 -0.602756 0)
(2.28199 -0.564129 0)
(2.2517 -0.473283 0)
(2.19806 -0.315864 0)
(2.14214 -0.152703 0)
(2.10141 -0.0293106 0)
(2.07798 0.0303802 0)
(2.08328 0.042715 0)
(2.10107 0.0709303 0)
(2.12606 0.0722502 0)
(2.14971 0.0684745 0)
(2.16997 0.0675352 0)
(2.19348 0.0615977 0)
(2.21212 0.0566745 0)
(2.22146 0.0608941 0)
(2.22405 0.0740209 0)
(2.23622 0.0785656 0)
(2.25848 0.0770239 0)
(2.28163 0.0724534 0)
(2.30707 0.0733505 0)
(2.32747 0.0778103 0)
(2.34718 0.0786636 0)
(2.3676 0.0773578 0)
(2.38431 0.0766639 0)
(2.3895 0.0829939 0)
(2.38252 0.0963477 0)
(2.39084 0.10407 0)
(2.4102 0.10507 0)
(2.43006 0.104913 0)
(2.45068 0.103163 0)
(2.47287 0.0984691 0)
(2.4926 0.0916043 0)
(2.50994 0.0871719 0)
(2.52635 0.0835254 0)
(2.53641 0.0822106 0)
(2.53519 0.0881152 0)
(2.52784 0.0998292 0)
(2.53164 0.106895 0)
(2.54688 0.108865 0)
(2.56257 0.108916 0)
(2.57934 0.106076 0)
(2.60077 0.10247 0)
(2.62526 0.0972473 0)
(2.65239 0.0959716 0)
(1.52598 0.866174 0)
(1.69554 0.822145 0)
(1.8412 0.770399 0)
(1.97369 0.707951 0)
(2.11113 0.609679 0)
(2.23213 0.498447 0)
(2.32576 0.398447 0)
(2.37466 0.337461 0)
(2.44713 0.244655 0)
(2.51699 0.142508 0)
(2.55527 0.072122 0)
(2.5949 -0.0244655 0)
(2.61886 -0.0862629 0)
(2.6368 -0.107076 0)
(2.66101 -0.14655 0)
(2.69099 -0.212663 0)
(2.71083 -0.288571 0)
(2.71894 -0.29418 0)
(2.71059 -0.313726 0)
(2.7285 -0.347997 0)
(2.74434 -0.374925 0)
(2.7475 -0.3724 0)
(2.7454 -0.366019 0)
(2.73298 -0.360994 0)
(2.71906 -0.331299 0)
(2.69851 -0.261788 0)
(2.68921 -0.188617 0)
(2.67576 -0.127694 0)
(2.65078 -0.0873534 0)
(2.61784 -0.056251 0)
(2.59749 -0.0249241 0)
(2.59795 -0.0151624 0)
(2.60803 -0.0151524 0)
(2.62688 -0.00747891 0)
(2.63175 -0.00424014 0)
(2.62378 -0.0160997 0)
(2.56607 -0.0956246 0)
(2.40843 -0.315836 0)
(2.20872 -0.583995 0)
(2.13517 -0.613679 0)
(2.1072 -0.658009 0)
(2.11099 -0.702155 0)
(2.12109 -0.706203 0)
(2.14049 -0.695422 0)
(2.17715 -0.669491 0)
(2.20349 -0.64708 0)
(2.2182 -0.642605 0)
(2.22305 -0.647006 0)
(2.2242 -0.643294 0)
(2.22869 -0.627949 0)
(2.24475 -0.614536 0)
(2.26731 -0.603148 0)
(2.28979 -0.593195 0)
(2.31042 -0.590986 0)
(2.32681 -0.585012 0)
(2.32253 -0.548547 0)
(2.29595 -0.452008 0)
(2.24658 -0.296963 0)
(2.20416 -0.16056 0)
(2.15031 -0.035602 0)
(2.13648 0.048769 0)
(2.1517 0.0545082 0)
(2.18062 0.0758346 0)
(2.19496 0.0760263 0)
(2.20342 0.0746831 0)
(2.21895 0.0806422 0)
(2.23594 0.083024 0)
(2.24417 0.0863237 0)
(2.2507 0.0966894 0)
(2.26094 0.0989776 0)
(2.28159 0.0960577 0)
(2.30332 0.0968369 0)
(2.32643 0.0987819 0)
(2.34903 0.0992711 0)
(2.37049 0.098009 0)
(2.38935 0.0948535 0)
(2.40112 0.0958398 0)
(2.40148 0.109199 0)
(2.40067 0.125698 0)
(2.41613 0.130665 0)
(2.43675 0.130626 0)
(2.45655 0.129792 0)
(2.4758 0.126797 0)
(2.49451 0.120112 0)
(2.51125 0.112018 0)
(2.52661 0.104319 0)
(2.53979 0.0964334 0)
(2.54561 0.0932946 0)
(2.54591 0.101985 0)
(2.54905 0.116649 0)
(2.55812 0.127623 0)
(2.57198 0.133026 0)
(2.58694 0.135338 0)
(2.60308 0.137497 0)
(2.62381 0.133379 0)
(2.64811 0.130059 0)
(1.51625 0.847596 0)
(1.65529 0.817421 0)
(1.77658 0.786848 0)
(1.89995 0.736616 0)
(2.04795 0.636893 0)
(2.15916 0.547781 0)
(2.20714 0.510805 0)
(2.28124 0.436903 0)
(2.38786 0.318333 0)
(2.46399 0.219315 0)
(2.48848 0.181133 0)
(2.5069 0.130018 0)
(2.56132 0.033447 0)
(2.59648 -0.0180466 0)
(2.62568 -0.0694385 0)
(2.65541 -0.142032 0)
(2.677 -0.194456 0)
(2.68851 -0.213425 0)
(2.6918 -0.252591 0)
(2.7153 -0.335832 0)
(2.72477 -0.381154 0)
(2.74772 -0.37343 0)
(2.74939 -0.369687 0)
(2.7459 -0.371977 0)
(2.74973 -0.375483 0)
(2.74259 -0.357314 0)
(2.73351 -0.329519 0)
(2.71855 -0.292625 0)
(2.69126 -0.229046 0)
(2.66955 -0.191489 0)
(2.63395 -0.118126 0)
(2.61734 -0.0556432 0)
(2.62275 -0.0484633 0)
(2.64386 -0.0104501 0)
(2.64121 -0.0179984 0)
(2.55516 -0.124364 0)
(2.36921 -0.342711 0)
(2.1408 -0.624218 0)
(2.09708 -0.721059 0)
(2.09264 -0.66129 0)
(2.12281 -0.670833 0)
(2.13037 -0.688245 0)
(2.1379 -0.69472 0)
(2.15709 -0.693092 0)
(2.18451 -0.677628 0)
(2.21123 -0.650739 0)
(2.22915 -0.644251 0)
(2.23737 -0.646042 0)
(2.23524 -0.642661 0)
(2.23346 -0.625059 0)
(2.24917 -0.602323 0)
(2.27343 -0.588677 0)
(2.29844 -0.575738 0)
(2.31869 -0.574449 0)
(2.33742 -0.577366 0)
(2.35348 -0.577606 0)
(2.36619 -0.573007 0)
(2.35466 -0.52486 0)
(2.34083 -0.438015 0)
(2.30428 -0.315542 0)
(2.25275 -0.167116 0)
(2.23386 -0.0570403 0)
(2.21641 0.0508054 0)
(2.22321 0.0627467 0)
(2.23265 0.0782001 0)
(2.2391 0.079531 0)
(2.24899 0.0918728 0)
(2.25859 0.110037 0)
(2.27232 0.115301 0)
(2.28004 0.118564 0)
(2.28819 0.120646 0)
(2.30868 0.118068 0)
(2.33189 0.120218 0)
(2.35445 0.123446 0)
(2.37581 0.122081 0)
(2.39411 0.117557 0)
(2.40901 0.114718 0)
(2.42019 0.118432 0)
(2.4269 0.131682 0)
(2.43346 0.146795 0)
(2.44809 0.151974 0)
(2.46816 0.150933 0)
(2.48713 0.148036 0)
(2.50328 0.143734 0)
(2.51704 0.13796 0)
(2.53021 0.130423 0)
(2.54248 0.122003 0)
(2.5526 0.116628 0)
(2.56026 0.118342 0)
(2.56744 0.128478 0)
(2.57542 0.142441 0)
(2.58379 0.154676 0)
(2.59432 0.160882 0)
(2.60739 0.163519 0)
(2.62394 0.158232 0)
(2.64609 0.147739 0)
(1.52014 0.828894 0)
(1.63341 0.813228 0)
(1.73904 0.789323 0)
(1.86915 0.72849 0)
(1.98538 0.660183 0)
(2.05212 0.630226 0)
(2.12836 0.57062 0)
(2.24492 0.454523 0)
(2.32732 0.36999 0)
(2.34897 0.355175 0)
(2.38882 0.297418 0)
(2.46463 0.180288 0)
(2.51672 0.103071 0)
(2.53569 0.0932126 0)
(2.5502 0.0588481 0)
(2.59435 -0.023897 0)
(2.6276 -0.0880791 0)
(2.64839 -0.110994 0)
(2.66239 -0.150038 0)
(2.67381 -0.205219 0)
(2.68449 -0.247382 0)
(2.70062 -0.24528 0)
(2.70373 -0.254114 0)
(2.72457 -0.304759 0)
(2.7337 -0.32597 0)
(2.73478 -0.338521 0)
(2.73136 -0.343095 0)
(2.72959 -0.345316 0)
(2.72795 -0.340439 0)
(2.72207 -0.310604 0)
(2.69856 -0.233925 0)
(2.68741 -0.184806 0)
(2.67058 -0.119926 0)
(2.66065 -0.0699297 0)
(2.55719 -0.184854 0)
(2.33479 -0.439467 0)
(2.20044 -0.583558 0)
(2.14177 -0.721853 0)
(2.10286 -0.726757 0)
(2.10093 -0.700092 0)
(2.12723 -0.664868 0)
(2.14412 -0.655848 0)
(2.15993 -0.666101 0)
(2.17498 -0.672145 0)
(2.19134 -0.668057 0)
(2.21409 -0.652048 0)
(2.23547 -0.644644 0)
(2.25049 -0.640975 0)
(2.25314 -0.634288 0)
(2.24915 -0.615341 0)
(2.25784 -0.591199 0)
(2.27934 -0.579894 0)
(2.30728 -0.571652 0)
(2.32897 -0.564708 0)
(2.34998 -0.564499 0)
(2.36621 -0.567734 0)
(2.38015 -0.567911 0)
(2.39244 -0.556029 0)
(2.40505 -0.542641 0)
(2.4011 -0.4902 0)
(2.39566 -0.426445 0)
(2.36912 -0.328512 0)
(2.32859 -0.197441 0)
(2.31263 -0.0975358 0)
(2.28353 0.00850325 0)
(2.27476 0.054109 0)
(2.28456 0.0803146 0)
(2.29199 0.105307 0)
(2.29261 0.122674 0)
(2.29492 0.133072 0)
(2.30677 0.143864 0)
(2.32098 0.142589 0)
(2.33914 0.144086 0)
(2.36087 0.14964 0)
(2.37998 0.152654 0)
(2.39894 0.147957 0)
(2.41837 0.13901 0)
(2.43434 0.133514 0)
(2.44887 0.13797 0)
(2.46107 0.150965 0)
(2.469 0.1665 0)
(2.47584 0.175561 0)
(2.49132 0.174105 0)
(2.50946 0.16928 0)
(2.52576 0.162776 0)
(2.5394 0.156607 0)
(2.5502 0.152838 0)
(2.56028 0.15103 0)
(2.57115 0.150835 0)
(2.58245 0.153757 0)
(2.59325 0.159017 0)
(2.60384 0.165785 0)
(2.61394 0.172421 0)
(2.6225 0.175986 0)
(2.62975 0.173093 0)
(2.64261 0.16637 0)
(1.52299 0.835536 0)
(1.6163 0.822672 0)
(1.71546 0.794604 0)
(1.8275 0.742784 0)
(1.91597 0.704719 0)
(1.98756 0.673971 0)
(2.09107 0.59808 0)
(2.1863 0.502608 0)
(2.23892 0.46537 0)
(2.27206 0.433661 0)
(2.34763 0.347917 0)
(2.41316 0.251961 0)
(2.45044 0.217179 0)
(2.46631 0.195426 0)
(2.51445 0.122408 0)
(2.5557 0.0382582 0)
(2.58351 0.00309307 0)
(2.59098 0.0047046 0)
(2.60975 -0.0385252 0)
(2.64306 -0.120796 0)
(2.66405 -0.175244 0)
(2.67778 -0.185687 0)
(2.68832 -0.209407 0)
(2.71453 -0.275216 0)
(2.72526 -0.321452 0)
(2.73272 -0.321674 0)
(2.73758 -0.340522 0)
(2.73035 -0.361655 0)
(2.73852 -0.361221 0)
(2.75106 -0.348461 0)
(2.7522 -0.320931 0)
(2.73988 -0.298915 0)
(2.72051 -0.258542 0)
(2.61005 -0.331596 0)
(2.29471 -0.65287 0)
(2.20282 -0.744924 0)
(2.15157 -0.802066 0)
(2.14796 -0.807806 0)
(2.12498 -0.780385 0)
(2.12784 -0.738451 0)
(2.13862 -0.668563 0)
(2.16325 -0.63575 0)
(2.16503 -0.640909 0)
(2.17651 -0.655571 0)
(2.19321 -0.654465 0)
(2.21467 -0.643783 0)
(2.23722 -0.63795 0)
(2.2558 -0.635065 0)
(2.26869 -0.628128 0)
(2.27672 -0.612787 0)
(2.28337 -0.587709 0)
(2.29764 -0.572583 0)
(2.31766 -0.567272 0)
(2.34045 -0.559923 0)
(2.35795 -0.55572 0)
(2.37867 -0.55272 0)
(2.3967 -0.548547 0)
(2.41391 -0.541702 0)
(2.42958 -0.535537 0)
(2.43978 -0.522255 0)
(2.44555 -0.502721 0)
(2.44732 -0.47605 0)
(2.4476 -0.441428 0)
(2.43203 -0.3649 0)
(2.40352 -0.254444 0)
(2.36977 -0.127558 0)
(2.37082 -0.0393328 0)
(2.33156 0.0657477 0)
(2.3356 0.10785 0)
(2.33515 0.120192 0)
(2.33731 0.135453 0)
(2.33894 0.150393 0)
(2.35142 0.15847 0)
(2.37302 0.169275 0)
(2.39354 0.172103 0)
(2.4085 0.173557 0)
(2.42343 0.172765 0)
(2.44368 0.16493 0)
(2.46238 0.157228 0)
(2.47848 0.155883 0)
(2.4912 0.165123 0)
(2.49801 0.182937 0)
(2.503 0.193786 0)
(2.51823 0.191204 0)
(2.53366 0.186721 0)
(2.54754 0.182555 0)
(2.56097 0.180488 0)
(2.57448 0.181087 0)
(2.58721 0.183143 0)
(2.59868 0.186114 0)
(2.61034 0.18688 0)
(2.62267 0.186558 0)
(2.63359 0.185598 0)
(2.64046 0.18474 0)
(2.64175 0.183078 0)
(2.64847 0.1826 0)
(1.53983 0.831817 0)
(1.61862 0.818855 0)
(1.7104 0.789341 0)
(1.80496 0.750547 0)
(1.87835 0.729889 0)
(1.95793 0.689257 0)
(2.062 0.611132 0)
(2.13946 0.546293 0)
(2.18067 0.529855 0)
(2.23098 0.482726 0)
(2.31435 0.390769 0)
(2.37563 0.310142 0)
(2.40955 0.286895 0)
(2.42902 0.259873 0)
(2.47461 0.194662 0)
(2.51848 0.119404 0)
(2.54748 0.0852715 0)
(2.56012 0.063778 0)
(2.5872 0.00841903 0)
(2.61038 -0.0524361 0)
(2.6283 -0.0698271 0)
(2.63552 -0.0713209 0)
(2.66179 -0.117298 0)
(2.68399 -0.182176 0)
(2.69491 -0.21034 0)
(2.70542 -0.222986 0)
(2.70484 -0.229825 0)
(2.72084 -0.272837 0)
(2.72941 -0.29856 0)
(2.74863 -0.29926 0)
(2.74978 -0.297978 0)
(2.72953 -0.32551 0)
(2.65172 -0.447811 0)
(2.35208 -0.776983 0)
(2.16007 -0.956464 0)
(2.13655 -0.965063 0)
(2.14313 -0.918077 0)
(2.15791 -0.86993 0)
(2.17539 -0.824625 0)
(2.17024 -0.766295 0)
(2.17453 -0.735417 0)
(2.17813 -0.7061 0)
(2.17596 -0.670376 0)
(2.18291 -0.655141 0)
(2.19889 -0.64993 0)
(2.22595 -0.638962 0)
(2.24078 -0.629468 0)
(2.26073 -0.618057 0)
(2.28428 -0.605251 0)
(2.30132 -0.598408 0)
(2.31333 -0.591652 0)
(2.32253 -0.577052 0)
(2.33282 -0.559491 0)
(2.35151 -0.550355 0)
(2.37231 -0.547562 0)
(2.39368 -0.545331 0)
(2.41457 -0.536958 0)
(2.43224 -0.529851 0)
(2.45103 -0.523538 0)
(2.46638 -0.515054 0)
(2.47102 -0.505948 0)
(2.46915 -0.497826 0)
(2.48052 -0.486632 0)
(2.49769 -0.471659 0)
(2.5044 -0.446025 0)
(2.4999 -0.386934 0)
(2.48378 -0.286134 0)
(2.45018 -0.160755 0)
(2.45175 -0.0670162 0)
(2.39835 0.0534386 0)
(2.37749 0.116638 0)
(2.3811 0.132477 0)
(2.38581 0.143742 0)
(2.39487 0.16116 0)
(2.40828 0.177867 0)
(2.42623 0.192791 0)
(2.44354 0.194965 0)
(2.45596 0.195798 0)
(2.46713 0.195576 0)
(2.48361 0.190074 0)
(2.50027 0.184291 0)
(2.51539 0.185901 0)
(2.52495 0.198565 0)
(2.52923 0.208936 0)
(2.542 0.208064 0)
(2.55824 0.205623 0)
(2.57277 0.203972 0)
(2.58856 0.204974 0)
(2.60505 0.207679 0)
(2.61911 0.212369 0)
(2.62894 0.215016 0)
(2.63783 0.212897 0)
(2.64761 0.207711 0)
(2.65436 0.200554 0)
(2.65478 0.196535 0)
(2.65942 0.199081 0)
(1.54769 0.852452 0)
(1.61761 0.836091 0)
(1.69885 0.805424 0)
(1.77656 0.776512 0)
(1.84475 0.756535 0)
(1.92988 0.710371 0)
(2.01895 0.640236 0)
(2.07694 0.607383 0)
(2.11979 0.588055 0)
(2.20005 0.522459 0)
(2.27899 0.427157 0)
(2.32312 0.384005 0)
(2.33378 0.382536 0)
(2.37811 0.335073 0)
(2.44482 0.245062 0)
(2.48654 0.176219 0)
(2.50109 0.173908 0)
(2.49981 0.161956 0)
(2.54125 0.0997 0)
(2.57867 0.0279351 0)
(2.60391 -0.00916671 0)
(2.6136 -0.0175538 0)
(2.63109 -0.049277 0)
(2.65669 -0.110326 0)
(2.67256 -0.134866 0)
(2.68219 -0.147165 0)
(2.69404 -0.181325 0)
(2.71572 -0.236015 0)
(2.72811 -0.254838 0)
(2.74299 -0.298217 0)
(2.72456 -0.3335 0)
(2.60058 -0.501538 0)
(2.39831 -0.757808 0)
(2.13471 -0.995193 0)
(2.0885 -1.01959 0)
(2.10391 -0.993487 0)
(2.15008 -0.964222 0)
(2.18728 -0.943111 0)
(2.21116 -0.933678 0)
(2.2226 -0.914313 0)
(2.21924 -0.876076 0)
(2.22482 -0.833057 0)
(2.23011 -0.801661 0)
(2.23223 -0.761904 0)
(2.23352 -0.705271 0)
(2.24964 -0.665742 0)
(2.27972 -0.633154 0)
(2.30334 -0.61237 0)
(2.3097 -0.607867 0)
(2.31837 -0.599626 0)
(2.32907 -0.592439 0)
(2.3433 -0.579532 0)
(2.35393 -0.553395 0)
(2.3705 -0.533983 0)
(2.38952 -0.531026 0)
(2.40733 -0.528634 0)
(2.42845 -0.524662 0)
(2.44553 -0.522147 0)
(2.46947 -0.516913 0)
(2.48643 -0.508737 0)
(2.49655 -0.502546 0)
(2.50169 -0.496201 0)
(2.504 -0.48403 0)
(2.51409 -0.471177 0)
(2.53167 -0.466601 0)
(2.55052 -0.458349 0)
(2.56237 -0.435643 0)
(2.56748 -0.39391 0)
(2.55817 -0.319687 0)
(2.53131 -0.215743 0)
(2.50386 -0.103919 0)
(2.4716 0.0100475 0)
(2.43193 0.119963 0)
(2.43342 0.128871 0)
(2.44394 0.152834 0)
(2.46589 0.179418 0)
(2.46984 0.197041 0)
(2.47536 0.206945 0)
(2.48527 0.216658 0)
(2.49225 0.218524 0)
(2.50473 0.22037 0)
(2.52183 0.217341 0)
(2.53808 0.21619 0)
(2.54839 0.221313 0)
(2.55498 0.229349 0)
(2.56834 0.231098 0)
(2.58519 0.230319 0)
(2.60246 0.226065 0)
(2.61934 0.225448 0)
(2.63687 0.227338 0)
(2.64918 0.231794 0)
(2.65207 0.237522 0)
(2.6523 0.236426 0)
(2.65799 0.227592 0)
(2.66452 0.224259 0)
(2.6752 0.226521 0)
(1.56527 0.852791 0)
(1.63043 0.836061 0)
(1.70358 0.808617 0)
(1.77095 0.786354 0)
(1.83528 0.762942 0)
(1.91789 0.715352 0)
(1.99203 0.664081 0)
(2.04041 0.648069 0)
(2.09436 0.612186 0)
(2.17979 0.536532 0)
(2.24256 0.465959 0)
(2.27446 0.456273 0)
(2.29423 0.434711 0)
(2.35946 0.364159 0)
(2.41391 0.282346 0)
(2.44633 0.252681 0)
(2.45094 0.253554 0)
(2.47963 0.204106 0)
(2.52451 0.123421 0)
(2.55306 0.080816 0)
(2.56061 0.0871306 0)
(2.57087 0.063989 0)
(2.61187 0.000688788 0)
(2.63613 -0.0602774 0)
(2.65283 -0.078089 0)
(2.65927 -0.0756885 0)
(2.66939 -0.09783 0)
(2.68658 -0.134628 0)
(2.70143 -0.175935 0)
(2.68367 -0.233465 0)
(2.57689 -0.41591 0)
(2.30392 -0.734754 0)
(2.12077 -0.928 0)
(2.0976 -0.981205 0)
(2.1169 -0.970093 0)
(2.14353 -0.946272 0)
(2.17331 -0.941083 0)
(2.19959 -0.956014 0)
(2.22123 -0.964756 0)
(2.23799 -0.9568 0)
(2.24793 -0.936818 0)
(2.25638 -0.911891 0)
(2.27422 -0.889585 0)
(2.28727 -0.867868 0)
(2.29766 -0.836696 0)
(2.30583 -0.79535 0)
(2.318 -0.742736 0)
(2.33174 -0.687239 0)
(2.34596 -0.6645 0)
(2.36692 -0.635244 0)
(2.37321 -0.615637 0)
(2.37535 -0.589261 0)
(2.37964 -0.557629 0)
(2.39434 -0.530719 0)
(2.41363 -0.523748 0)
(2.42885 -0.512295 0)
(2.44386 -0.507613 0)
(2.46301 -0.509656 0)
(2.48458 -0.509979 0)
(2.5023 -0.50229 0)
(2.51491 -0.494357 0)
(2.52858 -0.48373 0)
(2.53698 -0.476448 0)
(2.54213 -0.466063 0)
(2.55193 -0.456096 0)
(2.56667 -0.451841 0)
(2.58388 -0.446586 0)
(2.60598 -0.435306 0)
(2.62024 -0.422526 0)
(2.62104 -0.396603 0)
(2.61551 -0.349877 0)
(2.59646 -0.260978 0)
(2.56076 -0.144085 0)
(2.53798 -0.0400935 0)
(2.49799 0.0972703 0)
(2.5026 0.135717 0)
(2.51642 0.151211 0)
(2.52593 0.180161 0)
(2.52325 0.198573 0)
(2.51733 0.21816 0)
(2.51932 0.237939 0)
(2.52884 0.243435 0)
(2.54272 0.245165 0)
(2.56077 0.249814 0)
(2.57603 0.251578 0)
(2.58609 0.257049 0)
(2.59638 0.259299 0)
(2.61453 0.255068 0)
(2.6326 0.249217 0)
(2.64938 0.245703 0)
(2.66393 0.243829 0)
(2.67214 0.244508 0)
(2.66983 0.248459 0)
(2.67046 0.252863 0)
(2.67872 0.257641 0)
(2.69466 0.2597 0)
(1.56665 0.870821 0)
(1.62766 0.854427 0)
(1.69257 0.831859 0)
(1.75557 0.810737 0)
(1.81935 0.783495 0)
(1.89251 0.738187 0)
(1.95289 0.703661 0)
(2.00043 0.688432 0)
(2.06834 0.643141 0)
(2.14407 0.566338 0)
(2.1917 0.522437 0)
(2.21683 0.52221 0)
(2.26062 0.484561 0)
(2.32952 0.406644 0)
(2.37455 0.337225 0)
(2.39628 0.330556 0)
(2.40445 0.319703 0)
(2.45243 0.260811 0)
(2.49426 0.187729 0)
(2.52215 0.152585 0)
(2.53119 0.148972 0)
(2.54885 0.11842 0)
(2.58135 0.0636452 0)
(2.60325 0.020794 0)
(2.61823 0.0118315 0)
(2.6293 -0.00146718 0)
(2.65195 -0.0407799 0)
(2.66431 -0.0980595 0)
(2.64325 -0.183631 0)
(2.51875 -0.396262 0)
(2.26697 -0.693717 0)
(2.11329 -0.840433 0)
(2.08184 -0.919388 0)
(2.10631 -0.913939 0)
(2.13387 -0.88746 0)
(2.15435 -0.880379 0)
(2.18644 -0.898723 0)
(2.20743 -0.920437 0)
(2.22928 -0.932578 0)
(2.25349 -0.936777 0)
(2.28062 -0.92862 0)
(2.30223 -0.911208 0)
(2.30607 -0.891324 0)
(2.30904 -0.882804 0)
(2.3323 -0.876614 0)
(2.3518 -0.870929 0)
(2.36715 -0.853492 0)
(2.38195 -0.821483 0)
(2.39664 -0.77951 0)
(2.40958 -0.735547 0)
(2.40952 -0.682093 0)
(2.42173 -0.652657 0)
(2.43823 -0.61048 0)
(2.43794 -0.570072 0)
(2.44722 -0.527155 0)
(2.46586 -0.50376 0)
(2.48264 -0.495461 0)
(2.49194 -0.499908 0)
(2.50578 -0.499864 0)
(2.51401 -0.494863 0)
(2.52848 -0.483173 0)
(2.54789 -0.465038 0)
(2.56053 -0.458151 0)
(2.56825 -0.457502 0)
(2.57841 -0.450789 0)
(2.58787 -0.445642 0)
(2.6037 -0.439212 0)
(2.62475 -0.428153 0)
(2.63825 -0.422418 0)
(2.64756 -0.417203 0)
(2.65502 -0.41119 0)
(2.65942 -0.391334 0)
(2.65581 -0.342329 0)
(2.6499 -0.270671 0)
(2.62806 -0.177482 0)
(2.60988 -0.0845926 0)
(2.58066 0.0393643 0)
(2.57352 0.114063 0)
(2.587 0.132387 0)
(2.57809 0.168932 0)
(2.5703 0.205502 0)
(2.55518 0.243581 0)
(2.56262 0.264553 0)
(2.5774 0.266235 0)
(2.5899 0.274238 0)
(2.60218 0.281351 0)
(2.61616 0.287168 0)
(2.62888 0.287656 0)
(2.64283 0.283156 0)
(2.65929 0.274135 0)
(2.67484 0.264981 0)
(2.68736 0.262323 0)
(2.6905 0.270523 0)
(2.69029 0.275961 0)
(2.69881 0.281364 0)
(2.71512 0.284887 0)
(1.57823 0.869937 0)
(1.63431 0.853995 0)
(1.6957 0.834023 0)
(1.75471 0.814756 0)
(1.81628 0.78675 0)
(1.88059 0.749115 0)
(1.93538 0.724123 0)
(1.98674 0.701435 0)
(2.05596 0.65323 0)
(2.11649 0.591717 0)
(2.15382 0.572305 0)
(2.18364 0.560195 0)
(2.24708 0.504469 0)
(2.30684 0.425554 0)
(2.34093 0.391881 0)
(2.34966 0.398752 0)
(2.3781 0.363003 0)
(2.4367 0.286894 0)
(2.47408 0.22052 0)
(2.49612 0.214123 0)
(2.49409 0.215217 0)
(2.52946 0.168646 0)
(2.56401 0.102565 0)
(2.58819 0.0582544 0)
(2.60538 0.0566718 0)
(2.60957 0.0576792 0)
(2.6224 0.00735624 0)
(2.58744 -0.0974899 0)
(2.45192 -0.35185 0)
(2.19455 -0.67622 0)
(2.08989 -0.789986 0)
(2.07886 -0.824929 0)
(2.09989 -0.831705 0)
(2.12407 -0.827752 0)
(2.13882 -0.824035 0)
(2.16291 -0.843797 0)
(2.18814 -0.865021 0)
(2.21176 -0.877266 0)
(2.23836 -0.882642 0)
(2.26752 -0.883419 0)
(2.29532 -0.887407 0)
(2.319 -0.892602 0)
(2.33668 -0.881147 0)
(2.33695 -0.862388 0)
(2.34626 -0.849961 0)
(2.36783 -0.853158 0)
(2.38591 -0.855091 0)
(2.40668 -0.847354 0)
(2.43732 -0.830754 0)
(2.46117 -0.808051 0)
(2.47151 -0.787744 0)
(2.47949 -0.762034 0)
(2.47865 -0.712641 0)
(2.48312 -0.654203 0)
(2.49425 -0.620639 0)
(2.5117 -0.598273 0)
(2.51359 -0.558187 0)
(2.52369 -0.518807 0)
(2.54326 -0.496818 0)
(2.55503 -0.477862 0)
(2.56749 -0.46643 0)
(2.57325 -0.454558 0)
(2.57818 -0.449324 0)
(2.58321 -0.444849 0)
(2.59089 -0.435782 0)
(2.60067 -0.431015 0)
(2.6243 -0.425835 0)
(2.6441 -0.420349 0)
(2.65595 -0.415137 0)
(2.66897 -0.411345 0)
(2.68253 -0.405129 0)
(2.69414 -0.388462 0)
(2.70107 -0.373374 0)
(2.70204 -0.360396 0)
(2.70318 -0.319918 0)
(2.70226 -0.282995 0)
(2.69326 -0.229375 0)
(2.67844 -0.152391 0)
(2.65977 -0.0389093 0)
(2.64312 0.0549447 0)
(2.6637 0.0882077 0)
(2.63479 0.159458 0)
(2.61546 0.237893 0)
(2.61673 0.255315 0)
(2.62248 0.271929 0)
(2.63306 0.286306 0)
(2.63687 0.298489 0)
(2.64329 0.309996 0)
(2.65632 0.310413 0)
(2.67056 0.304896 0)
(2.68502 0.300365 0)
(2.69968 0.296394 0)
(2.71131 0.293944 0)
(2.71681 0.301787 0)
(2.7183 0.311979 0)
(2.73055 0.312466 0)
(1.58721 0.886849 0)
(1.63866 0.86786 0)
(1.69241 0.849642 0)
(1.74402 0.833485 0)
(1.80147 0.807887 0)
(1.86287 0.773516 0)
(1.91651 0.748711 0)
(1.96581 0.724724 0)
(2.02323 0.683862 0)
(2.07713 0.637844 0)
(2.1181 0.619677 0)
(2.1613 0.5918 0)
(2.22221 0.531896 0)
(2.26514 0.47033 0)
(2.29114 0.461773 0)
(2.3088 0.454986 0)
(2.36204 0.401197 0)
(2.41027 0.323611 0)
(2.43756 0.282408 0)
(2.44794 0.290748 0)
(2.46321 0.270162 0)
(2.50845 0.212365 0)
(2.5375 0.151531 0)
(2.55763 0.132074 0)
(2.55865 0.142171 0)
(2.57542 0.0925643 0)
(2.53565 -0.024075 0)
(2.35445 -0.322859 0)
(2.12574 -0.634578 0)
(2.05657 -0.724039 0)
(2.05758 -0.753113 0)
(2.09225 -0.761954 0)
(2.11952 -0.770154 0)
(2.12758 -0.764361 0)
(2.1404 -0.776567 0)
(2.16557 -0.794451 0)
(2.19283 -0.804297 0)
(2.22048 -0.812717 0)
(2.249 -0.819503 0)
(2.27714 -0.823251 0)
(2.30248 -0.825452 0)
(2.32505 -0.825931 0)
(2.34499 -0.824487 0)
(2.35686 -0.827131 0)
(2.36574 -0.82934 0)
(2.38607 -0.826639 0)
(2.40949 -0.821421 0)
(2.43919 -0.815321 0)
(2.46117 -0.807068 0)
(2.48211 -0.804229 0)
(2.50052 -0.79833 0)
(2.51605 -0.787373 0)
(2.5215 -0.780601 0)
(2.52463 -0.755344 0)
(2.53727 -0.717602 0)
(2.5477 -0.687643 0)
(2.55717 -0.652231 0)
(2.56708 -0.610473 0)
(2.58251 -0.577408 0)
(2.59823 -0.542646 0)
(2.6011 -0.499026 0)
(2.60697 -0.465026 0)
(2.61169 -0.439958 0)
(2.61863 -0.424981 0)
(2.62527 -0.408202 0)
(2.63 -0.404603 0)
(2.63515 -0.406785 0)
(2.65165 -0.399433 0)
(2.66611 -0.394587 0)
(2.68829 -0.392562 0)
(2.70793 -0.386005 0)
(2.72178 -0.374727 0)
(2.72989 -0.365152 0)
(2.73737 -0.352353 0)
(2.73695 -0.338867 0)
(2.72948 -0.327231 0)
(2.74488 -0.313425 0)
(2.74952 -0.293736 0)
(2.75342 -0.261505 0)
(2.74772 -0.204262 0)
(2.73789 -0.108 0)
(2.72479 -0.0126509 0)
(2.72976 0.0560107 0)
(2.705 0.14438 0)
(2.67825 0.23952 0)
(2.68277 0.249593 0)
(2.68208 0.271038 0)
(2.68148 0.295193 0)
(2.68285 0.313942 0)
(2.69458 0.320008 0)
(2.70722 0.322679 0)
(2.71652 0.323822 0)
(2.72637 0.327352 0)
(2.73691 0.333709 0)
(2.74234 0.340694 0)
(2.74858 0.341484 0)
(1.61539 0.89473 0)
(1.65959 0.874238 0)
(1.70281 0.858893 0)
(1.74772 0.841934 0)
(1.80478 0.812643 0)
(1.86288 0.782951 0)
(1.90736 0.767261 0)
(1.95006 0.74416 0)
(2.01046 0.697869 0)
(2.06572 0.656876 0)
(2.10481 0.644579 0)
(2.1418 0.619085 0)
(2.19546 0.563316 0)
(2.23919 0.510053 0)
(2.26984 0.499866 0)
(2.29603 0.480534 0)
(2.346 0.425921 0)
(2.38386 0.360714 0)
(2.40746 0.341125 0)
(2.4173 0.34208 0)
(2.44963 0.303559 0)
(2.49139 0.240726 0)
(2.52054 0.193964 0)
(2.52485 0.199154 0)
(2.53392 0.152392 0)
(2.47923 0.0278474 0)
(2.27865 -0.285917 0)
(2.06123 -0.574298 0)
(1.99764 -0.690241 0)
(2.02076 -0.690888 0)
(2.06109 -0.691229 0)
(2.10287 -0.703052 0)
(2.12732 -0.713248 0)
(2.13726 -0.719955 0)
(2.14982 -0.730527 0)
(2.17282 -0.737641 0)
(2.20107 -0.744994 0)
(2.2304 -0.753646 0)
(2.25972 -0.762535 0)
(2.28794 -0.769896 0)
(2.31381 -0.776494 0)
(2.33693 -0.7829 0)
(2.35747 -0.788923 0)
(2.37546 -0.790293 0)
(2.38896 -0.78276 0)
(2.40287 -0.771775 0)
(2.41901 -0.767228 0)
(2.44496 -0.765729 0)
(2.47372 -0.768104 0)
(2.49829 -0.771647 0)
(2.52391 -0.771927 0)
(2.54546 -0.766678 0)
(2.55961 -0.759079 0)
(2.56659 -0.752169 0)
(2.56974 -0.738641 0)
(2.57256 -0.723146 0)
(2.59774 -0.703814 0)
(2.61271 -0.686217 0)
(2.62363 -0.661949 0)
(2.63525 -0.632011 0)
(2.64984 -0.606516 0)
(2.65469 -0.568128 0)
(2.65092 -0.526752 0)
(2.66018 -0.490708 0)
(2.66466 -0.453742 0)
(2.65878 -0.412818 0)
(2.6653 -0.388137 0)
(2.67946 -0.368647 0)
(2.70119 -0.362493 0)
(2.71484 -0.370587 0)
(2.72258 -0.369884 0)
(2.73329 -0.360098 0)
(2.7423 -0.349089 0)
(2.75413 -0.338948 0)
(2.76374 -0.326269 0)
(2.76217 -0.315024 0)
(2.75968 -0.310621 0)
(2.771 -0.30292 0)
(2.7853 -0.293191 0)
(2.79932 -0.274294 0)
(2.80711 -0.2529 0)
(2.81189 -0.219721 0)
(2.81269 -0.162286 0)
(2.80718 -0.0926402 0)
(2.78463 0.00234534 0)
(2.77403 0.0815152 0)
(2.73752 0.188219 0)
(2.73292 0.237795 0)
(2.74347 0.25748 0)
(2.73457 0.301392 0)
(2.74033 0.318309 0)
(2.74639 0.338552 0)
(2.752 0.346489 0)
(2.75951 0.346732 0)
(2.76408 0.356023 0)
(2.77088 0.368746 0)
(1.64306 0.919975 0)
(1.67658 0.902877 0)
(1.71184 0.88724 0)
(1.75651 0.861473 0)
(1.8065 0.830045 0)
(1.84757 0.813905 0)
(1.88509 0.801644 0)
(1.94103 0.764096 0)
(2.00043 0.711652 0)
(2.04003 0.691467 0)
(2.06716 0.687214 0)
(2.11609 0.652467 0)
(2.17773 0.585858 0)
(2.21853 0.545168 0)
(2.24118 0.545528 0)
(2.26837 0.521853 0)
(2.32175 0.461797 0)
(2.35875 0.401551 0)
(2.38067 0.394588 0)
(2.39142 0.38808 0)
(2.43114 0.344102 0)
(2.47229 0.280488 0)
(2.48316 0.267631 0)
(2.48291 0.212079 0)
(2.42358 0.0736684 0)
(2.19056 -0.26957 0)
(2.01554 -0.516493 0)
(1.96341 -0.627083 0)
(1.98575 -0.625909 0)
(2.02481 -0.62392 0)
(2.06708 -0.634627 0)
(2.10188 -0.653663 0)
(2.12739 -0.663455 0)
(2.14996 -0.672835 0)
(2.16719 -0.681102 0)
(2.18436 -0.686498 0)
(2.21012 -0.692878 0)
(2.23937 -0.701506 0)
(2.26909 -0.710693 0)
(2.29846 -0.717406 0)
(2.32609 -0.719571 0)
(2.35014 -0.71882 0)
(2.37049 -0.719651 0)
(2.38798 -0.723122 0)
(2.40256 -0.7268 0)
(2.41704 -0.727092 0)
(2.43592 -0.723876 0)
(2.45861 -0.718696 0)
(2.48183 -0.714387 0)
(2.50476 -0.714332 0)
(2.529 -0.71778 0)
(2.55359 -0.718848 0)
(2.57487 -0.722484 0)
(2.59242 -0.726844 0)
(2.60569 -0.72057 0)
(2.61073 -0.709577 0)
(2.61373 -0.692609 0)
(2.63044 -0.682545 0)
(2.64712 -0.672201 0)
(2.66736 -0.659585 0)
(2.68477 -0.645638 0)
(2.69556 -0.634563 0)
(2.69908 -0.619182 0)
(2.69495 -0.587282 0)
(2.70587 -0.554209 0)
(2.70733 -0.508624 0)
(2.70895 -0.463519 0)
(2.71778 -0.430233 0)
(2.72768 -0.381484 0)
(2.74019 -0.361634 0)
(2.75294 -0.347431 0)
(2.75976 -0.334858 0)
(2.76462 -0.327537 0)
(2.77037 -0.318472 0)
(2.77456 -0.308107 0)
(2.77677 -0.302767 0)
(2.78247 -0.299057 0)
(2.79541 -0.293939 0)
(2.80983 -0.283807 0)
(2.82242 -0.265177 0)
(2.8298 -0.252091 0)
(2.84416 -0.246341 0)
(2.85307 -0.243194 0)
(2.86261 -0.236253 0)
(2.86506 -0.208729 0)
(2.85749 -0.154194 0)
(2.84454 -0.0832287 0)
(2.82684 0.00328108 0)
(2.80325 0.11594 0)
(2.79525 0.194257 0)
(2.81184 0.220641 0)
(2.79672 0.295283 0)
(2.80559 0.320847 0)
(2.79897 0.342456 0)
(2.7977 0.350159 0)
(2.80297 0.367197 0)
(1.6604 0.943661 0)
(1.69809 0.92263 0)
(1.73176 0.903373 0)
(1.77074 0.877874 0)
(1.81243 0.850514 0)
(1.84946 0.831824 0)
(1.88785 0.809449 0)
(1.93996 0.772044 0)
(1.98706 0.735588 0)
(2.02041 0.723992 0)
(2.05331 0.704837 0)
(2.1107 0.656978 0)
(2.16001 0.604145 0)
(2.1906 0.590726 0)
(2.20986 0.587243 0)
(2.25456 0.545154 0)
(2.30579 0.476774 0)
(2.33569 0.441293 0)
(2.34967 0.448384 0)
(2.36846 0.4301 0)
(2.42282 0.366755 0)
(2.44646 0.334998 0)
(2.42942 0.25721 0)
(2.34763 0.0760581 0)
(2.08613 -0.277172 0)
(1.97651 -0.44199 0)
(1.94305 -0.5586 0)
(1.9616 -0.573838 0)
(1.99313 -0.572069 0)
(2.02642 -0.573958 0)
(2.06638 -0.591021 0)
(2.0985 -0.605725 0)
(2.13094 -0.61708 0)
(2.16374 -0.629673 0)
(2.1875 -0.637141 0)
(2.20012 -0.636422 0)
(2.21857 -0.639089 0)
(2.247 -0.648077 0)
(2.27776 -0.658032 0)
(2.30889 -0.665832 0)
(2.33935 -0.67022 0)
(2.36748 -0.672594 0)
(2.39175 -0.67474 0)
(2.4103 -0.67632 0)
(2.42295 -0.677695 0)
(2.43438 -0.679547 0)
(2.45099 -0.68076 0)
(2.47416 -0.679297 0)
(2.49927 -0.676575 0)
(2.52324 -0.674511 0)
(2.54507 -0.672839 0)
(2.56507 -0.670473 0)
(2.58363 -0.66799 0)
(2.601 -0.665586 0)
(2.6178 -0.669813 0)
(2.63093 -0.678157 0)
(2.6397 -0.676677 0)
(2.65775 -0.661423 0)
(2.674 -0.648233 0)
(2.68842 -0.636117 0)
(2.69855 -0.628795 0)
(2.70888 -0.623367 0)
(2.71974 -0.619443 0)
(2.72428 -0.620137 0)
(2.73756 -0.608255 0)
(2.74795 -0.582275 0)
(2.75183 -0.54687 0)
(2.76 -0.508652 0)
(2.76563 -0.472239 0)
(2.77263 -0.445322 0)
(2.78595 -0.430195 0)
(2.79764 -0.390043 0)
(2.80092 -0.355791 0)
(2.79155 -0.322734 0)
(2.79717 -0.286281 0)
(2.80367 -0.278157 0)
(2.80847 -0.280912 0)
(2.81328 -0.282777 0)
(2.82645 -0.276521 0)
(2.83867 -0.258388 0)
(2.84866 -0.2411 0)
(2.86049 -0.227783 0)
(2.86917 -0.225775 0)
(2.87673 -0.232343 0)
(2.88627 -0.233507 0)
(2.89476 -0.226661 0)
(2.89806 -0.20902 0)
(2.89481 -0.171726 0)
(2.89481 -0.123809 0)
(2.89174 -0.0606771 0)
(2.87811 0.0356626 0)
(2.8731 0.110103 0)
(2.86519 0.190107 0)
(2.8569 0.253843 0)
(2.85677 0.280202 0)
(2.84629 0.34145 0)
(1.68013 0.964751 0)
(1.71849 0.943243 0)
(1.75207 0.922814 0)
(1.78937 0.894299 0)
(1.82603 0.868345 0)
(1.85372 0.855369 0)
(1.88884 0.833153 0)
(1.94041 0.792874 0)
(1.98449 0.758974 0)
(2.01288 0.749696 0)
(2.04436 0.727118 0)
(2.09729 0.682171 0)
(2.143 0.637133 0)
(2.17369 0.625657 0)
(2.19536 0.612127 0)
(2.24069 0.566892 0)
(2.2813 0.51058 0)
(2.30911 0.49248 0)
(2.32074 0.49526 0)
(2.36802 0.453583 0)
(2.39498 0.405987 0)
(2.37903 0.312176 0)
(2.24483 0.0688333 0)
(2.0189 -0.265971 0)
(1.92222 -0.413033 0)
(1.907 -0.492927 0)
(1.93879 -0.509088 0)
(1.97583 -0.508842 0)
(2.00351 -0.515364 0)
(2.04029 -0.53185 0)
(2.07519 -0.549845 0)
(2.10802 -0.563593 0)
(2.14391 -0.574529 0)
(2.1778 -0.585973 0)
(2.20397 -0.59396 0)
(2.22026 -0.594985 0)
(2.2346 -0.593927 0)
(2.25792 -0.597429 0)
(2.28737 -0.603975 0)
(2.31863 -0.609989 0)
(2.34999 -0.6143 0)
(2.38003 -0.617282 0)
(2.4073 -0.619076 0)
(2.42936 -0.619429 0)
(2.44324 -0.619256 0)
(2.45008 -0.619847 0)
(2.46031 -0.620077 0)
(2.48271 -0.619041 0)
(2.50928 -0.618606 0)
(2.53514 -0.618069 0)
(2.5586 -0.614168 0)
(2.577 -0.607007 0)
(2.5911 -0.605334 0)
(2.6078 -0.614058 0)
(2.62704 -0.625164 0)
(2.64406 -0.631464 0)
(2.65749 -0.624911 0)
(2.6709 -0.616076 0)
(2.68743 -0.611263 0)
(2.70658 -0.606042 0)
(2.72362 -0.599788 0)
(2.73572 -0.592131 0)
(2.7431 -0.588097 0)
(2.74911 -0.592376 0)
(2.75164 -0.593386 0)
(2.76878 -0.579049 0)
(2.77844 -0.563716 0)
(2.7907 -0.541086 0)
(2.80108 -0.519529 0)
(2.80889 -0.511563 0)
(2.81409 -0.496563 0)
(2.82383 -0.476279 0)
(2.83716 -0.443937 0)
(2.83755 -0.40335 0)
(2.82866 -0.347945 0)
(2.84034 -0.302301 0)
(2.84517 -0.28246 0)
(2.83993 -0.268246 0)
(2.84462 -0.257419 0)
(2.85051 -0.252191 0)
(2.86233 -0.242365 0)
(2.87962 -0.221111 0)
(2.88866 -0.210308 0)
(2.89862 -0.208922 0)
(2.9033 -0.208486 0)
(2.90476 -0.201362 0)
(2.90545 -0.198949 0)
(2.91712 -0.193439 0)
(2.93314 -0.179648 0)
(2.94013 -0.163852 0)
(2.94057 -0.138002 0)
(2.94327 -0.101347 0)
(2.93695 -0.0445231 0)
(2.92697 0.0252178 0)
(2.91441 0.0914507 0)
(2.91131 0.207492 0)
(1.71984 0.978279 0)
(1.73328 0.968443 0)
(1.77217 0.943542 0)
(1.80992 0.912985 0)
(1.83494 0.897565 0)
(1.85965 0.88261 0)
(1.90658 0.844387 0)
(1.95482 0.800026 0)
(1.98108 0.790072 0)
(1.99801 0.786754 0)
(2.04407 0.749716 0)
(2.10147 0.687512 0)
(2.13846 0.658743 0)
(2.15377 0.665746 0)
(2.17573 0.648211 0)
(2.22901 0.595151 0)
(2.27162 0.53409 0)
(2.29487 0.532889 0)
(2.3149 0.526285 0)
(2.34274 0.484034 0)
(2.31436 0.358425 0)
(2.14993 0.0661453 0)
(1.92417 -0.251752 0)
(1.86604 -0.38671 0)
(1.87677 -0.44783 0)
(1.91911 -0.465633 0)
(1.95655 -0.464639 0)
(1.98768 -0.46294 0)
(2.01881 -0.474813 0)
(2.05462 -0.489269 0)
(2.08896 -0.501223 0)
(2.12367 -0.512837 0)
(2.15823 -0.526698 0)
(2.18995 -0.540386 0)
(2.21769 -0.54934 0)
(2.24055 -0.552554 0)
(2.2584 -0.55242 0)
(2.27717 -0.553249 0)
(2.30205 -0.556254 0)
(2.33068 -0.559231 0)
(2.36034 -0.561858 0)
(2.39019 -0.565642 0)
(2.41946 -0.56985 0)
(2.44558 -0.572046 0)
(2.46479 -0.572012 0)
(2.47477 -0.57209 0)
(2.47928 -0.571792 0)
(2.49325 -0.569637 0)
(2.51955 -0.569255 0)
(2.54799 -0.570628 0)
(2.57491 -0.571234 0)
(2.59806 -0.569124 0)
(2.61584 -0.564342 0)
(2.62805 -0.560875 0)
(2.63714 -0.563313 0)
(2.64692 -0.568041 0)
(2.66169 -0.571135 0)
(2.67905 -0.57389 0)
(2.69757 -0.573956 0)
(2.71777 -0.567886 0)
(2.73623 -0.555911 0)
(2.74829 -0.543435 0)
(2.75156 -0.53774 0)
(2.75587 -0.549386 0)
(2.76205 -0.559242 0)
(2.78131 -0.549755 0)
(2.79988 -0.533877 0)
(2.80778 -0.518953 0)
(2.81524 -0.503585 0)
(2.82888 -0.501935 0)
(2.83728 -0.506327 0)
(2.84763 -0.507922 0)
(2.86285 -0.497965 0)
(2.87657 -0.475655 0)
(2.87758 -0.432622 0)
(2.87899 -0.388963 0)
(2.87949 -0.353788 0)
(2.87784 -0.320301 0)
(2.8733 -0.27922 0)
(2.87676 -0.256728 0)
(2.88238 -0.252487 0)
(2.89213 -0.236538 0)
(2.90887 -0.208642 0)
(2.91329 -0.198708 0)
(2.92132 -0.192015 0)
(2.92544 -0.181721 0)
(2.92394 -0.170999 0)
(2.93029 -0.164483 0)
(2.93779 -0.161572 0)
(2.9471 -0.157794 0)
(2.96036 -0.153777 0)
(2.97292 -0.146982 0)
(2.97673 -0.141601 0)
(2.97609 -0.114402 0)
(2.97166 -0.086637 0)
(2.97417 -0.013312 0)
(1.88049 0.941207 0)
(1.75351 0.9828 0)
(1.78077 0.966794 0)
(1.81985 0.940265 0)
(1.84456 0.926049 0)
(1.88177 0.896288 0)
(1.92497 0.856261 0)
(1.95034 0.836688 0)
(1.9689 0.832554 0)
(2.00488 0.804714 0)
(2.05936 0.751136 0)
(2.09556 0.709123 0)
(2.11379 0.709105 0)
(2.12992 0.706682 0)
(2.1781 0.663705 0)
(2.23028 0.597456 0)
(2.26027 0.57196 0)
(2.26874 0.58469 0)
(2.29585 0.54624 0)
(2.24195 0.401087 0)
(2.06949 0.0725595 0)
(1.83685 -0.246829 0)
(1.81272 -0.348984 0)
(1.84923 -0.375376 0)
(1.89928 -0.385738 0)
(1.94705 -0.408056 0)
(1.97561 -0.410955 0)
(1.99969 -0.418106 0)
(2.03457 -0.439703 0)
(2.07027 -0.452385 0)
(2.10611 -0.462372 0)
(2.14144 -0.474378 0)
(2.17481 -0.485648 0)
(2.20553 -0.492876 0)
(2.23415 -0.497326 0)
(2.26029 -0.502437 0)
(2.28169 -0.508239 0)
(2.29956 -0.512556 0)
(2.32048 -0.51519 0)
(2.34644 -0.5163 0)
(2.37462 -0.516353 0)
(2.40267 -0.516342 0)
(2.42995 -0.515924 0)
(2.45584 -0.515198 0)
(2.47794 -0.517524 0)
(2.49346 -0.52365 0)
(2.50228 -0.527885 0)
(2.51059 -0.524834 0)
(2.52641 -0.518113 0)
(2.54971 -0.511918 0)
(2.57554 -0.50544 0)
(2.60035 -0.499391 0)
(2.62313 -0.500629 0)
(2.64224 -0.509797 0)
(2.65516 -0.518741 0)
(2.66305 -0.518792 0)
(2.66977 -0.509701 0)
(2.67866 -0.502901 0)
(2.69437 -0.502597 0)
(2.7184 -0.504873 0)
(2.74258 -0.506826 0)
(2.76228 -0.507242 0)
(2.77437 -0.504727 0)
(2.77764 -0.507504 0)
(2.76864 -0.512501 0)
(2.77158 -0.504985 0)
(2.79594 -0.493321 0)
(2.81905 -0.484303 0)
(2.83623 -0.472085 0)
(2.8443 -0.470866 0)
(2.85292 -0.480228 0)
(2.85701 -0.490909 0)
(2.86839 -0.489795 0)
(2.89016 -0.475488 0)
(2.90601 -0.443931 0)
(2.90871 -0.421283 0)
(2.91205 -0.409877 0)
(2.91635 -0.390619 0)
(2.91547 -0.363283 0)
(2.91198 -0.329749 0)
(2.91515 -0.300107 0)
(2.91359 -0.272077 0)
(2.91652 -0.248947 0)
(2.93194 -0.227605 0)
(2.9491 -0.204018 0)
(2.95264 -0.193988 0)
(2.9504 -0.171523 0)
(2.94351 -0.14371 0)
(2.94492 -0.131952 0)
(2.95305 -0.131786 0)
(2.96484 -0.132292 0)
(2.97681 -0.133854 0)
(2.98718 -0.133639 0)
(2.99922 -0.121385 0)
(2.99898 -0.116683 0)
(3.00381 -0.0914594 0)
(2.3604 0.676261 0)
(1.86867 0.96673 0)
(1.79007 0.979375 0)
(1.81869 0.96504 0)
(1.86075 0.940536 0)
(1.89803 0.912711 0)
(1.92695 0.888508 0)
(1.95173 0.870339 0)
(1.98439 0.844586 0)
(2.01724 0.81574 0)
(2.05504 0.780617 0)
(2.08607 0.749261 0)
(2.10707 0.740554 0)
(2.13365 0.717783 0)
(2.1777 0.675874 0)
(2.2194 0.630083 0)
(2.23009 0.63425 0)
(2.24396 0.581629 0)
(2.18731 0.427673 0)
(1.95047 0.0538876 0)
(1.76083 -0.232234 0)
(1.77474 -0.333937 0)
(1.81642 -0.336836 0)
(1.87379 -0.336866 0)
(1.92418 -0.348614 0)
(1.96134 -0.361231 0)
(1.99132 -0.376814 0)
(2.02201 -0.3932 0)
(2.05371 -0.403679 0)
(2.08663 -0.413323 0)
(2.12223 -0.425535 0)
(2.15825 -0.437768 0)
(2.19308 -0.446385 0)
(2.22596 -0.450396 0)
(2.25606 -0.452194 0)
(2.28232 -0.455071 0)
(2.30313 -0.460198 0)
(2.31977 -0.465923 0)
(2.33855 -0.470534 0)
(2.36327 -0.473309 0)
(2.39159 -0.474458 0)
(2.42008 -0.474293 0)
(2.44642 -0.471344 0)
(2.46913 -0.464467 0)
(2.4873 -0.45945 0)
(2.50307 -0.465219 0)
(2.51687 -0.478213 0)
(2.52963 -0.487133 0)
(2.54662 -0.486688 0)
(2.56959 -0.479323 0)
(2.5944 -0.467693 0)
(2.61634 -0.453337 0)
(2.63293 -0.443632 0)
(2.64699 -0.44802 0)
(2.66071 -0.463077 0)
(2.67342 -0.475088 0)
(2.68657 -0.477323 0)
(2.7013 -0.472955 0)
(2.71637 -0.464431 0)
(2.73022 -0.452466 0)
(2.74446 -0.44164 0)
(2.76266 -0.438719 0)
(2.78086 -0.446892 0)
(2.7928 -0.463797 0)
(2.79651 -0.478664 0)
(2.79761 -0.473578 0)
(2.80165 -0.45185 0)
(2.81134 -0.43097 0)
(2.82333 -0.418657 0)
(2.83815 -0.421167 0)
(2.859 -0.436773 0)
(2.8701 -0.451766 0)
(2.87882 -0.457846 0)
(2.89476 -0.445882 0)
(2.91335 -0.419003 0)
(2.92393 -0.398829 0)
(2.93162 -0.394769 0)
(2.93726 -0.397195 0)
(2.94058 -0.398497 0)
(2.94022 -0.381647 0)
(2.93654 -0.343343 0)
(2.94056 -0.321046 0)
(2.94548 -0.298548 0)
(2.95342 -0.275627 0)
(2.96634 -0.255383 0)
(2.9785 -0.228317 0)
(2.98096 -0.209722 0)
(2.97118 -0.182697 0)
(2.96204 -0.136587 0)
(2.9648 -0.117402 0)
(2.97095 -0.107909 0)
(2.98411 -0.108837 0)
(2.99307 -0.11209 0)
(3.00316 -0.110259 0)
(3.01203 -0.10113 0)
(3.02109 -0.0831063 0)
(2.91576 0.152209 0)
(2.26443 0.755316 0)
(1.86371 0.980267 0)
(1.82395 0.982469 0)
(1.85564 0.964076 0)
(1.90062 0.934681 0)
(1.9387 0.903333 0)
(1.96114 0.89059 0)
(1.98527 0.878007 0)
(2.02394 0.843094 0)
(2.06801 0.790753 0)
(2.08945 0.773501 0)
(2.09934 0.776282 0)
(2.12834 0.75305 0)
(2.18507 0.689841 0)
(2.21193 0.677367 0)
(2.19581 0.604238 0)
(2.10644 0.406492 0)
(1.84655 0.0213233 0)
(1.76322 -0.144647 0)
(1.76493 -0.221514 0)
(1.7954 -0.254988 0)
(1.84463 -0.268729 0)
(1.89902 -0.286921 0)
(1.94125 -0.306457 0)
(1.97544 -0.325633 0)
(2.0101 -0.343174 0)
(2.04509 -0.358995 0)
(2.07691 -0.368686 0)
(2.107 -0.374795 0)
(2.13983 -0.383692 0)
(2.17513 -0.393629 0)
(2.21063 -0.400111 0)
(2.24457 -0.403313 0)
(2.27551 -0.406542 0)
(2.30239 -0.412108 0)
(2.32397 -0.418661 0)
(2.34116 -0.423039 0)
(2.35898 -0.424605 0)
(2.3817 -0.425097 0)
(2.40852 -0.425471 0)
(2.43632 -0.426 0)
(2.46196 -0.425556 0)
(2.48357 -0.421716 0)
(2.50045 -0.416283 0)
(2.51394 -0.416594 0)
(2.52719 -0.424401 0)
(2.5423 -0.432147 0)
(2.56069 -0.433729 0)
(2.5824 -0.428538 0)
(2.60591 -0.418736 0)
(2.62915 -0.407823 0)
(2.64891 -0.402597 0)
(2.66374 -0.405341 0)
(2.671 -0.410322 0)
(2.67482 -0.412762 0)
(2.68322 -0.40983 0)
(2.69922 -0.406928 0)
(2.71864 -0.40758 0)
(2.73831 -0.406452 0)
(2.75456 -0.398128 0)
(2.76371 -0.385762 0)
(2.77105 -0.383759 0)
(2.78558 -0.397172 0)
(2.80106 -0.414207 0)
(2.81295 -0.422665 0)
(2.8212 -0.416991 0)
(2.82936 -0.401846 0)
(2.84005 -0.390956 0)
(2.85388 -0.387721 0)
(2.8721 -0.394365 0)
(2.88493 -0.405087 0)
(2.89085 -0.413066 0)
(2.89419 -0.406184 0)
(2.90415 -0.389023 0)
(2.91754 -0.376116 0)
(2.93098 -0.372978 0)
(2.94295 -0.373946 0)
(2.94881 -0.375114 0)
(2.94725 -0.37296 0)
(2.94267 -0.357267 0)
(2.9568 -0.336176 0)
(2.96768 -0.324688 0)
(2.97885 -0.311478 0)
(2.99164 -0.29871 0)
(3.00348 -0.286079 0)
(3.01079 -0.268097 0)
(3.00593 -0.241375 0)
(2.99349 -0.200477 0)
(2.99488 -0.179484 0)
(2.98839 -0.156777 0)
(2.98845 -0.122019 0)
(2.99974 -0.108286 0)
(3.01103 -0.100618 0)
(3.01807 -0.0789536 0)
(3.02559 -0.0712938 0)
(2.99794 0.00911139 0)
(2.84249 0.246382 0)
(2.19904 0.810597 0)
(1.87189 0.981191 0)
(1.8662 0.980518 0)
(1.90113 0.954163 0)
(1.93289 0.933892 0)
(1.96664 0.914107 0)
(1.99944 0.886249 0)
(2.03868 0.848982 0)
(2.05667 0.829495 0)
(2.07519 0.822111 0)
(2.09781 0.803285 0)
(2.15211 0.746979 0)
(2.17995 0.717421 0)
(2.16291 0.6423 0)
(2.00533 0.384632 0)
(1.78591 0.0242347 0)
(1.681 -0.19071 0)
(1.71295 -0.23573 0)
(1.76673 -0.230616 0)
(1.81465 -0.225369 0)
(1.8689 -0.242448 0)
(1.91978 -0.269842 0)
(1.96105 -0.28911 0)
(1.999 -0.300695 0)
(2.03661 -0.312468 0)
(2.0715 -0.322467 0)
(2.1021 -0.329935 0)
(2.13083 -0.337194 0)
(2.16152 -0.345062 0)
(2.19422 -0.35182 0)
(2.22729 -0.355507 0)
(2.25927 -0.357576 0)
(2.28917 -0.361521 0)
(2.31626 -0.368174 0)
(2.33985 -0.37432 0)
(2.36031 -0.37648 0)
(2.37962 -0.375322 0)
(2.40058 -0.374446 0)
(2.42447 -0.374629 0)
(2.44989 -0.374638 0)
(2.47379 -0.373766 0)
(2.49391 -0.371504 0)
(2.51072 -0.370215 0)
(2.52671 -0.373777 0)
(2.54339 -0.38087 0)
(2.56023 -0.386718 0)
(2.5775 -0.387672 0)
(2.59583 -0.381389 0)
(2.61285 -0.368672 0)
(2.62684 -0.353447 0)
(2.64269 -0.346143 0)
(2.66516 -0.352607 0)
(2.68441 -0.366063 0)
(2.69787 -0.376672 0)
(2.70909 -0.376914 0)
(2.72157 -0.372196 0)
(2.73566 -0.370073 0)
(2.75088 -0.368583 0)
(2.76645 -0.363332 0)
(2.77948 -0.355928 0)
(2.79058 -0.348287 0)
(2.79883 -0.346197 0)
(2.80481 -0.351193 0)
(2.81317 -0.356063 0)
(2.82155 -0.354767 0)
(2.82878 -0.343462 0)
(2.84102 -0.331318 0)
(2.85803 -0.329666 0)
(2.87532 -0.335256 0)
(2.89322 -0.34791 0)
(2.90523 -0.364368 0)
(2.91112 -0.368115 0)
(2.91481 -0.347892 0)
(2.92093 -0.330271 0)
(2.93403 -0.330577 0)
(2.94872 -0.335294 0)
(2.96019 -0.337333 0)
(2.96254 -0.339554 0)
(2.95231 -0.332252 0)
(2.95845 -0.315697 0)
(2.97736 -0.305648 0)
(2.99182 -0.303132 0)
(3.00688 -0.299403 0)
(3.01724 -0.293142 0)
(3.02357 -0.286267 0)
(3.02438 -0.274227 0)
(3.01754 -0.251102 0)
(3.00892 -0.213257 0)
(3.0092 -0.198337 0)
(3.01013 -0.187263 0)
(3.01487 -0.163744 0)
(3.02186 -0.138189 0)
(3.02947 -0.109726 0)
(3.03804 -0.0719589 0)
(2.99998 8.53462e-05 0)
(2.9945 0.0178043 0)
(2.75718 0.343958 0)
(2.15786 0.842439 0)
(1.90601 0.976543 0)
(1.89993 0.976818 0)
(1.93127 0.955519 0)
(1.96846 0.931838 0)
(2.00427 0.904528 0)
(2.02403 0.886938 0)
(2.05859 0.852973 0)
(2.08196 0.837239 0)
(2.1157 0.810626 0)
(2.14209 0.776088 0)
(2.10783 0.659068 0)
(1.91491 0.340734 0)
(1.6917 0.00137431 0)
(1.68572 -0.099343 0)
(1.70434 -0.135343 0)
(1.74826 -0.174891 0)
(1.79406 -0.188187 0)
(1.8434 -0.208145 0)
(1.88957 -0.225635 0)
(1.9321 -0.237173 0)
(1.97369 -0.245337 0)
(2.01654 -0.254225 0)
(2.0583 -0.265714 0)
(2.09478 -0.277022 0)
(2.125 -0.285306 0)
(2.15226 -0.290984 0)
(2.18046 -0.296083 0)
(2.21002 -0.301063 0)
(2.23997 -0.304835 0)
(2.2698 -0.308396 0)
(2.29913 -0.314336 0)
(2.32732 -0.322646 0)
(2.35362 -0.329467 0)
(2.37764 -0.331688 0)
(2.3994 -0.329897 0)
(2.41962 -0.327706 0)
(2.43972 -0.327089 0)
(2.46063 -0.32667 0)
(2.48182 -0.325124 0)
(2.5019 -0.322202 0)
(2.52057 -0.320155 0)
(2.53911 -0.321978 0)
(2.55815 -0.326986 0)
(2.57678 -0.332956 0)
(2.59424 -0.337833 0)
(2.6111 -0.338551 0)
(2.62689 -0.333907 0)
(2.6394 -0.322688 0)
(2.64741 -0.309967 0)
(2.65553 -0.304769 0)
(2.67268 -0.306702 0)
(2.69796 -0.311314 0)
(2.72 -0.315998 0)
(2.73942 -0.320424 0)
(2.75565 -0.3248 0)
(2.76135 -0.323917 0)
(2.76231 -0.315994 0)
(2.77602 -0.305508 0)
(2.79481 -0.297877 0)
(2.81142 -0.296005 0)
(2.82327 -0.302416 0)
(2.82995 -0.311016 0)
(2.8367 -0.315924 0)
(2.84677 -0.308263 0)
(2.85147 -0.287393 0)
(2.85409 -0.281441 0)
(2.86566 -0.293105 0)
(2.87993 -0.303312 0)
(2.89049 -0.309261 0)
(2.90044 -0.310222 0)
(2.92172 -0.307221 0)
(2.93966 -0.298577 0)
(2.95069 -0.288652 0)
(2.95091 -0.287224 0)
(2.94767 -0.292493 0)
(2.94964 -0.297798 0)
(2.95815 -0.299212 0)
(2.96929 -0.289562 0)
(2.98321 -0.277787 0)
(2.99679 -0.272156 0)
(3.00709 -0.271234 0)
(3.01494 -0.27143 0)
(3.02207 -0.2641 0)
(3.0254 -0.252684 0)
(3.02493 -0.245507 0)
(3.02075 -0.240362 0)
(3.02177 -0.222663 0)
(3.02595 -0.213944 0)
(3.03247 -0.209476 0)
(3.03828 -0.187895 0)
(3.04722 -0.169789 0)
(3.05585 -0.12864 0)
(3 1.37857e-07 0)
(2.99992 0.000276076 0)
(2.9874 0.031142 0)
(2.6947 0.412723 0)
(2.14007 0.860162 0)
(1.93035 0.978202 0)
(1.92796 0.979172 0)
(1.9625 0.954941 0)
(2.00141 0.926206 0)
(2.03327 0.894673 0)
(2.06197 0.87557 0)
(2.07932 0.867666 0)
(2.10487 0.821204 0)
(2.05426 0.66648 0)
(1.79959 0.282389 0)
(1.6185 -0.00301523 0)
(1.63228 -0.130669 0)
(1.66978 -0.134087 0)
(1.72316 -0.129221 0)
(1.76816 -0.132332 0)
(1.81745 -0.158196 0)
(1.86615 -0.183051 0)
(1.91165 -0.202265 0)
(1.95439 -0.211772 0)
(1.99698 -0.217421 0)
(2.03935 -0.223845 0)
(2.07949 -0.231127 0)
(2.11489 -0.237907 0)
(2.14533 -0.243709 0)
(2.17335 -0.248363 0)
(2.2011 -0.252147 0)
(2.22882 -0.256354 0)
(2.25649 -0.261121 0)
(2.2844 -0.266041 0)
(2.31244 -0.271084 0)
(2.33983 -0.276027 0)
(2.36601 -0.279356 0)
(2.39055 -0.280663 0)
(2.41323 -0.280917 0)
(2.43404 -0.281374 0)
(2.45286 -0.282258 0)
(2.46969 -0.282281 0)
(2.48632 -0.279457 0)
(2.50541 -0.273021 0)
(2.5267 -0.267196 0)
(2.54921 -0.26688 0)
(2.57192 -0.2708 0)
(2.5931 -0.275684 0)
(2.6116 -0.280495 0)
(2.62707 -0.284197 0)
(2.63992 -0.286213 0)
(2.65071 -0.285457 0)
(2.65918 -0.283148 0)
(2.66936 -0.278488 0)
(2.68473 -0.268549 0)
(2.70096 -0.257884 0)
(2.71857 -0.255183 0)
(2.73745 -0.260681 0)
(2.75546 -0.270453 0)
(2.76941 -0.278862 0)
(2.77462 -0.275478 0)
(2.7744 -0.26005 0)
(2.78041 -0.246959 0)
(2.79573 -0.2418 0)
(2.81514 -0.245033 0)
(2.8288 -0.255438 0)
(2.83473 -0.262651 0)
(2.84481 -0.260487 0)
(2.85926 -0.253934 0)
(2.86655 -0.246741 0)
(2.86553 -0.252306 0)
(2.87563 -0.262388 0)
(2.89307 -0.261833 0)
(2.91112 -0.255262 0)
(2.92769 -0.246886 0)
(2.93895 -0.234896 0)
(2.94699 -0.231089 0)
(2.95237 -0.234584 0)
(2.95498 -0.238469 0)
(2.95785 -0.242049 0)
(2.95793 -0.24611 0)
(2.95246 -0.246163 0)
(2.96011 -0.239224 0)
(2.97475 -0.237661 0)
(2.98916 -0.23805 0)
(3.00607 -0.236271 0)
(3.02349 -0.226074 0)
(3.03375 -0.21545 0)
(3.03848 -0.211582 0)
(3.0355 -0.213313 0)
(3.02469 -0.214434 0)
(3.02696 -0.206217 0)
(3.04105 -0.202888 0)
(3.04957 -0.197075 0)
(3.05781 -0.186938 0)
(3.07264 -0.167058 0)
(3 6.00693e-11 0)
(3 5.73903e-07 0)
(2.99978 0.000715876 0)
(2.98144 0.0433739 0)
(2.63059 0.473336 0)
(2.13228 0.878358 0)
(1.96301 0.975254 0)
(1.96136 0.973106 0)
(1.9893 0.952595 0)
(2.03692 0.917109 0)
(2.05406 0.910237 0)
(2.07242 0.858239 0)
(1.95819 0.637348 0)
(1.74078 0.242496 0)
(1.58152 0.0316567 0)
(1.59851 -0.0286439 0)
(1.64106 -0.0627847 0)
(1.70198 -0.0977169 0)
(1.7513 -0.104132 0)
(1.79009 -0.106657 0)
(1.83354 -0.122794 0)
(1.88101 -0.145208 0)
(1.92649 -0.161008 0)
(1.97006 -0.168418 0)
(2.01229 -0.173262 0)
(2.05257 -0.178891 0)
(2.09014 -0.185432 0)
(2.12503 -0.192127 0)
(2.15757 -0.197572 0)
(2.1876 -0.200162 0)
(2.21464 -0.200399 0)
(2.2393 -0.201325 0)
(2.26399 -0.20501 0)
(2.29113 -0.210993 0)
(2.32069 -0.217638 0)
(2.35043 -0.223635 0)
(2.37802 -0.227608 0)
(2.40257 -0.229898 0)
(2.42492 -0.232063 0)
(2.44588 -0.234721 0)
(2.46493 -0.236784 0)
(2.48119 -0.237839 0)
(2.49637 -0.237089 0)
(2.51538 -0.231596 0)
(2.53899 -0.223876 0)
(2.56363 -0.219753 0)
(2.58712 -0.220008 0)
(2.60851 -0.22285 0)
(2.62784 -0.22748 0)
(2.64458 -0.231927 0)
(2.65717 -0.235451 0)
(2.66623 -0.236471 0)
(2.67264 -0.234245 0)
(2.67892 -0.230488 0)
(2.69306 -0.224741 0)
(2.71208 -0.217811 0)
(2.73214 -0.214692 0)
(2.75149 -0.216763 0)
(2.76673 -0.220968 0)
(2.77829 -0.224623 0)
(2.78806 -0.225253 0)
(2.79039 -0.21762 0)
(2.792 -0.208938 0)
(2.806 -0.207933 0)
(2.82485 -0.208139 0)
(2.84 -0.211458 0)
(2.84938 -0.214286 0)
(2.85589 -0.211092 0)
(2.8624 -0.206633 0)
(2.87231 -0.20584 0)
(2.87903 -0.209252 0)
(2.87946 -0.213049 0)
(2.87577 -0.21431 0)
(2.88885 -0.202777 0)
(2.9126 -0.188083 0)
(2.92783 -0.185395 0)
(2.94534 -0.187061 0)
(2.95808 -0.190637 0)
(2.96723 -0.194076 0)
(2.97611 -0.19833 0)
(2.9799 -0.202795 0)
(2.97029 -0.201652 0)
(2.95864 -0.194602 0)
(2.97341 -0.197355 0)
(2.99197 -0.200489 0)
(3.00974 -0.201134 0)
(3.02735 -0.19705 0)
(3.04221 -0.187801 0)
(3.05098 -0.181025 0)
(3.05211 -0.179962 0)
(3.04257 -0.181773 0)
(3.02669 -0.180665 0)
(3.03336 -0.177434 0)
(3.04691 -0.175087 0)
(3.06124 -0.16339 0)
(3.08094 -0.150579 0)
(3 5.29585e-15 0)
(3 3.78623e-10 0)
(3 1.91654e-06 0)
(2.99962 0.00130296 0)
(2.97021 0.0595975 0)
(2.59691 0.51128 0)
(2.14072 0.882527 0)
(1.99147 0.971755 0)
(1.99517 0.968611 0)
(2.01771 0.957599 0)
(2.04651 0.898632 0)
(1.91387 0.654589 0)
(1.57408 0.197367 0)
(1.51308 -0.0139233 0)
(1.54732 -0.0578871 0)
(1.58752 -0.0464669 0)
(1.63733 -0.0388017 0)
(1.70646 -0.0540371 0)
(1.76992 -0.0774184 0)
(1.81952 -0.0952571 0)
(1.86251 -0.10699 0)
(1.90352 -0.116531 0)
(1.94464 -0.12543 0)
(1.98697 -0.13446 0)
(2.02954 -0.143676 0)
(2.06993 -0.151142 0)
(2.10682 -0.155766 0)
(2.14057 -0.157986 0)
(2.17233 -0.158706 0)
(2.20242 -0.158293 0)
(2.23048 -0.157816 0)
(2.25693 -0.15967 0)
(2.28338 -0.164766 0)
(2.31138 -0.171394 0)
(2.34071 -0.177551 0)
(2.36957 -0.182256 0)
(2.39555 -0.184666 0)
(2.41693 -0.184845 0)
(2.43447 -0.183984 0)
(2.45158 -0.183982 0)
(2.4703 -0.184324 0)
(2.48939 -0.184451 0)
(2.50714 -0.185724 0)
(2.52506 -0.185528 0)
(2.547 -0.182164 0)
(2.57306 -0.179337 0)
(2.59874 -0.178153 0)
(2.62123 -0.176961 0)
(2.63807 -0.176498 0)
(2.64807 -0.1775 0)
(2.65583 -0.179943 0)
(2.66709 -0.18255 0)
(2.68191 -0.18317 0)
(2.69596 -0.179124 0)
(2.70675 -0.1719 0)
(2.71405 -0.169055 0)
(2.72193 -0.170787 0)
(2.73295 -0.174568 0)
(2.74518 -0.17812 0)
(2.75795 -0.176896 0)
(2.77411 -0.171352 0)
(2.79492 -0.168344 0)
(2.81286 -0.163165 0)
(2.82253 -0.157084 0)
(2.81907 -0.160733 0)
(2.81194 -0.170925 0)
(2.81679 -0.173498 0)
(2.83339 -0.165198 0)
(2.85293 -0.157499 0)
(2.87372 -0.152347 0)
(2.89191 -0.152724 0)
(2.90277 -0.159376 0)
(2.90226 -0.167375 0)
(2.89414 -0.163328 0)
(2.89206 -0.154697 0)
(2.90834 -0.148172 0)
(2.92528 -0.145222 0)
(2.94007 -0.147011 0)
(2.95279 -0.153516 0)
(2.96158 -0.162032 0)
(2.95995 -0.164965 0)
(2.95505 -0.157224 0)
(2.96295 -0.151169 0)
(2.9725 -0.1495 0)
(2.98344 -0.153946 0)
(2.99661 -0.159765 0)
(3.01233 -0.157922 0)
(3.02636 -0.151277 0)
(3.03509 -0.146319 0)
(3.03237 -0.14748 0)
(3.01876 -0.152153 0)
(3.02072 -0.145071 0)
(3.02897 -0.142287 0)
(3.03772 -0.137276 0)
(3.04733 -0.13516 0)
(3.07171 -0.13454 0)
(3 5.12153e-16 0)
(3 3.28901e-14 0)
(3 1.70591e-09 0)
(3 4.1418e-06 0)
(2.9993 0.00227439 0)
(2.96712 0.0681627 0)
(2.55653 0.544786 0)
(2.17168 0.8763 0)
(2.02031 0.982061 0)
(2.00991 0.956785 0)
(1.84931 0.639039 0)
(1.48887 0.19761 0)
(1.44062 0.0724544 0)
(1.47877 0.0212836 0)
(1.55326 -0.0166747 0)
(1.60653 -0.0312159 0)
(1.65408 -0.0268753 0)
(1.7118 -0.0321248 0)
(1.7743 -0.0442035 0)
(1.83326 -0.0600351 0)
(1.88381 -0.0763628 0)
(1.92608 -0.0880154 0)
(1.96506 -0.09431 0)
(2.00364 -0.0986073 0)
(2.04165 -0.103067 0)
(2.078 -0.107177 0)
(2.11264 -0.109916 0)
(2.1461 -0.111346 0)
(2.17844 -0.111733 0)
(2.20934 -0.110818 0)
(2.23865 -0.109296 0)
(2.26669 -0.109101 0)
(2.29386 -0.111364 0)
(2.32068 -0.115577 0)
(2.34676 -0.12076 0)
(2.37093 -0.125971 0)
(2.39327 -0.129629 0)
(2.41405 -0.131519 0)
(2.43337 -0.131872 0)
(2.4534 -0.130062 0)
(2.47395 -0.127057 0)
(2.49295 -0.124603 0)
(2.51039 -0.125629 0)
(2.52709 -0.128969 0)
(2.54426 -0.128599 0)
(2.56322 -0.125573 0)
(2.5809 -0.125386 0)
(2.59844 -0.125023 0)
(2.61637 -0.124193 0)
(2.63438 -0.124612 0)
(2.65111 -0.125529 0)
(2.6653 -0.123875 0)
(2.67869 -0.120422 0)
(2.69273 -0.118523 0)
(2.70579 -0.119598 0)
(2.71463 -0.121382 0)
(2.71975 -0.121587 0)
(2.72739 -0.122021 0)
(2.73994 -0.122107 0)
(2.7565 -0.120258 0)
(2.77353 -0.115633 0)
(2.78854 -0.109339 0)
(2.80143 -0.105169 0)
(2.8075 -0.105857 0)
(2.80431 -0.111253 0)
(2.80056 -0.117078 0)
(2.81397 -0.119254 0)
(2.83349 -0.118148 0)
(2.84994 -0.109102 0)
(2.86548 -0.0972325 0)
(2.88175 -0.0945817 0)
(2.89283 -0.102122 0)
(2.89154 -0.112247 0)
(2.88473 -0.113983 0)
(2.89013 -0.106814 0)
(2.90501 -0.0995822 0)
(2.92152 -0.0963674 0)
(2.93761 -0.0985247 0)
(2.94967 -0.10573 0)
(2.95314 -0.113686 0)
(2.94435 -0.114799 0)
(2.93959 -0.106839 0)
(2.94864 -0.0994612 0)
(2.9647 -0.0993088 0)
(2.98421 -0.105675 0)
(3.00002 -0.111363 0)
(3.01188 -0.110169 0)
(3.0203 -0.104542 0)
(3.02278 -0.0998026 0)
(3.0152 -0.101017 0)
(3.00533 -0.10556 0)
(3.01462 -0.101827 0)
(3.02624 -0.0994579 0)
(3.03907 -0.0937327 0)
(3.0521 -0.0947455 0)
(3.07392 -0.0962653 0)
(3 1.57664e-15 0)
(3 5.17493e-16 0)
(3 1.95464e-13 0)
(3 4.36548e-09 0)
(3 1.06435e-05 0)
(2.99944 0.00234747 0)
(2.93772 0.0994814 0)
(2.67356 0.494975 0)
(2.23395 1.06307 0)
(1.75055 0.651364 0)
(1.2452 0.135184 0)
(1.27941 -0.038785 0)
(1.38601 -0.0144081 0)
(1.46278 0.000200163 0)
(1.54577 -0.0124241 0)
(1.62556 -0.0211838 0)
(1.68133 -0.0244539 0)
(1.73529 -0.0203144 0)
(1.79057 -0.02235 0)
(1.84819 -0.0315997 0)
(1.90275 -0.0448871 0)
(1.9498 -0.0564873 0)
(1.9904 -0.0630496 0)
(2.02761 -0.0657293 0)
(2.06333 -0.0673908 0)
(2.09825 -0.0692057 0)
(2.13235 -0.070592 0)
(2.16534 -0.0711649 0)
(2.19685 -0.0709755 0)
(2.22712 -0.0698428 0)
(2.25726 -0.0682609 0)
(2.28814 -0.0677116 0)
(2.31948 -0.0689381 0)
(2.34989 -0.0726446 0)
(2.37736 -0.0777234 0)
(2.40052 -0.0827426 0)
(2.41964 -0.0865306 0)
(2.43771 -0.0881233 0)
(2.45792 -0.0872771 0)
(2.47865 -0.0839855 0)
(2.49757 -0.0797178 0)
(2.51794 -0.077852 0)
(2.5389 -0.0787542 0)
(2.5539 -0.0803334 0)
(2.56535 -0.0813989 0)
(2.57828 -0.080512 0)
(2.59329 -0.0795311 0)
(2.60741 -0.0783524 0)
(2.62222 -0.0770531 0)
(2.63961 -0.0759128 0)
(2.65832 -0.074776 0)
(2.67682 -0.0735695 0)
(2.69413 -0.0727107 0)
(2.7088 -0.0732836 0)
(2.71836 -0.0746711 0)
(2.72248 -0.0755843 0)
(2.72647 -0.0766687 0)
(2.73591 -0.0769913 0)
(2.75069 -0.0745413 0)
(2.76774 -0.0711121 0)
(2.78553 -0.0681247 0)
(2.80195 -0.064997 0)
(2.81328 -0.0621367 0)
(2.81445 -0.0630804 0)
(2.80514 -0.0714065 0)
(2.80815 -0.0766784 0)
(2.82423 -0.0732622 0)
(2.83879 -0.0682851 0)
(2.85647 -0.0610434 0)
(2.87661 -0.0556441 0)
(2.89507 -0.0562637 0)
(2.90464 -0.0624071 0)
(2.90046 -0.0705657 0)
(2.89293 -0.0729532 0)
(2.89856 -0.0668336 0)
(2.91182 -0.0610962 0)
(2.92901 -0.058426 0)
(2.94631 -0.0605441 0)
(2.95822 -0.0668057 0)
(2.95864 -0.0718804 0)
(2.94565 -0.0689 0)
(2.94113 -0.0624276 0)
(2.95328 -0.0595821 0)
(2.97209 -0.0613706 0)
(2.9915 -0.0662955 0)
(3.00667 -0.0686794 0)
(3.01831 -0.0673883 0)
(3.02639 -0.0633819 0)
(3.02743 -0.060021 0)
(3.01633 -0.0631692 0)
(3.00954 -0.0663337 0)
(3.01942 -0.0645213 0)
(3.03259 -0.0639957 0)
(3.04908 -0.0608653 0)
(3.06433 -0.0624602 0)
(3.08622 -0.0628967 0)
(3 4.44424e-16 0)
(3 -4.97786e-16 0)
(3 -6.4646e-16 0)
(3 5.6649e-13 0)
(3 9.88444e-09 0)
(3 9.8653e-06 0)
(2.99803 0.00288195 0)
(2.94416 0.0811204 0)
(2.64311 0.461457 0)
(1.39825 0.487294 0)
(1.06987 0.244909 0)
(1.28464 0.110956 0)
(1.43231 0.0182194 0)
(1.48618 0.0040125 0)
(1.55373 0.001433 0)
(1.6369 -0.0033946 0)
(1.70199 -0.00831914 0)
(1.75621 -0.00870116 0)
(1.80944 -0.00995392 0)
(1.86308 -0.0122538 0)
(1.91713 -0.0158542 0)
(1.96793 -0.0200805 0)
(2.01177 -0.02321 0)
(2.04881 -0.0242287 0)
(2.08194 -0.0237779 0)
(2.1136 -0.0229141 0)
(2.14484 -0.0222109 0)
(2.17593 -0.0219285 0)
(2.20703 -0.0219936 0)
(2.23858 -0.022037 0)
(2.2709 -0.0219092 0)
(2.30333 -0.0218527 0)
(2.33438 -0.0224069 0)
(2.36204 -0.0238 0)
(2.38607 -0.0258168 0)
(2.40785 -0.0276483 0)
(2.42797 -0.0284317 0)
(2.44651 -0.027814 0)
(2.46298 -0.0266915 0)
(2.47679 -0.0273871 0)
(2.49121 -0.0296488 0)
(2.50776 -0.0297772 0)
(2.52785 -0.0264612 0)
(2.55033 -0.0233855 0)
(2.56947 -0.0244933 0)
(2.57988 -0.0314679 0)
(2.58376 -0.0374205 0)
(2.58835 -0.0398147 0)
(2.5994 -0.0395335 0)
(2.61673 -0.038418 0)
(2.63689 -0.037625 0)
(2.65719 -0.0373807 0)
(2.67547 -0.0377156 0)
(2.68923 -0.0387985 0)
(2.69613 -0.0398023 0)
(2.69769 -0.0398008 0)
(2.70128 -0.0394185 0)
(2.71265 -0.0394426 0)
(2.72959 -0.039337 0)
(2.74816 -0.039026 0)
(2.76612 -0.0383608 0)
(2.78175 -0.0373133 0)
(2.79243 -0.0359678 0)
(2.79157 -0.0364878 0)
(2.77792 -0.04136 0)
(2.78432 -0.0415449 0)
(2.80108 -0.0394115 0)
(2.81749 -0.0369027 0)
(2.83727 -0.0333093 0)
(2.85966 -0.030936 0)
(2.87956 -0.0325736 0)
(2.88772 -0.0377871 0)
(2.87828 -0.0438806 0)
(2.86674 -0.042643 0)
(2.87447 -0.0366804 0)
(2.88998 -0.0335779 0)
(2.90957 -0.0323012 0)
(2.92868 -0.0345032 0)
(2.94011 -0.0399828 0)
(2.93668 -0.0422537 0)
(2.92194 -0.037721 0)
(2.92174 -0.0340837 0)
(2.93618 -0.0327933 0)
(2.95434 -0.0332248 0)
(2.97263 -0.0365874 0)
(2.98737 -0.0381413 0)
(2.99877 -0.0371642 0)
(3.00711 -0.0350538 0)
(3.00789 -0.0329029 0)
(2.99519 -0.0350476 0)
(2.98976 -0.0372504 0)
(3.00078 -0.0366449 0)
(3.01391 -0.0361381 0)
(3.02996 -0.0342102 0)
(3.04571 -0.0355177 0)
(3.0691 -0.0365347 0)
)
;

boundaryField
{
    inlet
    {
        type            fixedValue;
        value           uniform (3 0 0);
    }
    outlet
    {
        type            inletOutlet;
        inletValue      uniform (3 0 0);
        value           nonuniform List<vector> 
32
(
(2.5844 0.0153852 0)
(2.59714 0.0365129 0)
(2.62694 0.0389705 0)
(2.64914 0.0489625 0)
(2.65431 0.0745859 0)
(2.65239 0.0959716 0)
(2.64811 0.130059 0)
(2.64609 0.147739 0)
(2.64261 0.16637 0)
(2.64847 0.1826 0)
(2.65942 0.199081 0)
(2.6752 0.226521 0)
(2.69466 0.2597 0)
(2.71512 0.284887 0)
(2.73055 0.312466 0)
(2.74858 0.341484 0)
(2.77088 0.368746 0)
(2.80297 0.367197 0)
(2.84629 0.34145 0)
(2.91131 0.207492 0)
(2.97417 -0.013312 0)
(3.00381 -0.0914594 0)
(3.02109 -0.0831063 0)
(3.02559 -0.0712938 0)
(3.03804 -0.0719589 0)
(3.05585 -0.12864 0)
(3.07264 -0.167058 0)
(3.08094 -0.150579 0)
(3.07171 -0.13454 0)
(3.07392 -0.0962653 0)
(3.08622 -0.0628967 0)
(3.0691 -0.0365347 0)
)
;
    }
    bottom
    {
        type            symmetryPlane;
    }
    top
    {
        type            symmetryPlane;
    }
    obstacle
    {
        type            slip;
    }
    defaultFaces
    {
        type            empty;
    }
}


// ************************************************************************* //
