/*--------------------------------*- C++ -*----------------------------------*\
  =========                 |
  \\      /  F ield         | OpenFOAM: The Open Source CFD Toolbox
   \\    /   O peration     | Website:  https://openfoam.org
    \\  /    A nd           | Version:  7
     \\/     M anipulation  |
\*---------------------------------------------------------------------------*/
FoamFile
{
    version     2.0;
    format      ascii;
    class       volScalarField;
    location    "0.3";
    object      p;
}
// * * * * * * * * * * * * * * * * * * * * * * * * * * * * * * * * * * * * * //

dimensions      [1 -1 -2 0 0 0 0];

internalField   nonuniform List<scalar> 
16128
(
1
1
1
1
1
1
1
1
1
1
1
1
1
1
1
1
1
1
1
1
1
1
1
1
1
1
1
1
1
1
1
1
1.00152
6.94467
12.196
12.3691
12.3714
12.4018
12.315
12.1805
12.0827
12.1376
12.3703
12.676
12.8652
12.753
12.4091
12.1461
1
1
1
1
1
1
1
1
1
1
1
1
1
1
1
1
1
1
1
1
1
1
1
1
1
1
1
1
1
1
1
1
1
6.82883
12.1536
12.3573
12.3584
12.3822
12.2929
12.1633
12.0793
12.1421
12.372
12.6736
12.8532
12.7335
12.3835
12.1472
1
1
1
1
1
1
1
1
1
1
1
1
1
1
1
1
1
1
1
1
1
1
1
1
1
1
1
1
1
1
1
1
1
6.5649
12.1116
12.3353
12.3228
12.3402
12.2505
12.1344
12.0739
12.1454
12.3696
12.6708
12.8403
12.7073
12.3491
12.1433
1
1
1
1
1
1
1
1
1
1
1
1
1
1
1
1
1
1
1
1
1
1
1
1
1
1
1
1
1
1
1
1
1
6.1748
12.0423
12.3049
12.2714
12.2767
12.1867
12.095
12.0674
12.1503
12.3636
12.6587
12.8169
12.6703
12.3046
12.1374
1
1
1
1
1
1
1
1
1
1
1
1
1
1
1
1
1
1
1
1
1
1
1
1
1
1
1
1
1
1
1
1
1
5.68125
11.9143
12.2607
12.204
12.1935
12.1036
12.049
12.0669
12.163
12.3597
12.6353
12.7746
12.6144
12.247
12.124
1
1
1
1
1
1
1
1
1
1
1
1
1
1
1
1
1
1
1
1
1
1
1
1
1
1
1
1
1
1
1
1
1
5.09771
11.7089
12.2047
12.1192
12.087
12.0053
12.003
12.0725
12.1782
12.3492
12.5903
12.7049
12.5381
12.1828
12.1067
1
1
1
1
1
1
1
1
1
1
1
1
1
1
1
1
1
1
1
1
1
1
1
1
1
1
1
1
1
1
1
1
1
4.42427
11.4057
12.1333
12.0136
11.9631
11.9082
11.967
12.0817
12.19
12.3253
12.5176
12.6055
12.4429
12.1127
12.0824
1
1
1
1
1
1
1
1
1
1
1
1
1
1
1
1
1
1
1
1
1
1
1
1
1
1
1
1
1
1
1
1
1
3.63132
10.9532
12.0452
11.8905
11.838
11.8326
11.9447
12.0891
12.1899
12.2809
12.4163
12.4746
12.3289
12.038
12.0485
1
1
1
1
1
1
1
1
1
1
1
1
1
1
1
1
1
1
1
1
1
1
1
1
1
1
1
1
1
1
1
1
1
2.75251
10.26
11.934
11.7575
11.7359
11.7882
11.9262
12.0796
12.1644
12.2063
12.2804
12.3121
12.1992
11.9576
12.0062
1
1
1
1
1
1
1
1
1
1
1
1
1
1
1
1
1
1
1
1
1
1
1
1
1
1
1
1
1
1
1
1
1
1.91675
9.19068
11.761
11.6418
11.6722
11.7594
11.8902
12.0356
12.1092
12.1112
12.122
12.1229
12.0477
11.8639
11.9482
1
1
1
1
1
1
1
1
1
1
1
1
1
1
1
1
1
1
1
1
1
1
1
1
1
1
1
1
1
1
1
1
1
1.25262
7.76573
11.5659
11.578
11.6292
11.7174
11.8281
11.9558
12.0193
11.9921
11.9364
11.8924
11.8563
11.7558
11.8806
1
1
1
1
1
1
1
1
1
1
1
1
1
1
1
1
1
1
1
1
1
1
1
1
1
1
1
1
1
1
1
1
1
1.00556
6.27417
11.3348
11.5143
11.591
11.6619
11.739
11.8471
11.903
11.8526
11.741
11.6461
11.6306
11.6164
11.7624
1
1
1
1
1
1
1
1
1
1
1
1
1
1
1
1
1
1
1
1
1
1
1
1
1
1
1
1
1
1
1
1
1
1.00001
4.69971
11.0196
11.4772
11.5096
11.5832
11.6377
11.7207
11.7569
11.6757
11.5041
11.3573
11.3475
11.4132
11.6063
1
1
1
1
1
1
1
1
1
1
1
1
1
1
1
1
1
1
1
1
1
1
1
1
1
1
1
1
1
1
1
1
1
1
3.11587
10.3623
11.4797
11.4107
11.4943
11.5313
11.5704
11.5663
11.4553
11.241
11.0622
11.0488
11.1483
11.2922
1
1
1
1
1
1
1
1
1
1
1
1
1
1
1
1
1
1
1
1
1
1
1
1
1
1
1
1
1
1
1
1
1
1
1.76521
8.91561
11.392
11.3296
11.3926
11.4075
11.3857
11.3248
11.1849
10.9443
10.7183
10.6259
10.6811
10.7956
1
1
1
1
1
1
1
1
1
1
1
1
1
1
1
1
1
1
1
1
1
1
1
1
1
1
1
1
1
1
1
1
1
1
1.04109
6.71491
11.1226
11.2406
11.2627
11.2471
11.164
11.0462
10.8808
10.6309
10.3673
10.199
10.1652
10.302
1
1
1
1
1
1
1
1
1
1
1
1
1
1
1
1
1
1
1
1
1
1
1
1
1
1
1
1
1
1
1
1
1
1
1.00024
4.1499
10.5943
11.1295
11.0879
11.0392
10.9049
10.7497
10.5794
10.3421
9.99322
9.61365
8.88022
6.97352
1
1
1
1
1
1
1
1
1
1
1
1
1
1
1
1
1
1
1
1
1
1
1
1
1
1
1
1
1
1
1
1
1
1
1
2.07997
9.22088
10.9521
10.8523
10.8138
10.6489
10.4651
10.2823
10.0367
9.58998
8.97735
8.0371
5.93381
1
1
1
1
1
1
1
1
1
1
1
1
1
1
1
1
1
1
1
1
1
1
1
1
1
1
1
1
1
1
1
1
1
1
1
1.07083
6.86356
10.5976
10.6711
10.641
10.4424
10.2288
10.0056
9.73285
9.22999
8.52704
7.35931
5.53376
1
1
1
1
1
1
1
1
1
1
1
1
1
1
1
1
1
1
1
1
1
1
1
1
1
1
1
1
1
1
1
1
1
1
1
1.00058
3.87012
10.0821
10.6013
10.431
10.2785
10.0482
9.75968
9.42404
8.90844
8.15879
7.0026
5.50851
1
1
1
1
1
1
1
1
1
1
1
1
1
1
1
1
1
1
1
1
1
1
1
1
1
1
1
1
1
1
1
1
1
1
1
1
1.56436
8.31015
10.4633
10.2563
10.1204
9.90762
9.57877
9.16584
8.61785
7.8791
6.82144
5.54972
1
1
1
1
1
1
1
1
1
1
1
1
1
1
1
1
1
1
1
1
1
1
1
1
1
1
1
1
1
1
1
1
1
1
1
1
1.01702
5.09623
10.1055
10.2392
9.98513
9.74555
9.41278
8.956
8.35745
7.6282
6.69632
5.62637
1
1
1
1
1
1
1
1
1
1
1
1
1
1
1
1
1
1
1
1
1
1
1
1
1
1
1
1
1
1
1
1
1
1
1
1
1.00003
1.97167
8.60049
10.1013
9.86175
9.58172
9.20603
8.74489
8.15653
7.45152
6.60715
5.69023
1
1
1
1
1
1
1
1
1
1
1
1
1
1
1
1
1
1
1
1
1
1
1
1
1
1
1
1
1
1
1
1
1
1
1
1
1
1.04473
5.21067
9.64027
9.7824
9.45459
9.02375
8.56568
8.00556
7.32978
6.56295
5.77854
1
1
1
1
1
1
1
1
1
1
1
1
1
1
1
1
1
1
1
1
1
1
1
1
1
1
1
1
1
1
1
1
1
1
1
1
1
1.00017
1.81953
8.06068
9.59471
9.24324
8.87953
8.43213
7.90268
7.27256
6.58173
5.88659
1
1
1
1
1
1
1
1
1
1
1
1
1
1
1
1
1
1
1
1
1
1
1
1
1
1
1
1
1
1
1
1
1
1
1
1
1
1
1.0332
4.31251
9.10715
9.22324
8.77124
8.3348
7.82199
7.25071
6.63217
6.0067
1
1
1
1
1
1
1
1
1
1
1
1
1
1
1
1
1
1
1
1
1
1
1
1
1
1
1
1
1
1
1
1
1
1
1
1
1
1
1.00013
1.47142
6.71965
9.02785
8.69077
8.29949
7.82839
7.26614
6.67736
6.1174
1
1
1
1
1
1
1
1
1
1
1
1
1
1
1
1
1
1
1
1
1
1
1
1
1
1
1
1
1
1
1
1
1
1
1
1
1
1
1
1.01145
2.72903
8.08082
8.70711
8.23168
7.78499
7.32119
6.76347
6.21763
1
1
1
1
1
1
1
1
1
1
1
1
1
1
1
1
1
1
1
1
1
1
1
1
1
1
1
1
1
1
1
1
1
1
1
1
1
1
1
1.00003
1.13217
4.45419
8.37184
8.39941
7.80626
7.30693
6.84027
6.32869
1
1
1
1
1
1
1
1
1
1
1
1
1
1
1
1
1
1
1
1
1
1
1
1
1
1
1
1
1
1
1
1
1
1
1
1
1
1
1
1
1.00129
1.53398
5.79411
8.14153
7.98856
7.41341
6.89388
6.4198
1
1
1
1
1
1
1
1
1
1
1
1
1
1
1
1
1
1
1
1
1
1
1
1
1
1
1
1
1
1
1
1
1
1
1
1
1
1
1
1
1
1.01399
2.19927
6.47779
7.84112
7.58789
7.02851
6.49594
1
1
1
1
1
1
1
1
1
1
1
1
1
1
1
1
1
1
1
1
1
1
1
1
1
1
1
1
1
1
1
1
1
1
1
1
1
1
1
1
1
1.00004
1.06185
2.85464
6.70729
7.49515
7.24041
6.66483
1
1
1
1
1
1
1
1
1
1
1
1
1
1
1
1
1
1
1
1
1
1
1
1
1
1
1
1
1
1
1
1
1
1
1
1
1
1
1
1
1
1
1.0004
1.14908
3.29505
6.62285
7.15153
6.93338
1
1
1
1
1
1
1
1
1
1
1
1
1
1
1
1
1
1
1
1
1
1
1
1
1
1
1
1
1
1
1
1
1
1
1
1
1
1
1
1
1
1
1
1.00163
1.23805
3.46403
6.33233
6.76798
1
1
1
1
1
1
1
1
1
1
1
1
1
1
1
1
1
1
1
1
1
1
1
1
1
1
1
1
1
1
1
1
1
1
1
1
1
1
1
1
1
1
1
1
1.00357
1.28692
3.37251
5.80589
1
1
1
1
1
1
1
1
1
1
1
1
1
1
1
1
1
1
1
1
1
1
1
1
1
1
1
1
1
1
1
1
1
1
1
1
1
1
1
1
1
1
1
1
1.00001
1.0049
1.27487
2.94396
1
1
1
1
1
1
1
1
1
1
1
1
1
1
1
1
1
1
1
1
1
1
1
1
1
1
1
1
1
1
1
1
1
1
1
1
1
1
1
1
1
1
1
1
1
1.00001
1.00451
1.19128
1
1
1
1
1
1
1
1
1
1
1
1
1
1
1
1
1
1
1
1
1
1
1
1
1
1
1
1
1
1
1
1
1
1
1
1
1
1
1
1
1
1
1
1
1
1
1.00001
1.00251
1
1
1
1
1
1
1
1
1
1
1
1
1
1
1
1
1
1
1
1
1
1
1
1
1
1
1
1
1
1
1
1
1
1
1
1
1
1
1
1
1
1
1
1
1
1
1
1
1
1
1
1
1
1
1
1
1
1
1
1
1
1
1
1
1
1
1
1
1
1
1
1
1
1
1
1
1
1
1
1
1
1
1
1
1
1
1
1
1
1
1
1
1
1
1
1
1
1
1
1
1
1
1
1
1
1
1
1
1
1
1
1
1
1
1
1
1
1
1
1
1
1
1
1
1
1
1
1
1
1
1
1
1
1
1
1
1
1
1
1
1
1
1
1
1
1
1
1
1
1
1
1
1
1
1
1
1
1
1
1
1
1
1
1
1
1
1
1
1
1
1
1
1
1
1
1
1
1
1
1
1
1
1
1
1
1
1
1
1
1
1
1
1
1
1
1
1
1
1
1
1
1
1
1
1
1
1
1
1
1
1
1
1
1
1
1
1
1
1
1
1
1
1
1
1
1
1
1
1
1
1
1
1
1
1
1
1
1
1
1
1
1
1
1
1
1
1
1
1
1
1
1
1
1
1
1
1
1
1
1
1
1
1
1
1
1
1
1
1
1
1
1
1
1
1
1
1
1
1
1
1
1
1
1
1
1
1
1
1
1
1
1
1
1
1
1
1
1
1
1
1
1
1
1
1
1
1
1
1
1
1
1
1
1
1
1
1
1
1
1
1
1
1
1
1
1
1
1
1
1
1
1
1
1
1
1
1
1
1
1
1
1
1
1
1
1
1
1
1
1
1
1
1
1
1
1
1
1
1
1
1
1
1
1
1
1
1
1
1
1
1
1
1
1
1
1
1
1
1
1
1
1
1
1
1
1
1
1
1
1
1
1
1
1
1
1
1
1
1
1
1
1
1
1
1
1
1
1
1
1
1
1
1
1
1
1
1
1
1
1
1
1
1
1
1
1
1
1
1
1
1
1
1
1
1
1
1
1
1
1
1
1
1
1
1
1
1
1
1
1
1
1
1
1
1
1
1
1
1
1
1
1
1
1
1
1
1
1
1
1
1
1
1
1
1
1
1
1
1
1
1
1
1
1
1
1
1
1
1
1
1
1
1
1
1
1
1
1
1
1
1
1
1
1
1
1
1
1
1
1
1
1
1
1
1
1
1
1
1
1
1
1
1
1
1
1
1
1
1
1
1
1
1
1
1
1
1
1
1
1
1
1
1
1
1
1
1
1
1
1
1
1
1
1
1
1
1
1
1
1
1
1
1
1
1
1
1
1
1
1
1
1
1
1
1
1
1
1
1
1
1
1
1
1
1
1
1
1
1
1
1
1
1
1
1
1
1
1
1
1
1
1
1
1
1
1
1
1
1
1
1
1
1
1
1
1
1
1
1
1
1
1
1
1
1
1
1
1
1
1
1
1
1
1
1
1
1
1
1
1
1
1
1
1
1
1
1
1
1
1
1
1
1
1
1
1
1
1
1
1
1
1
1
1
1
1
1
1
1
1
1
1
1
1
1
1
1
1
1
1
1
1
1
1
1
1
1
1
1
1
1
1
1
1
1
1
1
1
1
1
1
1
1
1
1
1
1
1
1
1
1
1
1
1
1
1
1
1
1
1
1
1
1
1
1
1
1
1
1
1
1
1
1
1
1
1
1
1
1
1
1
1
1
1
1
1
1
1
1
1
1
1
1
1
1
1
1
1
1
1
1
1
1
1
1
1
1
1
1
1
1
1
1
1
1
1
1
1
1
1
1
1
1
1
1
1
1
1
1
1
1
1
1
1
1
1
1
1
1
1
1
1
1
1
1
1
1
1
1
1
1
1
1
1
1
1
1
1
1
1
1
1
1
1
1
1
1
1
1
1
1
1
1
1
1
1
1
1
1
1
1
1
1
1
1
1
1
1
1
1
1
1
1
1
1
1
1
1
1
1
1
1
1
1
1
1
1
1
1
1
1
1
1
1
1
1
1
1
1
1
1
1
1
1
1
1
1
1
1
1
1
1
1
1
1
1
1
1
1
1
1
1
1
1
1
1
1
1
1
1
1
1
1
1
1
1
1
1
1
1
1
1
1
1
1
1
1
1
1
1
1
1
1
1
1
1
1
1
1
1
1
1
1
1
1
1
1
1
1
1
1
1
1
1
1
1
1
1
1
1
1
1
1
1
1
1
1
1
1
1
1
1
1
1
1
1
1
1
1
1
1
1
1
1
1
1
1
1
1
1
1
1
1
1
1
1
1
1
1
1
1
1
1
1
1
1
1
1
1
1
1
1
1
1
1
1
1
1
1
1
1
1
1
1
1
1
1
1
1
1
1
1
1
1
1
1
1
1
1
1
1
1
1
1
1
1
1
1
1
1
1
1
1
1
1
1
1
1
1
1
1
1
1
1
1
1
1
1
1
1
1
1
1
1
1
1
1
1
1
1
1
1
1
1
1
1
1
1
1
1
1
1
1
1
1
1
1
1
1
1
1
1
1
1
1
1
1
1
1
1
1
1
1
1
1
1
1
1
1
1
1
1
1
1
1
1
1
1
1
1
1
1
1
1
1
1
1
1
1
1
1
1
1
1
1
1
1
1
1
1
1
1
1
1
1
1
1
1
1
1
1
1
1
1
1
1
1
1
1
1
1
1
1
1
1
1
1
1
1
1
1
1
1
1
1
1
1
1
1
1
1
1
1
1
1
1
1
1
1
1
1
1
1
1
1
1
1
1
1
1
1
1
1
1
1
1
1
1
1
1
1
1
1
1
1
1
1
1
1
1
1
1
1
1
1
1
1
1
1
1
1
1
1
1
1
1
1
1
1
1
1
1
1
1
1
1
1
1
1
1
1
1
1
1
1
1
1
1
1
1
1
1
1
1
1
1
1
1
1
1
1
1
1
1
1
1
1
1
1
1
1
1
1
1
1
1
1
1
1
1
1
1
1
1
1
1
1
1
1
1
1
1
1
1
1
1
1
1
1
1
1
1
1
1
1
1
1
1
1
1
1
1
1
1
1
1
1
1
1
1
1
1
1
1
1
1
1
1
1
1
1
1
1
1
1
1
1
1
1
1
1
1
1
1
1
1
1
1
1
1
1
1
1
1
1
1
1
1
1
1
1
1
1
1
1
1
1
1
1
1
1
1
1
1
1
1
1
1
1
1
1
1
1
1
1
1
1
1
1
1
1
1
1
1
1
1
1
1
1
1
1
1
1
1
1
1
1
1
1
1
1
1
1
1
1
1
1
1
1
1
1
1
1
1
1
1
1
1
1
1
1
1
1
1
1
1
1
1
1
1
1
1
1
1
1
1
1
1
1
1
1
1
1
1
1
1
1
1
1
1
1
1
1
1
1
1
1
1
1
1
1
1
1
1
1
1
1
1
1
1
1
1
1
1
1
1
1
1
1
1
1
1
1
1
1
1
1
1
1
1
1
1
1
1
1
1
1
1
1
1
1
1
1
1
1
1
1
1
1
1
1
1
1
1
1
1
1
1
1
1
1
1
1
1
1
1
1
1
1
1
1
1
1
1
1
1
1
1
1
1
1
1
1
1
1
1
1
1
1
1
1
1
1
1
1
1
1
1
1
1
1
1
1
1
1
1
1
1
1
1
1
1
1
1
1
1
1
1
1
1
1
1
1
1
1
1
1
1
1
1
1
1
1
1
1
1
1
1
1
1
1
1
1
1
1
1
1
1
1
1
1
1
1
1
1
1
1
1
1
1
1
1
1
1
1
1
1
1
1
1
1
1
1
1
1
1
1
1
1
1
1
1
1
1
1
1
1
1
1
1
1
1
1
1
1
1
1
1
1
1
1
1
1
1
1
1
1
1
1
1
1
1
1
1
1
1
1
1
1
1
1
1
1
1
1
1
1
1
1
1
1
1
1
1
1
1
1
1
1
1
1
1
1
1
1
1
1
1
1
1
1
1
1
1
1
1
1
1
1
1
1
1
1
1
1
1
1
1
1
1
1
1
1
1
1
1
1
1
1
1
1
1
1
1
1
1
1
1
1
1
1
1
1
1
1
1
1
1
1
1
1
1
1
1
1
1
1
1
1
1
1
1
1
1
1
1
1
1
1
1
1
1
1
1
1
1
1
1
1
1
1
1
1
1
1
1
1
1
1
1
1
1
1
1
1
1
1
1
1
1
1
1
1
1
1
1
1
1
1
1
1
1
1
1
1
1
1
1
1
1
1
1
1
1
1
1
1
1
1
1
1
1
1
1
1
1
1
1
1
1
1
1
1
1
1
1
1
1
1
1
1
1
1
1
1
1
1
1
1
1
1
1
1
1
1
1
1
1
1
1
1
1
1
1
1
1
1
1
1
1
1
1
1
1
1
1
1
1
1
1
1
1
1
1
1
1
1
1
1
1
1
1
1
1
1
1
1
1
1
1
1
1
1
1
1
1
1
1
1
1
1
1
1
1
1
1
1
1
1
1
1
1
1
1
1
1
1
1
1
1
1
1
1
1
1
1
1
1
1
1
1
1
1
1
1
1
1
1
1
1
1
1
1
1
1
1
1
1
1
1
1
1
1
1
1
1
1.37423
0.313266
0.0848003
0.047276
0.0490281
0.0772583
0.156206
0.235484
0.30871
0.409575
0.526616
0.616589
0.62505
0.651476
0.725403
0.820196
0.887674
0.945497
0.9662
0.968042
0.956417
0.938566
0.93873
0.934498
0.928391
0.933367
0.946935
0.948225
0.937701
0.922852
0.898203
0.874558
0.865312
0.858854
0.856415
0.868319
0.884008
0.883253
0.873869
0.856229
0.835556
0.83172
0.834895
0.845382
0.866205
0.887147
0.902253
0.911422
0.918455
0.908174
0.892962
0.890931
0.901241
0.924338
0.943132
0.949035
0.952452
0.954899
0.956105
0.956291
0.956576
0.95878
0.96372
0.970297
0.982375
0.997553
0.99916
0.998235
0.994853
0.991672
0.990848
0.99659
1.00428
1.00389
1.00151
0.999878
0.998734
0.998225
0.998165
0.998019
0.997794
0.9977
0.99892
1.00516
1.02144
1.04034
1.04616
1.04642
1.04646
1.0462
1.04451
1.03878
1.02488
1.00731
1.00047
1
1
1
1
1
1
1
1
1
1
1
1
1
1
1
1
1
1
1
1
1
1
1
1
1
1
1
1
1
1
1
1
1
1
1
1
1
1
1
1
1
1
1
1
1
1
1
1
1
1
1
1
1
1
1
1
1
1
1
1
1
1
1
1
1
1
1
1
1
1
1
1
1
1
1
1
1
1
1
1
1
1
1
1
1
1
1
1
1
1
1
1
1
1
1
1
1
2.37556
1.11369
0.673661
0.449291
0.283295
0.248802
0.280057
0.288819
0.28302
0.293442
0.320724
0.386569
0.435697
0.485938
0.560493
0.654714
0.745585
0.825535
0.882704
0.904215
0.91741
0.922947
0.933063
0.934661
0.9333
0.939779
0.947575
0.94813
0.940047
0.923206
0.901244
0.882574
0.872427
0.86439
0.859406
0.861804
0.869332
0.870024
0.86416
0.854613
0.844921
0.844498
0.847862
0.858496
0.872162
0.882656
0.891191
0.897568
0.899771
0.896957
0.894942
0.900805
0.915854
0.934054
0.942598
0.946899
0.95084
0.954677
0.957733
0.959791
0.961449
0.964154
0.969361
0.977601
0.982645
0.968566
0.959093
0.980913
0.998946
0.999465
0.995334
0.993835
0.996626
0.998764
0.997072
0.995788
0.995256
0.99546
0.995648
0.995653
0.995578
0.995585
0.997192
1.0054
1.02363
1.04213
1.04697
1.04712
1.04711
1.0467
1.04458
1.03806
1.0237
1.00664
1.0004
1
1
1
1
1
1
1
1
1
1
1
1
1
1
1
1
1
1
1
1
1
1
1
1
1
1
1
1
1
1
1
1
1
1
1
1
1
1
1
1
1
1
1
1
1
1
1
1
1
1
1
1
1
1
1
1
1
1
1
1
1
1
1
1
1
1
1
1
1
1
1
1
1
1
1
1
1
1
1
1
1
1
1
1
1
1
1
1
1
1
1
1
1
1
1
1
1
3.18331
1.89769
1.2922
0.932688
0.677629
0.518013
0.489069
0.439634
0.365935
0.333304
0.342584
0.365035
0.400299
0.442671
0.490151
0.543473
0.608281
0.675137
0.761332
0.830862
0.891465
0.926431
0.950692
0.966169
0.972827
0.96864
0.959288
0.947393
0.935245
0.912994
0.885528
0.87758
0.875078
0.873539
0.876176
0.877807
0.871524
0.862863
0.852408
0.840918
0.83835
0.840678
0.850109
0.872783
0.889356
0.894339
0.89815
0.897803
0.890283
0.880827
0.880924
0.89875
0.927714
0.945732
0.951098
0.952766
0.952545
0.951212
0.949916
0.950438
0.954362
0.962727
0.976024
0.992491
0.99692
0.970678
0.958249
0.980553
1.00185
1.00626
1.00479
1.00411
1.0058
1.00443
1.00121
0.998037
0.995858
0.995934
0.99623
0.996218
0.996136
0.996322
0.998567
1.00728
1.02618
1.0438
1.04778
1.04792
1.04792
1.04734
1.04474
1.03744
1.02213
1.00556
1.00028
1
1
1
1
1
1
1
1
1
1
1
1
1
1
1
1
1
1
1
1
1
1
1
1
1
1
1
1
1
1
1
1
1
1
1
1
1
1
1
1
1
1
1
1
1
1
1
1
1
1
1
1
1
1
1
1
1
1
1
1
1
1
1
1
1
1
1
1
1
1
1
1
1
1
1
1
1
1
1
1
1
1
1
1
1
1
1
1
1
1
1
1
1
1
1
1
1
3.78701
2.61358
1.96462
1.51092
1.09841
0.847093
0.780489
0.708158
0.593701
0.516443
0.521281
0.508925
0.466863
0.453966
0.464632
0.480205
0.493311
0.51991
0.589375
0.685386
0.764677
0.820757
0.862761
0.91539
0.979584
0.989551
0.981623
0.966828
0.942613
0.909463
0.878006
0.871836
0.870154
0.870134
0.875081
0.877469
0.873966
0.866694
0.85496
0.842219
0.837777
0.837395
0.845324
0.864574
0.87679
0.882363
0.887448
0.891093
0.890988
0.886852
0.888185
0.907912
0.932941
0.942559
0.945127
0.946757
0.947296
0.94588
0.943897
0.944061
0.949032
0.960297
0.976239
0.990458
0.987489
0.961
0.958915
0.985196
1.00373
1.00635
1.00571
1.00675
1.00754
1.0055
1.00267
0.998517
0.995165
0.994996
0.995386
0.995339
0.995197
0.995629
0.999267
1.01021
1.03049
1.04626
1.049
1.0491
1.04904
1.04811
1.04492
1.0365
1.01992
1.00421
1.00016
1
1
1
1
1
1
1
1
1
1
1
1
1
1
1
1
1
1
1
1
1
1
1
1
1
1
1
1
1
1
1
1
1
1
1
1
1
1
1
1
1
1
1
1
1
1
1
1
1
1
1
1
1
1
1
1
1
1
1
1
1
1
1
1
1
1
1
1
1
1
1
1
1
1
1
1
1
1
1
1
1
1
1
1
1
1
1
1
1
1
1
1
1
1
1
1
1
4.24313
3.19988
2.44411
1.99723
1.62285
1.28748
1.09887
0.962179
0.810435
0.712307
0.701507
0.674206
0.601675
0.545563
0.538854
0.522528
0.496309
0.499147
0.513625
0.545147
0.596611
0.675062
0.753646
0.818017
0.897373
0.927484
0.943912
0.962374
0.956974
0.934675
0.903055
0.88796
0.881108
0.87528
0.872704
0.870047
0.864621
0.854846
0.845435
0.84234
0.841795
0.84498
0.856779
0.86811
0.870996
0.872138
0.872479
0.877151
0.881015
0.882417
0.895526
0.926529
0.947053
0.949128
0.946791
0.944638
0.943143
0.941566
0.941704
0.948054
0.963179
0.981958
0.994112
0.993364
0.978154
0.958005
0.968438
0.995518
1.00535
1.00519
1.00481
1.00628
1.00754
1.0068
1.00426
0.999051
0.994279
0.993424
0.993568
0.99343
0.993404
0.994832
1.00036
1.01406
1.03601
1.04927
1.05087
1.05095
1.05069
1.04913
1.04483
1.03467
1.01674
1.00275
1.00007
1
1
1
1
1
1
1
1
1
1
1
1
1
1
1
1
1
1
1
1
1
1
1
1
1
1
1
1
1
1
1
1
1
1
1
1
1
1
1
1
1
1
1
1
1
1
1
1
1
1
1
1
1
1
1
1
1
1
1
1
1
1
1
1
1
1
1
1
1
1
1
1
1
1
1
1
1
1
1
1
1
1
1
1
1
1
1
1
1
1
1
1
1
1
1
1
1
4.53478
3.63828
2.95881
2.44433
1.9947
1.65766
1.45751
1.30067
1.09645
0.934577
0.895547
0.840538
0.760657
0.693763
0.6768
0.645143
0.587029
0.552933
0.553477
0.559997
0.562672
0.575263
0.61153
0.663209
0.742405
0.83108
0.881255
0.91474
0.932525
0.926434
0.919438
0.914394
0.905189
0.890073
0.874847
0.863184
0.850468
0.842361
0.837401
0.836289
0.8424
0.854552
0.865913
0.866797
0.864557
0.860592
0.862485
0.870706
0.877976
0.883167
0.90647
0.942283
0.953486
0.947842
0.939483
0.932491
0.928068
0.924583
0.925395
0.938872
0.965397
0.986885
0.9895
0.978822
0.964278
0.960066
0.982239
1.00299
1.00495
1.00418
1.00425
1.00679
1.00936
1.00949
1.00625
0.999362
0.993155
0.991909
0.991712
0.991447
0.991614
0.993901
1.00129
1.01865
1.04211
1.05235
1.05318
1.05323
1.05265
1.05038
1.04484
1.03221
1.01283
1.00145
1.00002
1
1
1
1
1
1
1
1
1
1
1
1
1
1
1
1
1
1
1
1
1
1
1
1
1
1
1
1
1
1
1
1
1
1
1
1
1
1
1
1
1
1
1
1
1
1
1
1
1
1
1
1
1
1
1
1
1
1
1
1
1
1
1
1
1
1
1
1
1
1
1
1
1
1
1
1
1
1
1
1
1
1
1
1
1
1
1
1
1
1
1
1
1
1
1
1
1
4.78005
3.97809
3.30564
2.8259
2.43041
2.04853
1.74823
1.56741
1.36727
1.21024
1.13163
1.0474
0.912151
0.810868
0.788234
0.753761
0.691262
0.63294
0.626887
0.619559
0.598437
0.586476
0.589654
0.59546
0.614095
0.673149
0.746826
0.81873
0.885033
0.890801
0.896643
0.904358
0.90794
0.899502
0.881524
0.865061
0.852589
0.846458
0.84165
0.839718
0.846388
0.855684
0.855461
0.850217
0.845078
0.84528
0.851562
0.863772
0.881812
0.902185
0.930625
0.954464
0.953539
0.940905
0.924661
0.913448
0.908928
0.908758
0.918575
0.947738
0.983156
0.993839
0.98412
0.972064
0.964789
0.969014
0.985906
0.999206
1.00264
1.00333
1.00537
1.00972
1.01359
1.01389
1.00922
0.999567
0.991348
0.98958
0.98917
0.98892
0.989828
0.993454
1.00362
1.02548
1.04868
1.05532
1.05567
1.05565
1.05473
1.05173
1.04435
1.02838
1.00849
1.00057
1
1
1
1
1
1
1
1
1
1
1
1
1
1
1
1
1
1
1
1
1
1
1
1
1
1
1
1
1
1
1
1
1
1
1
1
1
1
1
1
1
1
1
1
1
1
1
1
1
1
1
1
1
1
1
1
1
1
1
1
1
1
1
1
1
1
1
1
1
1
1
1
1
1
1
1
1
1
1
1
1
1
1
1
1
1
1
1
1
1
1
1
1
1
1
1
1
1
4.98567
4.24658
3.6586
3.19327
2.75561
2.36578
2.09472
1.88241
1.62227
1.41769
1.3342
1.24406
1.11435
0.985287
0.929529
0.878571
0.802568
0.746184
0.740431
0.731411
0.698116
0.653862
0.624891
0.610818
0.604823
0.608027
0.633095
0.686088
0.767916
0.834667
0.860785
0.876094
0.886357
0.880254
0.874535
0.872754
0.874106
0.869474
0.860977
0.85424
0.852013
0.850703
0.844495
0.835014
0.830026
0.832468
0.840757
0.855465
0.887696
0.924275
0.941887
0.94784
0.945053
0.930801
0.91297
0.902915
0.902223
0.912866
0.94902
1.00742
1.03144
1.01039
0.986103
0.97326
0.970429
0.97492
0.983939
0.993434
0.999308
1.00304
1.00806
1.01467
1.01909
1.0192
1.01258
0.998969
0.988904
0.986755
0.986173
0.985958
0.987362
0.992861
1.00754
1.03455
1.05505
1.05855
1.05876
1.05866
1.05728
1.05307
1.04269
1.02267
1.00446
1.00015
1
1
1
1
1
1
1
1
1
1
1
1
1
1
1
1
1
1
1
1
1
1
1
1
1
1
1
1
1
1
1
1
1
1
1
1
1
1
1
1
1
1
1
1
1
1
1
1
1
1
1
1
1
1
1
1
1
1
1
1
1
1
1
1
1
1
1
1
1
1
1
1
1
1
1
1
1
1
1
1
1
1
1
1
1
1
1
1
1
1
1
1
1
1
1
1
1
1
5.19286
4.53048
3.94031
3.48636
3.11326
2.7283
2.38134
2.12766
1.88156
1.66499
1.53954
1.42393
1.27001
1.14347
1.08069
1.02357
0.939119
0.867433
0.852363
0.82798
0.782311
0.723826
0.679625
0.650766
0.619897
0.61107
0.622783
0.652615
0.688909
0.738555
0.780928
0.810814
0.839018
0.848326
0.849625
0.859159
0.876457
0.885433
0.880392
0.867864
0.856456
0.850056
0.839022
0.828334
0.82427
0.826941
0.837588
0.852864
0.880381
0.910906
0.92465
0.931058
0.930201
0.91861
0.906359
0.904052
0.913871
0.942274
1.00102
1.03497
1.01197
0.981924
0.964454
0.959977
0.965802
0.978346
0.987752
0.993193
0.999219
1.00675
1.01525
1.02112
1.02394
1.02218
1.01288
0.996477
0.985961
0.984084
0.983661
0.984119
0.986618
0.994196
1.01405
1.04471
1.06072
1.06239
1.06262
1.06243
1.06043
1.05416
1.03891
1.01526
1.00164
1.00002
1
1
1
1
1
1
1
1
1
1
1
1
1
1
1
1
1
1
1
1
1
1
1
1
1
1
1
1
1
1
1
1
1
1
1
1
1
1
1
1
1
1
1
1
1
1
1
1
1
1
1
1
1
1
1
1
1
1
1
1
1
1
1
1
1
1
1
1
1
1
1
1
1
1
1
1
1
1
1
1
1
1
1
1
1
1
1
1
1
1
1
1
1
1
1
1
1
1
5.37149
4.77191
4.25189
3.79293
3.34871
3.00141
2.7112
2.4299
2.11066
1.84165
1.70893
1.60496
1.47439
1.33313
1.23037
1.15045
1.05931
1.00552
0.984541
0.942334
0.879362
0.812039
0.774633
0.749284
0.711743
0.674236
0.670116
0.68108
0.686696
0.681222
0.68798
0.709707
0.748921
0.792715
0.816921
0.832653
0.85084
0.866672
0.867443
0.858165
0.846864
0.845595
0.843191
0.837931
0.834003
0.836241
0.843709
0.852539
0.868232
0.889452
0.904468
0.913222
0.916344
0.911541
0.906903
0.913199
0.93511
0.97082
1.00516
1.00003
0.970909
0.948017
0.940888
0.944413
0.957957
0.978183
0.994271
1.00393
1.01227
1.02072
1.0253
1.02711
1.02511
1.01852
1.0067
0.990318
0.981434
0.980378
0.980562
0.981881
0.985882
0.997195
1.02339
1.05508
1.06611
1.06698
1.06724
1.06684
1.06366
1.05357
1.03167
1.00774
1.00036
1
1
1
1
1
1
1
1
1
1
1
1
1
1
1
1
1
1
1
1
1
1
1
1
1
1
1
1
1
1
1
1
1
1
1
1
1
1
1
1
1
1
1
1
1
1
1
1
1
1
1
1
1
1
1
1
1
1
1
1
1
1
1
1
1
1
1
1
1
1
1
1
1
1
1
1
1
1
1
1
1
1
1
1
1
1
1
1
1
1
1
1
1
1
1
1
1
1
1
5.55729
4.9891
4.46627
4.04894
3.63907
3.22414
2.88562
2.635
2.36855
2.10485
1.89772
1.73578
1.60818
1.51617
1.43122
1.34269
1.19774
1.11656
1.08639
1.03948
0.972931
0.90569
0.875743
0.846087
0.805881
0.749252
0.726378
0.71929
0.695245
0.672655
0.673098
0.685347
0.708236
0.738768
0.774929
0.796225
0.812371
0.828664
0.835498
0.830772
0.827147
0.836899
0.853897
0.859597
0.860147
0.859928
0.852823
0.847323
0.855624
0.87349
0.891732
0.907514
0.91687
0.92123
0.927982
0.94238
0.964784
0.984396
0.979808
0.958522
0.941277
0.934999
0.93588
0.944023
0.960113
0.982378
1.00464
1.02097
1.0293
1.0323
1.03391
1.03314
1.02643
1.014
0.996679
0.982545
0.979187
0.97937
0.980077
0.981776
0.987041
1.00265
1.03522
1.06519
1.07193
1.07253
1.07276
1.07179
1.06605
1.04929
1.02084
1.00253
1.00004
1
1
1
1
1
1
1
1
1
1
1
1
1
1
1
1
1
1
1
1
1
1
1
1
1
1
1
1
1
1
1
1
1
1
1
1
1
1
1
1
1
1
1
1
1
1
1
1
1
1
1
1
1
1
1
1
1
1
1
1
1
1
1
1
1
1
1
1
1
1
1
1
1
1
1
1
1
1
1
1
1
1
1
1
1
1
1
1
1
1
1
1
1
1
1
1
1
1
1
5.70063
5.17125
4.66274
4.23767
3.84426
3.43064
3.09912
2.80415
2.51095
2.30227
2.12293
1.95365
1.78479
1.66654
1.58645
1.49279
1.36391
1.25108
1.19508
1.13826
1.05485
0.999138
0.981464
0.955661
0.918712
0.854474
0.806206
0.78587
0.75345
0.719953
0.711569
0.713108
0.724136
0.736976
0.740979
0.746021
0.753266
0.764391
0.775778
0.787759
0.804317
0.823285
0.842322
0.854423
0.859056
0.854501
0.842387
0.835023
0.843806
0.867386
0.897126
0.920264
0.931732
0.939881
0.954694
0.976472
0.99502
0.992827
0.971838
0.95033
0.938873
0.942947
0.958509
0.979339
1.00021
1.01856
1.02964
1.032
1.03134
1.03014
1.03106
1.032
1.02562
1.00683
0.985825
0.977829
0.976991
0.977281
0.978738
0.98199
0.990413
1.01217
1.05007
1.07512
1.07878
1.07934
1.07944
1.07703
1.06578
1.03917
1.00951
1.00042
1
1
1
1
1
1
1
1
1
1
1
1
1
1
1
1
1
1
1
1
1
1
1
1
1
1
1
1
1
1
1
1
1
1
1
1
1
1
1
1
1
1
1
1
1
1
1
1
1
1
1
1
1
1
1
1
1
1
1
1
1
1
1
1
1
1
1
1
1
1
1
1
1
1
1
1
1
1
1
1
1
1
1
1
1
1
1
1
1
1
1
1
1
1
1
1
1
1
1
1
5.81993
5.33424
4.83982
4.3777
4.00781
3.64991
3.29273
2.97157
2.69918
2.49239
2.32552
2.14417
1.95589
1.84963
1.76992
1.66605
1.49158
1.35524
1.29807
1.25283
1.17201
1.10888
1.08971
1.06039
1.01198
0.9455
0.876643
0.846235
0.819248
0.778247
0.759173
0.755592
0.756631
0.751542
0.740729
0.729975
0.72501
0.730351
0.745651
0.767088
0.787592
0.802678
0.812612
0.819883
0.822757
0.820989
0.818507
0.82338
0.840912
0.864705
0.882746
0.892601
0.900087
0.910778
0.928907
0.952248
0.971149
0.977099
0.974416
0.968588
0.968034
0.979283
1.00098
1.02546
1.0372
1.0408
1.04148
1.04048
1.03856
1.03339
1.02701
1.02094
1.00923
0.989397
0.975923
0.973794
0.973977
0.975259
0.977804
0.983199
0.996311
1.02596
1.0667
1.08476
1.0866
1.08711
1.08671
1.08073
1.05936
1.02333
1.0024
1.00003
1
1
1
1
1
1
1
1
1
1
1
1
1
1
1
1
1
1
1
1
1
1
1
1
1
1
1
1
1
1
1
1
1
1
1
1
1
1
1
1
1
1
1
1
1
1
1
1
1
1
1
1
1
1
1
1
1
1
1
1
1
1
1
1
1
1
1
1
1
1
1
1
1
1
1
1
1
1
1
1
1
1
1
1
1
1
1
1
1
1
1
1
1
1
1
1
1
1
1
1
5.92734
5.46105
5.00939
4.55266
4.12961
3.80451
3.51979
3.21079
2.8693
2.6514
2.53278
2.39076
2.17871
1.96217
1.8878
1.81958
1.67178
1.48883
1.39433
1.36211
1.29066
1.22331
1.20251
1.17584
1.11726
1.02167
0.945611
0.924075
0.908805
0.872192
0.840631
0.829951
0.820114
0.795258
0.75906
0.740121
0.734225
0.73753
0.746862
0.762221
0.777271
0.779885
0.777734
0.777618
0.777802
0.778916
0.786743
0.804434
0.830101
0.850233
0.856532
0.856044
0.861142
0.875274
0.895422
0.917062
0.937307
0.952031
0.957725
0.964338
0.979254
0.997182
1.01809
1.03331
1.03792
1.03982
1.04082
1.04067
1.03965
1.03541
1.02233
1.00146
0.982612
0.973223
0.971328
0.972238
0.973958
0.976276
0.980158
0.988273
1.00703
1.04504
1.08442
1.09517
1.09618
1.09651
1.09419
1.07896
1.04287
1.00826
1.00024
1
1
1
1
1
1
1
1
1
1
1
1
1
1
1
1
1
1
1
1
1
1
1
1
1
1
1
1
1
1
1
1
1
1
1
1
1
1
1
1
1
1
1
1
1
1
1
1
1
1
1
1
1
1
1
1
1
1
1
1
1
1
1
1
1
1
1
1
1
1
1
1
1
1
1
1
1
1
1
1
1
1
1
1
1
1
1
1
1
1
1
1
1
1
1
1
1
1
1
1
1
6.02855
5.59289
5.14257
4.71657
4.33496
3.95822
3.66116
3.44016
3.17281
2.86524
2.63716
2.54087
2.39882
2.19147
1.99931
1.8912
1.78701
1.63351
1.53023
1.49367
1.44548
1.35433
1.30346
1.27396
1.21038
1.09969
1.02786
1.00915
0.997206
0.966788
0.929346
0.909662
0.890005
0.840654
0.781084
0.760306
0.751972
0.755241
0.76821
0.775729
0.775469
0.772111
0.768499
0.765981
0.763702
0.763672
0.774196
0.794153
0.810581
0.818326
0.820819
0.821299
0.823562
0.833396
0.852248
0.872489
0.892144
0.912789
0.931606
0.949578
0.968955
0.995651
1.01783
1.02519
1.02789
1.02964
1.03001
1.02876
1.02333
1.0097
0.988069
0.968554
0.962505
0.964004
0.966984
0.970234
0.974648
0.980004
0.986569
0.997828
1.02293
1.06801
1.10112
1.10644
1.10719
1.10694
1.09771
1.06553
1.01982
1.00123
1.00001
1
1
1
1
1
1
1
1
1
1
1
1
1
1
1
1
1
1
1
1
1
1
1
1
1
1
1
1
1
1
1
1
1
1
1
1
1
1
1
1
1
1
1
1
1
1
1
1
1
1
1
1
1
1
1
1
1
1
1
1
1
1
1
1
1
1
1
1
1
1
1
1
1
1
1
1
1
1
1
1
1
1
1
1
1
1
1
1
1
1
1
1
1
1
1
1
1
1
1
1
1
6.13255
5.71271
5.28797
4.88093
4.54045
4.1832
3.82847
3.57722
3.37981
3.12051
2.85877
2.68603
2.53244
2.34376
2.12408
1.99997
1.92457
1.82027
1.67893
1.61156
1.58538
1.51213
1.41229
1.34646
1.281
1.17765
1.12177
1.10513
1.09163
1.06079
1.01752
0.982387
0.952403
0.894527
0.842293
0.826019
0.816676
0.81848
0.823902
0.814004
0.79825
0.781553
0.768284
0.762473
0.762501
0.769071
0.781757
0.789949
0.786673
0.781473
0.780819
0.783647
0.786286
0.790144
0.797575
0.809798
0.830207
0.856685
0.887808
0.917137
0.949595
0.989602
1.0104
1.0129
1.01372
1.01336
1.00954
0.998219
0.980059
0.962074
0.954022
0.954602
0.958083
0.962285
0.96692
0.971769
0.977514
0.984762
0.994709
1.01254
1.04934
1.09818
1.11789
1.11965
1.12012
1.11545
1.08884
1.03692
1.00403
1.00005
1
1
1
1
1
1
1
1
1
1
1
1
1
1
1
1
1
1
1
1
1
1
1
1
1
1
1
1
1
1
1
1
1
1
1
1
1
1
1
1
1
1
1
1
1
1
1
1
1
1
1
1
1
1
1
1
1
1
1
1
1
1
1
1
1
1
1
1
1
1
1
1
1
1
1
1
1
1
1
1
1
1
1
1
1
1
1
1
1
1
1
1
1
1
1
1
1
1
1
1
1
1
6.36583
5.87226
5.41829
5.04103
4.72174
4.38101
4.02189
3.77689
3.56601
3.30526
3.03338
2.84463
2.69581
2.52859
2.29857
2.09462
2.03181
1.98547
1.88019
1.76012
1.69525
1.63626
1.53696
1.41982
1.35008
1.29062
1.23369
1.20302
1.18504
1.15747
1.11453
1.05793
0.997157
0.946699
0.913602
0.896681
0.886237
0.888279
0.881785
0.86155
0.831353
0.800297
0.783658
0.777492
0.781121
0.795692
0.803807
0.794351
0.782015
0.775253
0.775209
0.779013
0.780807
0.781667
0.78513
0.798846
0.816687
0.832953
0.854219
0.883492
0.920069
0.948856
0.959698
0.963555
0.964686
0.963681
0.958674
0.94776
0.939534
0.940031
0.943849
0.949605
0.958037
0.967853
0.976576
0.98284
0.986833
0.990976
1.00133
1.0294
1.0843
1.12744
1.13451
1.1354
1.13367
1.11184
1.05744
1.0094
1.0002
1
1
1
1
1
1
1
1
1
1
1
1
1
1
1
1
1
1
1
1
1
1
1
1
1
1
1
1
1
1
1
1
1
1
1
1
1
1
1
1
1
1
1
1
1
1
1
1
1
1
1
1
1
1
1
1
1
1
1
1
1
1
1
1
1
1
1
1
1
1
1
1
1
1
1
1
1
1
1
1
1
1
1
1
1
1
1
1
1
1
1
1
1
1
1
1
1
1
1
1
1
1
1
6.65578
6.19103
5.6389
5.22831
4.91538
4.57531
4.23254
3.97914
3.73895
3.492
3.2429
2.97854
2.79607
2.68465
2.53329
2.32712
2.16158
2.10147
2.04603
1.93022
1.7952
1.72582
1.65623
1.54281
1.43558
1.39989
1.36678
1.30925
1.27021
1.24312
1.19728
1.1222
1.05061
1.02631
1.00966
0.982153
0.963219
0.957229
0.946292
0.918482
0.876202
0.846246
0.834396
0.830008
0.83721
0.84779
0.841431
0.824275
0.807068
0.797411
0.795333
0.79569
0.794376
0.792068
0.793157
0.805516
0.822492
0.836148
0.847035
0.863199
0.884825
0.898878
0.906466
0.913716
0.920676
0.926527
0.929954
0.932246
0.935089
0.938159
0.942079
0.948126
0.95662
0.967611
0.978887
0.988048
0.996809
1.00729
1.02739
1.0732
1.13241
1.15243
1.15402
1.1537
1.13471
1.07891
1.01689
1.00056
1
1
1
1
1
1
1
1
1
1
1
1
1
1
1
1
1
1
1
1
1
1
1
1
1
1
1
1
1
1
1
1
1
1
1
1
1
1
1
1
1
1
1
1
1
1
1
1
1
1
1
1
1
1
1
1
1
1
1
1
1
1
1
1
1
1
1
1
1
1
1
1
1
1
1
1
1
1
1
1
1
1
1
1
1
1
1
1
1
1
1
1
1
1
1
1
1
1
1
1
1
1
1
1
6.52157
6.42874
6.04165
5.51776
5.13762
4.76287
4.42959
4.19492
3.93207
3.64586
3.42873
3.20669
2.95248
2.78638
2.69746
2.57322
2.37041
2.22044
2.17478
2.09263
1.94091
1.80087
1.73949
1.65893
1.55485
1.5148
1.49579
1.44392
1.36687
1.32285
1.26896
1.17773
1.12402
1.10765
1.0993
1.07721
1.04693
1.03102
1.01271
0.973727
0.924311
0.902899
0.892821
0.892884
0.902216
0.900229
0.885519
0.863489
0.844256
0.833952
0.829796
0.828243
0.827143
0.826061
0.826515
0.828879
0.834233
0.841314
0.849245
0.864066
0.884078
0.894887
0.900669
0.907602
0.916102
0.923224
0.928571
0.933851
0.93966
0.946823
0.956546
0.969485
0.981645
0.987197
0.98871
0.991065
0.997431
1.01688
1.06389
1.13549
1.17321
1.1769
1.17703
1.15811
1.09929
1.02483
1.00108
1
1
1
1
1
1
1
1
1
1
1
1
1
1
1
1
1
1
1
1
1
1
1
1
1
1
1
1
1
1
1
1
1
1
1
1
1
1
1
1
1
1
1
1
1
1
1
1
1
1
1
1
1
1
1
1
1
1
1
1
1
1
1
1
1
1
1
1
1
1
1
1
1
1
1
1
1
1
1
1
1
1
1
1
1
1
1
1
1
1
1
1
1
1
1
1
1
1
1
1
1
1
1
1
1
5.47842
6.19188
6.08335
5.88541
5.48729
5.03125
4.63573
4.36704
4.10676
3.81495
3.62093
3.44498
3.19246
2.94058
2.83959
2.75501
2.58715
2.38004
2.28876
2.2083
2.07035
1.90972
1.85003
1.79323
1.68564
1.62855
1.60917
1.56666
1.47777
1.39904
1.342
1.2603
1.21049
1.19266
1.18315
1.16862
1.13242
1.10292
1.07736
1.0312
0.988941
0.973338
0.963575
0.967064
0.973142
0.961468
0.940964
0.915645
0.897912
0.890418
0.888487
0.88494
0.881087
0.881841
0.882986
0.882411
0.882875
0.880937
0.881489
0.889445
0.900383
0.90295
0.904562
0.90869
0.91612
0.923358
0.928492
0.933532
0.940184
0.950073
0.964041
0.979818
0.992733
1.0024
1.00953
1.01727
1.03304
1.07194
1.14329
1.19686
1.20517
1.20464
1.18259
1.11691
1.03104
1.00152
1.00001
1
1
1
1
1
1
1
1
1
1
1
1
1
1
1
1
1
1
1
1
1
1
1
1
1
1
1
1
1
1
1
1
1
1
1
1
1
1
1
1
1
1
1
1
1
1
1
1
1
1
1
1
1
1
1
1
1
1
1
1
1
1
1
1
1
1
1
1
1
1
1
1
1
1
1
1
1
1
1
1
1
1
1
1
1
1
1
1
1
1
1
1
1
1
1
1
1
1
1
1
1
1
1
1
1
2.56491
4.87438
5.82117
5.8261
5.71794
5.40016
4.98212
4.63435
4.32242
3.96926
3.74272
3.62816
3.45591
3.18433
3.00331
2.91376
2.77414
2.54447
2.41322
2.3354
2.20553
2.0269
1.97011
1.93748
1.84282
1.75128
1.7165
1.66769
1.57792
1.46913
1.41961
1.37077
1.30891
1.28117
1.27217
1.25842
1.22197
1.17577
1.13889
1.09583
1.06327
1.04875
1.03913
1.04241
1.04327
1.02811
1.00055
0.97413
0.961346
0.955482
0.950542
0.943957
0.939484
0.941539
0.939405
0.934372
0.932177
0.928978
0.925563
0.923824
0.923349
0.923121
0.920693
0.919879
0.924763
0.932493
0.94032
0.949046
0.959406
0.970899
0.982007
0.990664
0.997006
1.00409
1.018
1.04427
1.09105
1.16451
1.2247
1.23722
1.23456
1.20604
1.12972
1.03387
1.00164
1.00001
1
1
1
1
1
1
1
1
1
1
1
1
1
1
1
1
1
1
1
1
1
1
1
1
1
1
1
1
1
1
1
1
1
1
1
1
1
1
1
1
1
1
1
1
1
1
1
1
1
1
1
1
1
1
1
1
1
1
1
1
1
1
1
1
1
1
1
1
1
1
1
1
1
1
1
1
1
1
1
1
1
1
1
1
1
1
1
1
1
1
1
1
1
1
1
1
1
1
1
1
1
1
1
1
1
1
1.12233
2.12034
4.11047
5.30832
5.50937
5.50616
5.36084
5.04585
4.64266
4.23875
3.94004
3.75738
3.6234
3.43827
3.19254
3.04883
2.94043
2.74264
2.53207
2.45354
2.36109
2.19147
2.10429
2.07201
1.99292
1.88085
1.8245
1.76293
1.66233
1.54801
1.51213
1.48846
1.42465
1.38039
1.36891
1.3497
1.30684
1.24531
1.20273
1.17785
1.14981
1.1307
1.11865
1.11755
1.11494
1.09725
1.06278
1.03978
1.03186
1.02908
1.01911
1.00872
1.00451
1.00701
1.00454
0.996517
0.987714
0.98205
0.976332
0.97177
0.969374
0.967176
0.961176
0.959768
0.963777
0.9707
0.978776
0.988405
0.999801
1.01155
1.02203
1.03115
1.04106
1.05601
1.08276
1.1311
1.20343
1.25985
1.2713
1.26398
1.22552
1.13447
1.03198
1.00137
1
1
1
1
1
1
1
1
1
1
1
1
1
1
1
1
1
1
1
1
1
1
1
1
1
1
1
1
1
1
1
1
1
1
1
1
1
1
1
1
1
1
1
1
1
1
1
1
1
1
1
1
1
1
1
1
1
1
1
1
1
1
1
1
1
1
1
1
1
1
1
1
1
1
1
1
1
1
1
1
1
1
1
1
1
1
1
1
1
1
1
1
1
1
1
1
1
1
1
1
1
1
1
1
1
1
1
1
1.00124
1.06336
1.64934
3.19251
4.49075
5.1939
5.35734
5.23839
4.99586
4.63724
4.30778
4.02523
3.7748
3.59342
3.39603
3.17423
3.04786
2.9188
2.71053
2.57973
2.50568
2.38
2.27438
2.21409
2.12863
2.00686
1.93436
1.86582
1.7586
1.64916
1.62007
1.60518
1.54879
1.48875
1.47104
1.44669
1.39171
1.31571
1.2773
1.26528
1.24437
1.21882
1.2017
1.19376
1.1892
1.16888
1.12872
1.1105
1.10558
1.10316
1.09222
1.0762
1.06963
1.06931
1.06786
1.05995
1.04895
1.03894
1.02908
1.02077
1.01466
1.00681
0.998196
0.998616
1.0021
1.00641
1.01141
1.01822
1.02732
1.0388
1.05291
1.07082
1.09536
1.13205
1.18795
1.2575
1.30018
1.3045
1.28884
1.23632
1.12734
1.0253
1.00085
1
1
1
1
1
1
1
1
1
1
1
1
1
1
1
1
1
1
1
1
1
1
1
1
1
1
1
1
1
1
1
1
1
1
1
1
1
1
1
1
1
1
1
1
1
1
1
1
1
1
1
1
1
1
1
1
1
1
1
1
1
1
1
1
1
1
1
1
1
1
1
1
1
1
1
1
1
1
1
1
1
1
1
1
1
1
1
1
1
1
1
1
1
1
1
1
1
1
1
1
1
1
1
1
1
1
1
1
1
1
1.00042
1.02191
1.27795
2.25652
3.6429
4.84045
5.06118
4.92824
4.83677
4.69441
4.41147
4.07859
3.78062
3.58372
3.37099
3.15921
3.03231
2.88472
2.74191
2.6468
2.54228
2.44687
2.36203
2.25206
2.11957
2.04893
1.9823
1.87368
1.76891
1.74306
1.72416
1.67125
1.60645
1.57818
1.54458
1.47435
1.39569
1.37152
1.36265
1.34234
1.31286
1.28827
1.27082
1.262
1.24191
1.20161
1.18528
1.18238
1.18029
1.16853
1.14425
1.1359
1.13288
1.12692
1.11702
1.10535
1.09392
1.08422
1.07695
1.06997
1.0631
1.06213
1.06495
1.06955
1.07503
1.08173
1.09014
1.10084
1.11491
1.13448
1.16309
1.20569
1.26388
1.31921
1.33955
1.3349
1.30534
1.23257
1.10569
1.01586
1.00037
1
1
1
1
1
1
1
1
1
1
1
1
1
1
1
1
1
1
1
1
1
1
1
1
1
1
1
1
1
1
1
1
1
1
1
1
1
1
1
1
1
1
1
1
1
1
1
1
1
1
1
1
1
1
1
1
1
1
1
1
1
1
1
1
1
1
1
1
1
1
1
1
1
1
1
1
1
1
1
1
1
1
1
1
1
1
1
1
1
1
1
1
1
1
1
1
1
1
1
1
1
1
1
1
1
1
1
1
1
1
1
1
1.00008
1.00473
1.08851
1.59337
2.7567
4.12398
4.53929
4.66407
4.67686
4.5816
4.40666
4.13658
3.88164
3.64426
3.38728
3.18497
3.04175
2.91315
2.79952
2.67002
2.57291
2.49647
2.37482
2.21914
2.15874
2.10926
2.00499
1.89986
1.87693
1.84974
1.78761
1.72096
1.685
1.64255
1.5589
1.49117
1.4753
1.46758
1.44413
1.41061
1.38047
1.3481
1.33072
1.31721
1.28676
1.26299
1.2587
1.25663
1.24376
1.21004
1.19661
1.19377
1.18788
1.17796
1.16571
1.15219
1.13951
1.12892
1.12121
1.11934
1.12101
1.12478
1.13006
1.13755
1.14818
1.16281
1.18293
1.21069
1.2486
1.29727
1.34699
1.37383
1.37448
1.35497
1.30718
1.20595
1.07213
1.00729
1.00011
1
1
1
1
1
1
1
1
1
1
1
1
1
1
1
1
1
1
1
1
1
1
1
1
1
1
1
1
1
1
1
1
1
1
1
1
1
1
1
1
1
1
1
1
1
1
1
1
1
1
1
1
1
1
1
1
1
1
1
1
1
1
1
1
1
1
1
1
1
1
1
1
1
1
1
1
1
1
1
1
1
1
1
1
1
1
1
1
1
1
1
1
1
1
1
1
1
1
1
1
1
1
1
1
1
1
1
1
1
1
1
1
1
1
1.00001
1.00075
1.02035
1.21212
1.93661
3.10419
3.81085
4.35341
4.45284
4.37536
4.27141
4.15448
3.97463
3.73295
3.47505
3.28477
3.12837
2.98797
2.82627
2.68268
2.60744
2.50701
2.33845
2.26692
2.23121
2.14287
2.03325
2.00383
1.97239
1.90182
1.82704
1.78423
1.73695
1.65035
1.59505
1.58373
1.57357
1.54639
1.50901
1.46672
1.42326
1.40407
1.39531
1.37785
1.34802
1.33185
1.32575
1.31055
1.27424
1.25893
1.25588
1.24987
1.23922
1.22587
1.21135
1.19844
1.19097
1.18944
1.19126
1.19592
1.20298
1.2133
1.22799
1.24814
1.27545
1.31111
1.35352
1.39374
1.41511
1.41505
1.39715
1.35963
1.28455
1.15343
1.03677
1.00222
1.00002
1
1
1
1
1
1
1
1
1
1
1
1
1
1
1
1
1
1
1
1
1
1
1
1
1
1
1
1
1
1
1
1
1
1
1
1
1
1
1
1
1
1
1
1
1
1
1
1
1
1
1
1
1
1
1
1
1
1
1
1
1
1
1
1
1
1
1
1
1
1
1
1
1
1
1
1
1
1
1
1
1
1
1
1
1
1
1
1
1
1
1
1
1
1
1
1
1
1
1
1
1
1
1
1
1
1
1
1
1
1
1
1
1
1
1
1
1
1.00007
1.00335
1.05374
1.35165
1.98533
2.91862
3.6444
4.08134
4.17743
4.11484
4.03317
3.92297
3.79615
3.62937
3.4429
3.25008
3.05759
2.87146
2.75067
2.65129
2.4976
2.39404
2.35225
2.27895
2.1651
2.12099
2.08538
2.0068
1.92368
1.88014
1.82978
1.74286
1.69992
1.69192
1.6781
1.64586
1.60084
1.54161
1.49979
1.48885
1.47654
1.45881
1.43597
1.40881
1.38857
1.37102
1.3432
1.32662
1.32239
1.3166
1.30571
1.29105
1.27631
1.2677
1.26585
1.26759
1.2735
1.28401
1.30035
1.32335
1.35312
1.38881
1.42605
1.45457
1.46471
1.45873
1.43533
1.40166
1.33989
1.22404
1.08604
1.01243
1.0004
1
1
1
1
1
1
1
1
1
1
1
1
1
1
1
1
1
1
1
1
1
1
1
1
1
1
1
1
1
1
1
1
1
1
1
1
1
1
1
1
1
1
1
1
1
1
1
1
1
1
1
1
1
1
1
1
1
1
1
1
1
1
1
1
1
1
1
1
1
1
1
1
1
1
1
1
1
1
1
1
1
1
1
1
1
1
1
1
1
1
1
1
1
1
1
1
1
1
1
1
1
1
1
1
1
1
1
1
1
1
1
1
1
1
1
1
1
1
1
1
1
1.00035
1.0079
1.06441
1.30298
1.98079
2.77638
3.4082
3.81555
3.86154
3.83982
3.79949
3.74592
3.64875
3.51084
3.3468
3.17081
3.00491
2.87404
2.73086
2.58872
2.50922
2.43094
2.31603
2.24571
2.20041
2.11768
2.02049
1.97816
1.92913
1.84202
1.80466
1.7981
1.78135
1.74179
1.68361
1.61589
1.58659
1.57775
1.56393
1.54199
1.51924
1.48967
1.45345
1.4357
1.42222
1.40741
1.39947
1.39221
1.3816
1.36972
1.36234
1.36075
1.36392
1.37322
1.38977
1.41381
1.44436
1.47836
1.5073
1.52168
1.5208
1.50371
1.47518
1.44094
1.37978
1.2721
1.13255
1.03156
1.00243
1.00004
1
1
1
1
1
1
1
1
1
1
1
1
1
1
1
1
1
1
1
1
1
1
1
1
1
1
1
1
1
1
1
1
1
1
1
1
1
1
1
1
1
1
1
1
1
1
1
1
1
1
1
1
1
1
1
1
1
1
1
1
1
1
1
1
1
1
1
1
1
1
1
1
1
1
1
1
1
1
1
1
1
1
1
1
1
1
1
1
1
1
1
1
1
1
1
1
1
1
1
1
1
1
1
1
1
1
1
1
1
1
1
1
1
1
1
1
1
1
1
1
1
1
1
1.00002
1.00044
1.00669
1.07353
1.31085
1.79109
2.44943
3.0614
3.39979
3.58496
3.6534
3.61323
3.52185
3.43474
3.35707
3.25901
3.14572
3.02837
2.88797
2.75946
2.65306
2.53166
2.42845
2.35945
2.26888
2.15447
2.10321
2.05854
1.97196
1.92429
1.91639
1.89602
1.84497
1.76536
1.70926
1.69376
1.6803
1.66415
1.6424
1.61468
1.57644
1.53673
1.52385
1.51933
1.50887
1.49896
1.49251
1.48776
1.48598
1.4885
1.49504
1.50743
1.52666
1.55066
1.57333
1.58611
1.58606
1.57315
1.5486
1.51943
1.47772
1.40822
1.29838
1.1606
1.04962
1.00642
1.00024
1
1
1
1
1
1
1
1
1
1
1
1
1
1
1
1
1
1
1
1
1
1
1
1
1
1
1
1
1
1
1
1
1
1
1
1
1
1
1
1
1
1
1
1
1
1
1
1
1
1
1
1
1
1
1
1
1
1
1
1
1
1
1
1
1
1
1
1
1
1
1
1
1
1
1
1
1
1
1
1
1
1
1
1
1
1
1
1
1
1
1
1
1
1
1
1
1
1
1
1
1
1
1
1
1
1
1
1
1
1
1
1
1
1
1
1
1
1
1
1
1
1
1
1
1
1
1
1.00001
1.00065
1.00743
1.04753
1.1988
1.55483
2.07594
2.60001
3.03579
3.27794
3.35076
3.35932
3.32168
3.2801
3.20903
3.13687
3.06716
2.98164
2.88595
2.78617
2.68608
2.59921
2.50124
2.37463
2.2969
2.254
2.18107
2.10569
2.07695
2.04662
1.97533
1.88088
1.851
1.84211
1.82464
1.80343
1.78012
1.74526
1.69393
1.66566
1.65953
1.65693
1.65022
1.64487
1.64454
1.64851
1.65278
1.65552
1.65711
1.6577
1.65531
1.64771
1.63434
1.61537
1.59173
1.55922
1.50652
1.42233
1.30213
1.16424
1.05649
1.00968
1.00062
1.00001
1
1
1
1
1
1
1
1
1
1
1
1
1
1
1
1
1
1
1
1
1
1
1
1
1
1
1
1
1
1
1
1
1
1
1
1
1
1
1
1
1
1
1
1
1
1
1
1
1
1
1
1
1
1
1
1
1
1
1
1
1
1
1
1
1
1
1
1
1
1
1
1
1
1
1
1
1
1
1
1
1
1
1
1
1
1
1
1
1
1
1
1
1
1
1
1
1
1
1
1
1
1
1
1
1
1
1
1
1
1
1
1
1
1
1
1
1
1
1
1
1
1
1
1
1
1
1
1
1
1
1.00002
1.0003
1.00348
1.02476
1.10943
1.31649
1.67096
2.10819
2.51577
2.82086
3.01324
3.10872
3.11887
3.0959
3.05462
2.99335
2.92689
2.86414
2.80791
2.74773
2.67546
2.58584
2.51505
2.47489
2.42556
2.34791
2.2847
2.2366
2.15692
2.07633
2.05721
2.04469
2.02265
1.99436
1.9628
1.91986
1.86832
1.84393
1.83623
1.82827
1.81863
1.8088
1.79809
1.78393
1.76394
1.7397
1.71482
1.69167
1.67032
1.64919
1.6216
1.57963
1.51258
1.41046
1.27802
1.14367
1.04946
1.00948
1.00081
1.00002
1
1
1
1
1
1
1
1
1
1
1
1
1
1
1
1
1
1
1
1
1
1
1
1
1
1
1
1
1
1
1
1
1
1
1
1
1
1
1
1
1
1
1
1
1
1
1
1
1
1
1
1
1
1
1
1
1
1
1
1
1
1
1
1
1
1
1
1
1
1
1
1
1
1
1
1
1
1
1
1
1
1
1
1
1
1
1
1
1
1
1
1
1
1
1
1
1
1
1
1
1
1
1
1
1
1
1
1
1
1
1
1
1
1
1
1
1
1
1
1
1
1
1
1
1
1
1
1
1
1
1
1
1
1
1.00001
1.00011
1.00129
1.00885
1.04055
1.13414
1.32926
1.62113
1.96751
2.29058
2.54484
2.71391
2.81083
2.85026
2.8454
2.82119
2.78693
2.74306
2.68424
2.61476
2.56652
2.53371
2.49529
2.43946
2.37893
2.33081
2.27964
2.22845
2.19505
2.17025
2.14255
2.10851
2.06866
2.02312
1.97741
1.94278
1.91894
1.89843
1.87753
1.8547
1.82909
1.80059
1.76993
1.73694
1.70189
1.66439
1.61937
1.55748
1.47002
1.35353
1.22051
1.10418
1.03333
1.00633
1.00061
1.00002
1
1
1
1
1
1
1
1
1
1
1
1
1
1
1
1
1
1
1
1
1
1
1
1
1
1
1
1
1
1
1
1
1
1
1
1
1
1
1
1
1
1
1
1
1
1
1
1
1
1
1
1
1
1
1
1
1
1
1
1
1
1
1
1
1
1
1
1
1
1
1
1
1
1
1
1
1
1
1
1
1
1
1
1
1
1
1
1
1
1
1
1
1
1
1
1
1
1
1
1
1
1
1
1
1
1
1
1
1
1
1
1
1
1
1
1
1
1
1
1
1
1
1
1
1
1
1
1
1
1
1
1
1
1
1
1
1
1
1
1.00002
1.00025
1.002
1.01069
1.04011
1.11325
1.25008
1.45117
1.68887
1.93313
2.1533
2.32394
2.43862
2.51115
2.5528
2.55727
2.53332
2.5108
2.49126
2.46644
2.42765
2.37209
2.32141
2.28237
2.2406
2.20513
2.17708
2.14798
2.11306
2.07143
2.02497
1.97976
1.94331
1.91532
1.89002
1.86302
1.83157
1.7934
1.74648
1.68952
1.62312
1.54736
1.45903
1.35586
1.24288
1.1363
1.05745
1.01644
1.00287
1.00027
1.00001
1
1
1
1
1
1
1
1
1
1
1
1
1
1
1
1
1
1
1
1
1
1
1
1
1
1
1
1
1
1
1
1
1
1
1
1
1
1
1
1
1
1
1
1
1
1
1
1
1
1
1
1
1
1
1
1
1
1
1
1
1
1
1
1
1
1
1
1
1
1
1
1
1
1
1
1
1
1
1
1
1
1
1
1
1
1
1
1
1
1
1
1
1
1
1
1
1
1
1
1
1
1
1
1
1
1
1
1
1
1
1
1
1
1
1
1
1
1
1
1
1
1
1
1
1
1
1
1
1
1
1
1
1
1
1
1
1
1
1
1
1
1
1
1
1.00003
1.00026
1.00157
1.00681
1.02252
1.05883
1.12772
1.23517
1.37457
1.5289
1.68582
1.83291
1.95419
2.04479
2.1111
2.15788
2.18858
2.19615
2.18225
2.16127
2.1452
2.12927
2.10389
2.07428
2.04311
2.00668
1.96299
1.91525
1.86937
1.8275
1.7866
1.74156
1.68773
1.62214
1.54417
1.45636
1.36404
1.27279
1.18701
1.11218
1.05525
1.02058
1.00525
1.00082
1.00007
1
1
1
1
1
1
1
1
1
1
1
1
1
1
1
1
1
1
1
1
1
1
1
1
1
1
1
1
1
1
1
1
1
1
1
1
1
1
1
1
1
1
1
1
1
1
1
1
1
1
1
1
1
1
1
1
1
1
1
1
1
1
1
1
1
1
1
1
1
1
1
1
1
1
1
1
1
1
1
1
1
1
1
1
1
1
1
1
1
1
1
1
1
1
1
1
1
1
1
1
1
1
1
1
1
1
1
1
1
1
1
1
1
1
1
1
1
1
1
1
1
1
1
1
1
1
1
1
1
1
1
1
1
1
1
1
1
1
1
1
1
1
1
1
1
1
1
1
1
1
1.00002
1.00011
1.00054
1.00218
1.00693
1.01797
1.03905
1.07416
1.12517
1.1904
1.26451
1.33994
1.41252
1.47708
1.52952
1.5706
1.60585
1.6322
1.64609
1.64087
1.62486
1.60111
1.57189
1.5382
1.50222
1.46462
1.42296
1.37452
1.3186
1.25711
1.1945
1.13654
1.08814
1.05159
1.02655
1.01137
1.00375
1.00086
1.00012
1.00001
1
1
1
1
1
1
1
1
1
1
1
1
1
1
1
1
1
1
1
1
1
1
1
1
1
1
1
1
1
1
1
1
1
1
1
1
1
1
1
1
1
1
1
1
1
1
1
1
1
1
1
1
1
1
1
1
1
1
1
1
1
1
1
1
1
1
1
1
1
1
1
1
1
1
1
1
1
1
1
1
1
1
1
1
1
1
1
1
1
1
1
1
1
1
1
1
1
1
1
1
1
1
1
1
1
1
1
1
1
1
1
1
1
1
1
1
1
1
1
1
1
1
1
1
1
1
1
1
1
1
1
1
1
1
1
1
1
1
1
1
1
1
1
1
1
1
1
1
1
1
1
1
1
1
1
1
1.00002
1.00008
1.0003
1.00092
1.00243
1.00553
1.01086
1.01877
1.02926
1.04181
1.0561
1.07181
1.08854
1.10406
1.1137
1.11473
1.11255
1.10732
1.10018
1.09207
1.08308
1.07248
1.05972
1.04548
1.03146
1.01955
1.01082
1.00531
1.00228
1.00084
1.00024
1.00005
1.00001
1
1
1
1
1
1
1
1
1
1
1
1
1
1
1
1
1
1
1
1
1
1
1
1
1
1
1
1
1
1
1
1
1
1
1
1
1
1
1
1
1
1
1
1
1
1
1
1
1
1
1
1
1
1
1
1
1
1
1
1
1
1
1
1
1
1
1
1
1
1
1
1
1
1
1
1
1
1
1
1
1
1
1
1
1
1
1
1
1
1
1
1
1
1
1
1
1
1
1
1
1
1
1
1
1
1
1
1
1
1
1
1
1
1
1
1
1
1
1
1
1
1
1
1
1
1
1
1
1
1
1
1
1
1
1
1
1
1
1
1
1
1
1
1
1
1
1
1
1
1
1
1
1
1
1
1
1
1
1
1
1
1
1
1
1.00001
1.00004
1.0001
1.00021
1.00039
1.00069
1.00112
1.0017
1.00233
1.00278
1.00287
1.00283
1.0027
1.00249
1.00224
1.00193
1.00153
1.00107
1.00065
1.00033
1.00014
1.00005
1.00002
1
1
1
1
1
1
1
1
1
1
1
1
1
1
1
1
1
1
1
1
1
1
1
1
1
1
1
1
1
1
1
1
1
1
1
1
1
1
1
1
1
1
1
1
1
1
1
1
1
1
1
1
1
1
1
1
1
1
1
1
1
1
1
1
1
1
1
1
1
1
1
1
1
1
1
1
1
1
1
1
1
1
1
1
1
1
1
1
1
1
1
1
1
1
1
1
1
1
1
1
1
1
1
1
1
1
1
1
1
1
1
1
1
1
1
1
1
1
1
1
1
1
1
1
1
1
1
1
1
1
1
1
1
1
1
1
1
1
1
1
1
1
1
1
1
1
1
1
1
1
1
1
1
1
1
1
1
1
1
1
1
1
1
1
1
1
1
1
1
1
1
1
1
1
1
1
1
1
1.00001
1.00001
1.00001
1.00001
1
1
1
1
1
1
1
1
1
1
1
1
1
1
1
1
1
1
1
1
1
1
1
1
1
1
1
1
1
1
1
1
1
1
1
1
1
1
1
1
1
1
1
1
1
1
1
1
1
1
1
1
1
1
1
1
1
1
1
1
1
1
1
1
1
1
1
1
1
1
1
1
1
1
1
1
1
1
1
1
1
1
1
1
1
1
1
1
1
1
1
1
1
1
1
1
1
1
1
1
1
1
1
1
1
1
1
1
1
1
1
1
1
1
1
1
1
1
1
1
1
1
1
1
1
1
1
1
1
1
1
1
1
1
1
1
1
1
1
1
1
1
1
1
1
1
1
1
1
1
1
1
1
1
1
1
1
1
1
1
1
1
1
1
1
1
1
1
1
1
1
1
1
1
1
1
1
1
1
1
1
1
1
1
1
1
1
1
1
1
1
1
1
1
1
1
1
1
1
1
1
1
1
1
1
1
1
1
1
1
1
1
1
1
1
1
1
1
1
1
1
1
1
1
1
1
1
1
1
1
1
1
1
1
1
1
1
1
1
1
1
1
1
1
1
1
1
1
1
1
1
1
1
1
1
1
1
1
1
1
1
1
1
1
1
1
1
1
1
1
1
1
1
1
1
1
1
1
1
1
1
1
1
1
1
1
1
1
1
1
1
1
1
1
1
1
1
1
1
1
1
1
1
1
1
1
1
1
1
1
1
1
1
1
1
1
1
1
1
1
1
1
1
1
1
1
1
1
1
1
1
1
1
1
1
1
1
1
1
1
1
1
1
1
1
1
1
1
1
1
1
1
1
1
1
1
1
1
1
1
1
1
1
1
1
1
1
1
1
1
1
1
1
1
1
1
1
1
1
1
1
1
1
1
1
1
1
1
1
1
1
1
1
1
1
1
1
1
1
1
1
1
1
1
1
1
1
1
1
1
1
1
1
1
1
1
1
1
1
1
1
1
1
1
1
1
1
1
1
1
1
1
1
1
1
1
1
1
1
1
1
1
1
1
1
1
1
1
1
1
1
1
1
1
1
1
1
1
1
1
1
1
1
1
1
1
1
1
1
1
1
1
1
1
1
1
1
1
1
1
1
1
1
1
1
1
1
1
1
1
1
1
1
1
1
1
1
1
1
1
1
1
1
1
1
1
1
1
1
1
1
1
1
1
1
1
1
1
1
1
1
1
1
1
1
1
1
1
1
1
1
1
1
1
1
1
1
1
1
1
1
1
1
1
1
1
1
1
1
1
1
1
1
1
1
1
1
1
1
1
1
1
1
1
1
1
1
1
1
1
1
1
1
1
1
1
1
1
1
1
1
1
1
1
1
1
1
1
1
1
1
1
1
1
1
1
1
1
1
1
1
1
1
1
1
1
1
1
1
1
1
1
1
1
1
1
1
1
1
1
1
1
1
1
1
1
1
1
1
1
1
1
1
1
1
1
1
1
1
1
1
1
1
1
1
1
1
1
1
1
1
1
1
1
1
1
1
1
1
1
1
1
1
1
1
1
1
1
1
1
1
1
1
1
1
1
1
1
1
1
1
1
1
1
1
1
1
1
1
1
1
1
1
1
1
1
1
1
1
1
1
1
1
1
1
1
1
1
1
1
1
1
1
1
1
1
1
1
1
1
1
1
1
1
1
1
1
1
1
1
1
1
1
1
1
1
1
1
1
1
1
1
1
1
1
1
1
1
1
1
1
1
1
1
1
1
1
1
1
1
1
1
1
1
1
1
1
1
1
1
1
1
1
1
1
1
1
1
1
1
1
1
1
1
1
1
1
1
1
1
1
1
1
1
1
1
1
1
1
1
1
1
1
1
1
1
1
1
1
1
1
1
1
1
1
1
1
1
1
1
1
1
1
1
1
1
1
1
1
1
1
1
1
1
1
1
1
1
1
1
1
1
1
1
1
1
1
1
1
1
1
1
1
1
1
1
1
1
1
1
1
1
1
1
1
1
1
1
1
1
1
1
1
1
1
1
1
1
1
1
1
1
1
1
1
1
1
1
1
1
1
1
1
1
1
1
1
1
1
1
1
1
1
1
1
1
1
1
1
1
1
1
1
1
1
1
1
1
1
1
1
1
1
1
1
1
1
1
1
1
1
1
1
1
1
1
1
1
1
1
1
1
1
1
1
1
1
1
1
1
1
1
1
1
1
1
1
1
1
1
1
1
1
1
1
1
1
1
1
1
1
1
1
1
1
1
1
1
1
1
1
1
1
1
1
1
1
1
1
1
1
1
1
1
1
1
1
1
1
1
1
1
1
1
1
1
1
1
1
1
1
1
1
1
1
1
1
1
1
1
1
1
1
1
1
1
1
1
1
1
1
1
1
1
1
1
1
1
1
1
1
1
1
1
1
1
1
1
1
1
1
1
1
1
1
1
1
1
1
1
1
1
1
1
1
1
1
1
1
1
1
1
1
1
1
1
1
1
1
1
1
1
1
1
1
1
1
1
1
1
1
1
1
1
1
1
1
1
1
1
1
1
1
1
1
1
1
1
1
1
1
1
1
1
1
1
1
1
1
1
1
1
1
1
1
1
1
1
1
1
1
1
1
1
1
1
1
1
1
1
1
1
1
1
1
1
1
1
1
1
1
1
1
1
1
1
1
1
1
1
1
1
1
1
1
1
1
1
1
1
1
1
1
1
1
1
1
1
1
1
1
1
1
1
1
1
1
1
1
1
1
1
1
1
1
1
1
1
1
1
1
1
1
1
1
1
1
1
1
1
1
1
1
1
1
1
1
1
1
1
1
1
1
1
1
1
1
1
1
1
1
1
1
1
1
1
1
1
1
1
1
1
1
1
1
1
1
1
1
1
1
1
1
1
1
1
1
1
1
1
1
1
1
1
1
1
1
1
1
1
1
1
1
1
1
1
1
1
1
1
1
1
1
1
1
1
1
1
1
1
1
1
1
1
1
1
1
1
1
1
1
1
1
1
1
1
1
1
1
1
1
1
1
1
1
1
1
1
1
1
1
1
1
1
1
1
1
1
1
1
1
1
1
1
1
1
1
1
1
1
1
1
1
1
1
1
1
1
1
1
1
1
1
1
1
1
1
1
1
1
1
1
1
1
1
1
1
1
1
1
1
1
1
1
1
1
1
1
1
1
1
1
1
1
1
1
1
1
1
1
1
1
1
1
1
1
1
1
1
1
1
1
1
1
1
1
1
1
1
1
1
1
1
1
1
1
1
1
1
1
1
1
1
1
1
1
1
1
1
1
1
1
1
1
1
1
1
1
1
1
1
1
1
1
1
1
1
1
1
1
1
1
1
1
1
1
1
1
1
1
1
1
1
1
1
1
1
1
1
1
1
1
1
1
1
1
1
1
1
1
1
1
1
1
1
1
1
1
1
1
1
1
1
1
1
1
1
1
1
1
1
1
1
1
1
1
1
1
1
1
1
1
1
1
1
1
1
1
1
1
1
1
1
1
1
1
1
1
1
1
1
1
1
1
1
1
1
1
1
1
1
1
1
1
1
1
1
1
1
1
1
1
1
1
1
1
1
1
1
1
1
1
1
1
1
1
1
1
1
1
1
1
1
1
1
1
1
1
1
1
1
1
1
1
1
1
1
1
1
1
1
1
1
1
1
1
1
1
1
1
1
1
1
1
1
1
1
1
1
1
1
1
1
1
1
1
1
1
1
1
1
1
1
1
1
1
1
1
1
1
1
1
1
1
1
1
1
1
1
1
1
1
1
1
1
1
1
1
1
1
1
1
1
1
1
1
1
1
1
1
1
1
1
1
1
1
1
1
1
1
1
1
1
1
1
1
1
1
1
1
1
1
1
1
1
1
1
1
1
1
1
1
1
1
1
1
1
1
1
1
1
1
1
1
1
1
1
1
1
1
1
1
1
1
1
1
1
1
1
1
1
1
1
1
1
1
1
1
1
1
1
1
1
1
1
1
1
1
1
1
1
1
1
1
1
1
1
1
1
1
1
1
1
1
1
1
1
1
1
1
1
1
1
1
1
1
1
1
1
1
1
1
1
1
1
1
1
1
1
1
1
1
1
1
1
1
1
1
1
1
1
1
1
1
1
1
1
1
1
1
1
1
1
1
1
1
1
1
1
1
1
1
1
1
1
1
1
1
1
1
1
1
1
1
1
1
1
1
1
1
1
1
1
1
1
1
1
1
1
1
1
1
1
1
1
1
1
1
1
1
1
1
1
1
1
1
1
1
1
1
1
1
1
1
1
1
1
1
1
1
1
1
1
1
1
1
1
1
1
1
1
1
1
1
1
1
1
1
1
1
1
1
1
1
1
1
1
1
1
1
1
1
1
1
1
1
1
1
1
1
1
1
1
1
1
1
1
1
1
1
1
1
1
1
1
1
1
1
1
1
1
1
1
1
1
1
1
1
1
1
1
1
1
1
1
1
1
1
1
1
1
1
1
1
1
1
1
1
1
1
1
1
1
1
1
1
1
1
1
1
1
1
1
1
1
1
1
1
1
1
1
1
1
1
1
1
1
1
1
1
1
1
1
1
1
1
1
1
1
1
1
1
1
1
1
1
1
1
1
1
1
1
1
1
1
1
1
1
1
1
1
1
1
1
1
1
1
1
1
1
1
1
1
1
1
1
1
1
1
1
1
1
1
1
1
1
1
1
1
1
1
1
1
1
1
1
1
1
1
1
1
1
1
1
1
1
1
1
1
1
1
1
1
1
1
1
1
1
1
1
1
1
1
1
1
1
1
1
1
1
1
1
1
1
1
1
1
1
1
1
1
1
1
1
1
1
1
1
1
1
1
1
1
1
1
1
1
1
1
1
1
1
1
1
1
1
1
1
1
1
1
1
1
1
1
1
1
1
1
1
1
1
1
1
1
1
1
1
1
1
1
1
1
1
1
1
1
1
1
1
1
1
1
1
1
1
1
1
1
1
1
1
1
1
1
1
1
1
1
1
1
1
1
1
1
1
1
1
1
1
1
1
1
1
1
1
1
1
1
1
1
1
1
1
1
1
1
1
1
1
1
1
1
1
1
1
1
1
1
1
1
1
1
1
1
1
1
1
1
1
1
1
1
1
1
1
1
1
1
1
1
1
1
1
1
1
1
1
1
1
1
1
1
1
1
1
1
1
1
1
1
1
1
1
1
1
1
1
1
1
1
1
1
1
1
1
1
1
1
1
1
1
1
1
1
1
1
1
1
1
1
1
1
1
1
1
1
1
1
1
1
1
1
1
1
1
1
1
1
1
1
1
1
1
1
1
1
1
1
1
1
1
1
1
1
1
1
1
1
1
1
1
1
1
1
1
1
1
1
1
1
1
1
1
1
1
1
1
1
1
1
1
1
1
1
1
1
1
1
1
1
1
1
1
1
1
1
1
1
1
1
1
1
1
1
1
1
1
1
1
1
1
1
1
1
1
1
1
1
1
1
1
1
1
1
1
1
1
1
1
1
1
1
1
1
1
1
1
1
1
1
1
1
1
1
1
1
1
1
1
1
1
1
1
1
1
1
1
1
1
1
1
1
1
1
1
1
1
1
1
1
1
1
1
1
1
1
1
1
1
1
1
1
1
1
1
1
1
1
1
1
1
1
1
1
1
1
1
1
1
1
1
1
1
1
1
1
1
1
1
1
1
1
1
1
1
1
1
1
1
1
1
1
1
1
1
1
1
1
1
1
1
1
1
1
1
1
1
1
1
1
1
1
1
1
1
1
1
1
1
1
1
1
1
1
1
1
1
1
1
1
1
1
1
1
1
1
1
1
1
1
1
1
1
1
1
1
1
1
1
1
1
1
1
1
1
1
1
1
1
1
1
1
1
1
1
1
1
1
1
1
1
1
1
1
1
1
1
1
1
1
1
1
1
1
1
1
1
1
1
1
1
1
1
1
1
1
1
1
1
1
1
1
1
1
1
1
1
1
1
1
1
1
1
1
1
1
1
1
1
1
1
1
1
1
1
1
1
1
1
1
1
1
1
1
1
1
1
1
1
1
1
1
1
1
1
1
1
1
1
1
1
1
1
1
1
1
1
1
1
1
1
1
1
1
1
1
1
1
1
1
1
1
1
1
1
1
1
1
1
1
1
1
1
1
1
1
1
1
1
1
1
1
1
1
1
1
1
1
1
1
1
1
1
1
1
1
1
1
1
1
1
1
1
1
1
1
1
1
1
1
1
1
1
1
1
1
1
1
1
1
1
1
1
1
1
1
1
1
1
1
1
1
1
1
1
1
1
1
1
1
1
1
1
1
1
1
1
1
1
1
1
1
1
1
1
1
1
1
1
1
1
1
1
1
1
1
1
1
1
1
1
1
1
1
1
1
1
1
1
1
1
1
1
1
1
1
1
1
1
1
1
1
1
1
1
1
1
1
1
1
1
1
1
1
1
1
1
1
1
1
1
1
1
1
1
1
1
1
1
1
1
1
1
1
1
1
1
1
1
1
1
1
1
1
1
1
1
1
1
1
1
1
1
1
1
1
1
1
1
1
1
1
1
1
1
1
1
1
1
1
1
1
1
1
1
1
1
1
1
1
1
1
1
1
1
1
1
1
1
1
1
1
1
1
1
1
1
1
1
1
1
1
1
1
1
1
1
1
1
1
1
1
1
1
1
1
1
1
1
1
1
1
1
1
1
1
1
1
1
1
1
1
1
1
1
1
1
1
1
1
1
1
1
1
1
1
1
1
1
1
1
1
1
1
1
1
1
1
1
1
1
1
1
1
1
1
1
1
1
1
1
1
1
1
1
1
1
1
1
1
1
1
1
1
1
1
1
1
1
1
1
1
1
1
1
1
1
1
1
1
1
1
1
1
1
1
1
1
1
1
1
1
1
1
1
1
1
1
1
1
1
1
1
1
1
1
1
1
1
1
1
1
1
1
1
1
1
1
1
1
1
1
1
1
1
1
1
1
1
1
1
1
1
1
1
1
1
1
1
1
1
1
1
1
1
1
1
1
1
1
1
1
1
1
1
1
1
1
1
1
1
1
1
1
1
1
1
1
1
1
1
1
1
1
1
1
1
1
1
1
1
1
1
1
1
1
1
1
1
1
1
1
1
1
1
1
1
1
1
1
1
1
1
1
1
1
1
1
1
1
1
1
1
1
1
1
1
1
1
1
1
1
1
1
1
1
1
1
1
1
1
1
1
1
1
1
1
1
1
1
1
1
1
1
1
1
1
1
1
1
1
1
1
1
1
1
1
1
1
1
1
1
1
1
1
1
1
1
1
1
1
1
1
1
1
1
1
1
1
1
1
1
1
1
1
1
1
1
1
1
1
1
1
1
1
1
1
1
1
1
1
1
1
1
1
1
1
1
1
1
1
1
1
1
1
1
1
1
1
1
1
1
1
1
1
1
1
1
1
1
1
1
1
1
1
1
1
1
1
1
1
1
1
1
1
1
1
1
1
1
1
1
1
1
1
1
1
1
1
1
1
1
1
1
1
1
1
1
1
1
1
1
1
1
1
1
1
1
1
1
1
1
1
1
1
1
1
1
1
1
1
1
1
1
1
1
1
1
1
1
1
1
1
1
1
1
1
1
1
1
1
1
1
1
1
1
1
1
1
1
1
1
1
1
1
1
1
1
1
1
1
1
1
1
1
1
1
1
1
1
1
1
1
1
1
1
1
1
1
1
1
1
1
1
1
1
1
1
1
1
1
1
1
1
1
1
1
1
1
1
1
1
1
1
1
1
1
1
1
1
1
1
1
1
1
1
1
1
1
1
1
1
1
1
1
1
1
1
1
1
1
1
1
1
1
1
1
1
1
1
1
1
1
1
1
1
1
1
1
1
1
1
1
1
1
1
1
1
1
1
1
1
1
1
1
1
1
1
1
1
1
1
1
1
1
1
1
1
1
1
1
1
1
1
1
1
1
1
1
1
1
1
1
1
1
1
1
1
1
1
1
1
1
1
1
1
1
1
1
1
1
1
1
1
1
1
1
1
1
1
1
1
1
1
1
1
1
1
1
1
1
1
1
1
1
1
1
1
1
1
1
1
1
1
1
1
1
1
1
1
1
1
1
1
1
1
1
1
1
1
1
1
1
1
1
1
1
1
1
1
1
1
1
1
1
1
1
1
1
1
1
1
1
1
1
1
1
1
1
1
1
1
1
1
1
1
1
1
1
1
1
1
1
1
1
1
1
1
1
1
1
1
1
1
1
1
1
1
1
1
1
1
1
1
1
1
1
1
1
1
1
1
1
1
1
1
1
1
1
1
1
1
1
1
1
1
1
1
1
1
1
1
1
1
1
1
1
1
1
1
1
1
1
1
1
1
1
1
1
1
1
1
1
1
1
1
1
1
1
1
1
1
1
1
1
1
1
1
1
1
1
1
1
1
1
1
1
1
1
1
1
1
1
1
1
1
1
1
1
1
1
1
1
1
1
1
1
1
1
1
1
1
1
1
1
1
1
1
1
1
1
1
1
1
1
1
1
1
1
1
1
1
1
1
1
1
1
1
1
1
1
1
1
1
1
1
1
1
1
1
1
1
1
1
1
1
1
1
1
1
1
1
1
1
1
1
1
1
1
1
1
1
1
1
1
1
1
1
1
1
1
1
1
1
1
1
1
1
1
1
1
1
1
1
1
1
1
1
1
1
1
1
1
1
1
1
1
1
1
1
1
1
1
1
1
1
1
1
1
1
1
1
1
1
1
1
1
1
1
1
1
1
1
1
1
1
1
1
1
1
1
1
1
1
1
1
1
1
1
1
1
1
1
1
1
1
1
1
1
1
1
1
1
1
1
1
1
1
1
1
1
1
1
1
1
1
1
1
1
1
1
1
1
1
1
1
1
1
1
1
1
1
1
1
1
1
1
1
1
1
1
1
1
1
1
1
1
1
1
1
1
1
1
1
1
1
1
1
1
1
1
1
1
1
1
1
1
1
1
1
1
1
1
1
1
1
1
1
1
1
1
1
1
1
1
1
1
1
1
1
1
1
1
1
1
1
1
1
1
1
1
1
1
1
1
1
1
1
1
1
1
1
1
1
1
1
1
1
1
1
1
1
1
1
1
1
1
1
1
1
1
1
1
1
1
1
1
1
1
1
1
1
1
1
1
1
1
1
1
1
1
1
1
1
1
1
1
1
1
1
1
1
1
1
1
1
1
1
1
1
1
1
1
1
1
1
1
1
1
1
1
1
1
1
1
1
1
1
1
1
1
1
1
1
1
1
1
1
1
1
1
1
1
1
1
1
1
1
1
1
1
1
1
1
1
1
1
1
1
1
1
1
1
1
1
1
1
1
1
1
1
1
1
1
1
1
1
1
1
1
1
1
1
1
1
1
1
1
1
1
1
1
1
1
1
1
1
1
1
1
1
1
1
1
1
1
1
1
1
1
1
1
1
1
1
1
1
1
1
1
1
1
1
1
1
1
1
1
1
1
1
1
1
1
1
1
1
1
1
1
1
1
1
1
1
1
1
1
1
1
1
1
1
1
1
1
1
1
1
1
1
1
1
1
1
1
1
1
1
1
1
1
1
1
1
1
1
1
1
1
1
1
1
1
1
1
1
1
1
1
1
1
1
1
1
1
1
1
1
1
1
1
1
1
1
1
1
1
1
1
1
1
1
1
1
1
1
1
1
1
1
1
1
1
1
1
1
1
1
1
1
1
1
1
1
1
1
1
1
1
1
1
1
1
1
1
1
1
1
1
1
1
1
1
1
1
1
1
1
1
1
1
1
1
1
1
1
1
1
1
1
1
1
1
1
1
1
1
1
1
1
1
1
1
1
1
1
1
1
1
1
1
1
1
1
1
1
1
1
1
1
1
1
1
1
1
1
1
1
1
1
1
1
1
1
1
1
1
1
1
1
1
1
1
1
1
1
1
1
1
1
1
1
1
1
1
1
1
1
1
1
1
1
1
1
1
1
1
1
1
1
1
1
1
1
1
1
1
1
1
1
1
1
1
1
1
1
1
1
1
1
1
1
1
1
1
1
1
1
1
1
1
1
1
1
1
1
1
1
1
1
1
1
1
1
1
1
1
1
1
1
1
1
1
1
1
1
1
1
1
1
1
1
1
1
1
1
1
1
1
1
1
1
1
1
1
1
1
1
1
1
1
1
1
1
1
1
1
1
1
1
1
1
1
1
1
1
1
1
1
1
1
1
1
1
1
1
1
1
1
1
1
1
1
1
1
1
1
1
1
1
1
1
1
1
1
1
1
1
1
1
1
1
1
1
1
1
1
1
1
1
1
1
1
1
1
1
1
1
1
1
1
1
1
1
1
1
1
1
1
1
1
1
1
1
1
1
1
1
1
1
1
1
1
1
1
1
1
1
1
1
1
1
1
1
1
1
1
1
1
1
1
1
1
1
1
1
1
1
1
1
1
1
1
1
1
1
1
1
1
1
1
1
1
1
1
1
1
1
1
1
1
1
1
1
1
1
1
1
1
1
1
1
1
1
1
1
1
1
1
1
1
1
1
1
1
1
1
1
1
1
1
1
1
1
1
1
1
1
1
1
1
1
1
1
1
1
1
1
1
1
1
1
1
1
1
1
1
1
1
1
1
1
1
1
1
1
1
1
1
1
1
1
1
1
1
1
1
1
1
1
1
1
1
1
1
1
1
1
1
1
1
1
1
1
1
1
1
1
1
1
1
1
1
1
1
1
1
1
1
1
1
1
1
1
1
1
1
1
1
1
1
1
1
1
1
1
1
1
1
1
1
1
1
1
1
1
1
1
1
1
1
1
1
1
1
1
1
1
1
1
1
1
1
1
1
1
1
1
1
1
1
1
1
1
1
1
1
1
1
1
1
1
1
1
1
1
1
1
1
1
1
1
1
1
1
1
1
1
1
1
1
1
1
1
1
1
1
1
1
1
1
1
1
1
1
1
1
1
1
1
1
1
1
1
1
1
1
1
1
1
1
1
1
1
1
1
1
1
1
1
1
1
1
1
1
1
1
1
1
1
1
1
1
1
1
1
1
1
1
1
1
1
1
1
1
1
1
1
1
1
1
1
1
1
1
1
1
1
1
1
1
1
1
1
1
1
1
1
1
1
1
1
1
1
1
1
1
1
1
1
1
1
1
1
1
1
1
1
1
1
1
1
1
1
1
1
1
1
1
1
1
1
1
1
1
1
1
1
1
1
1
1
1
1
1
1
1
1
1
1
1
1
1
1
1
1
1
1
1
1
1
1
1
1
1
1
1
1
1
1
1
1
1
1
1
1
1
1
1
1
1
1
1
1
1
1
1
1
1
1
1
1
1
1
1
1
1
1
1
1
1
1
1
1
1
1
1
1
1
1
1
1
1
1
1
1
1
1
1
1
1
1
1
1
1
1
1
1
1
1
1
1
1
1
1
1
1
1
1
1
1
1
1
1
1
1
1
1
1
1
1
1
1
1
1
1
1
1
1
1
1
1
1
1
1
1
1
1
1
1
1
1
1
1
1
1
1
1
1
1
1
1
1
1
1
1
1
1
1
1
1
1
1
1
1
1
1
1
1
1
1
1
1
1
1
1
1
1
1
1
1
1
1
1
1
1
1
1
1
1
1
1
1
1
1
1
1
1
1
1
1
1
1
1
1
1
1
1
1
1
1
1
1
1
1
1
1
1
1
1
1
1
1
1
1
1
1
1
1
1
1
1
1
1
1
1
1
)
;

boundaryField
{
    inlet
    {
        type            fixedValue;
        value           uniform 1;
    }
    outlet
    {
        type            zeroGradient;
    }
    bottom
    {
        type            symmetryPlane;
    }
    top
    {
        type            symmetryPlane;
    }
    obstacle
    {
        type            zeroGradient;
    }
    defaultFaces
    {
        type            empty;
    }
}


// ************************************************************************* //
