/*--------------------------------*- C++ -*----------------------------------*\
  =========                 |
  \\      /  F ield         | OpenFOAM: The Open Source CFD Toolbox
   \\    /   O peration     | Website:  https://openfoam.org
    \\  /    A nd           | Version:  7
     \\/     M anipulation  |
\*---------------------------------------------------------------------------*/
FoamFile
{
    version     2.0;
    format      ascii;
    class       volVectorField;
    location    "3.9";
    object      U;
}
// * * * * * * * * * * * * * * * * * * * * * * * * * * * * * * * * * * * * * //

dimensions      [0 1 -1 0 0 0 0];

internalField   nonuniform List<vector> 
4032
(
(3 1.93351e-17 0)
(3 -1.37575e-16 0)
(3 -2.09665e-16 0)
(3 -1.91973e-16 0)
(3 -4.32837e-16 0)
(3 -5.40747e-16 0)
(3 -4.7157e-16 0)
(3 -1.9621e-16 0)
(3 -1.26034e-16 0)
(3 -3.96754e-17 0)
(3 -3.48651e-16 0)
(2.91385 0.00308437 0)
(0.994776 0.0167483 0)
(0.706991 0.0194759 0)
(0.654537 0.0239124 0)
(0.594454 0.0254194 0)
(0.534787 0.0267736 0)
(0.472897 0.0283306 0)
(0.408682 0.030083 0)
(0.341764 0.0318911 0)
(0.272351 0.0335471 0)
(0.199861 0.0357648 0)
(0.123473 0.0374449 0)
(0.0451732 0.041344 0)
(3 1.12581e-16 0)
(3 -6.2399e-16 0)
(3 -6.7563e-16 0)
(3 -6.13831e-16 0)
(3 -9.40933e-16 0)
(3 -6.94323e-16 0)
(3 3.73063e-17 0)
(3 1.75087e-16 0)
(3 -1.64563e-16 0)
(3 -3.11776e-16 0)
(3 -4.08959e-16 0)
(2.92498 0.020819 0)
(1.00334 0.0765656 0)
(0.695682 0.067945 0)
(0.641522 0.0719899 0)
(0.582837 0.0767624 0)
(0.523707 0.0815547 0)
(0.46195 0.0869062 0)
(0.397588 0.0926239 0)
(0.330517 0.0983801 0)
(0.261267 0.103366 0)
(0.189925 0.109973 0)
(0.115653 0.114897 0)
(0.0417032 0.124914 0)
(3 -8.23552e-18 0)
(3 -1.89028e-16 0)
(3 -1.76128e-16 0)
(3 -3.70108e-16 0)
(3 -3.18603e-16 0)
(3 1.12433e-16 0)
(3 1.84918e-16 0)
(3 -4.79743e-16 0)
(3 -3.49367e-16 0)
(3 -5.39735e-16 0)
(3 -3.08327e-16 0)
(2.96791 0.0287938 0)
(1.04362 0.138414 0)
(0.713368 0.115878 0)
(0.658679 0.122404 0)
(0.598136 0.130376 0)
(0.537282 0.138528 0)
(0.474298 0.147592 0)
(0.408868 0.157132 0)
(0.340524 0.166634 0)
(0.269224 0.174358 0)
(0.195407 0.184284 0)
(0.118015 0.190929 0)
(0.0421848 0.204267 0)
(3 -2.97437e-17 0)
(3 3.64992e-16 0)
(3 4.7967e-16 0)
(3 4.95835e-16 0)
(3 8.15016e-16 0)
(3 8.69197e-16 0)
(3 3.90129e-16 0)
(3 -2.51924e-16 0)
(3 -3.57626e-16 0)
(3 -2.9183e-16 0)
(3 -1.10339e-15 0)
(3.0057 0.00437017 0)
(1.12196 0.182363 0)
(0.741257 0.1546 0)
(0.689033 0.168136 0)
(0.630665 0.180135 0)
(0.570574 0.191659 0)
(0.508108 0.204783 0)
(0.442236 0.219193 0)
(0.371833 0.234772 0)
(0.295954 0.248249 0)
(0.216073 0.264095 0)
(0.130862 0.274383 0)
(0.046041 0.290327 0)
(3 -1.60755e-17 0)
(3 2.54089e-16 0)
(3 5.3061e-16 0)
(3 1.07738e-15 0)
(3 1.15721e-15 0)
(3 9.06231e-16 0)
(3 4.68318e-16 0)
(3 8.12592e-16 0)
(3 3.87541e-16 0)
(3 6.24717e-18 0)
(3 -6.77904e-16 0)
(3.00032 1.76582e-05 0)
(1.23916 0.226856 0)
(0.74905 0.199157 0)
(0.691889 0.217697 0)
(0.637283 0.233956 0)
(0.580448 0.248761 0)
(0.522003 0.266274 0)
(0.460285 0.28612 0)
(0.394384 0.308494 0)
(0.321569 0.327933 0)
(0.242564 0.350136 0)
(0.151493 0.367429 0)
(0.056058 0.390185 0)
(3 7.1385e-18 0)
(3 -1.40469e-16 0)
(3 -2.72288e-16 0)
(3 -4.85962e-16 0)
(3 -6.52862e-16 0)
(3 -5.5704e-16 0)
(3 -7.1411e-16 0)
(3 -1.49177e-16 0)
(3 2.94132e-16 0)
(3 6.91792e-17 0)
(3 1.39913e-16 0)
(3 -5.62177e-08 0)
(1.42848 0.277005 0)
(0.766605 0.2499 0)
(0.693343 0.262753 0)
(0.643896 0.280673 0)
(0.593685 0.297707 0)
(0.544003 0.318807 0)
(0.490511 0.343835 0)
(0.430776 0.374968 0)
(0.357768 0.407108 0)
(0.272144 0.445048 0)
(0.170414 0.480048 0)
(0.0572217 0.511941 0)
(3 -9.0302e-17 0)
(3 -4.27573e-16 0)
(3 -6.58528e-16 0)
(3 -1.08185e-15 0)
(3 -1.08353e-15 0)
(3 -1.14039e-15 0)
(3 -1.005e-15 0)
(3 -9.94943e-16 0)
(3 -8.48933e-16 0)
(3 -2.54566e-16 0)
(3 1.3246e-15 0)
(3 -4.28183e-08 0)
(1.71202 0.328793 0)
(0.798752 0.31639 0)
(0.695437 0.311822 0)
(0.64393 0.326317 0)
(0.595107 0.343198 0)
(0.550963 0.367548 0)
(0.505425 0.399492 0)
(0.4575 0.442235 0)
(0.398496 0.491159 0)
(0.328756 0.544136 0)
(0.237096 0.596635 0)
(0.10275 0.657633 0)
(3 -3.00164e-16 0)
(3 -9.20461e-17 0)
(3 9.65836e-17 0)
(3 3.73989e-16 0)
(3 5.92012e-16 0)
(3 3.54022e-16 0)
(3 4.62245e-16 0)
(3 -1.2574e-16 0)
(3 -4.39535e-16 0)
(3 -1.64341e-16 0)
(3 4.80077e-16 0)
(3 -8.37467e-09 0)
(2.13034 0.364726 0)
(0.861193 0.40236 0)
(0.721277 0.372591 0)
(0.66997 0.381382 0)
(0.62083 0.393202 0)
(0.577568 0.415039 0)
(0.537474 0.449172 0)
(0.498678 0.49765 0)
(0.455952 0.558624 0)
(0.395095 0.641259 0)
(0.276838 0.75867 0)
(0.152324 0.923371 0)
(3 -5.18484e-17 0)
(3 -1.41764e-16 0)
(3 4.88764e-17 0)
(3 5.79266e-16 0)
(3 4.65524e-16 0)
(3 5.32409e-16 0)
(3 5.17493e-16 0)
(3 3.22188e-16 0)
(3 5.99106e-16 0)
(3 6.18854e-16 0)
(3 1.61554e-16 0)
(3 -7.94206e-10 0)
(2.72165 0.276196 0)
(1.00506 0.47979 0)
(0.810168 0.411185 0)
(0.756452 0.41937 0)
(0.696048 0.437259 0)
(0.642024 0.459781 0)
(0.597533 0.494174 0)
(0.560076 0.545735 0)
(0.527259 0.623167 0)
(0.495478 0.748861 0)
(0.464755 0.922567 0)
(0.576183 1.19895 0)
(3 1.64392e-16 0)
(3 1.46196e-16 0)
(3 -3.67e-18 0)
(3 -1.06587e-16 0)
(3 -5.22437e-16 0)
(3 -4.93286e-16 0)
(3 -3.64453e-16 0)
(3 1.89214e-16 0)
(3 6.88673e-16 0)
(3 9.2469e-18 0)
(3 3.47315e-16 0)
(3 -2.6967e-11 0)
(3.07078 0.0326708 0)
(1.23808 0.470419 0)
(0.882641 0.451534 0)
(0.839315 0.48168 0)
(0.785229 0.495796 0)
(0.729587 0.513858 0)
(0.680021 0.544267 0)
(0.639532 0.593956 0)
(0.620423 0.678027 0)
(0.620753 0.814133 0)
(0.684497 0.965297 0)
(0.969158 1.13674 0)
(3 2.04079e-18 0)
(3 6.73517e-16 0)
(3 8.93942e-16 0)
(3 5.00536e-16 0)
(3 2.93677e-16 0)
(3 -2.5129e-16 0)
(3 -4.72148e-16 0)
(3 -2.44965e-16 0)
(3 -1.3174e-16 0)
(3 1.29991e-16 0)
(3 3.44163e-16 0)
(3 -4.28306e-13 0)
(3.00612 4.07433e-05 0)
(1.46911 0.464021 0)
(0.879815 0.515585 0)
(0.834485 0.536471 0)
(0.801849 0.556469 0)
(0.774152 0.578884 0)
(0.745274 0.607812 0)
(0.71884 0.648056 0)
(0.71977 0.719545 0)
(0.747455 0.833807 0)
(0.86956 0.959019 0)
(1.17999 1.0636 0)
(3 -1.96687e-16 0)
(3 2.60936e-16 0)
(3 4.43082e-16 0)
(3 3.91087e-16 0)
(3 2.22731e-16 0)
(3 -1.04127e-16 0)
(3 -1.53867e-17 0)
(3 -1.02179e-16 0)
(3 -9.54555e-16 0)
(3 -7.38967e-16 0)
(3 -2e-16 0)
(3 -2.73282e-15 0)
(3.00003 -1.51985e-06 0)
(2.00826 0.492964 0)
(0.933522 0.582377 0)
(0.854312 0.561811 0)
(0.838902 0.585153 0)
(0.826207 0.612001 0)
(0.814888 0.645759 0)
(0.804729 0.682888 0)
(0.816919 0.744252 0)
(0.865564 0.83374 0)
(1.00849 0.936604 0)
(1.27646 1.00306 0)
(3 -2.38506e-16 0)
(3 -4.22355e-16 0)
(3 -9.03275e-16 0)
(3 -7.84201e-16 0)
(3 -7.53369e-16 0)
(3 -9.54068e-16 0)
(3 -3.4457e-16 0)
(3 -1.34027e-17 0)
(3 -4.396e-16 0)
(3 -1.42493e-15 0)
(3 -1.3268e-15 0)
(3 -4.19015e-16 0)
(3 -1.75625e-06 0)
(2.81834 0.285922 0)
(1.11554 0.631917 0)
(0.92835 0.57485 0)
(0.903473 0.600823 0)
(0.887515 0.633436 0)
(0.882429 0.672715 0)
(0.886316 0.71298 0)
(0.906245 0.764606 0)
(0.96813 0.830739 0)
(1.10474 0.902408 0)
(1.31789 0.943619 0)
(3 2.31362e-16 0)
(3 1.59849e-16 0)
(3 -4.00303e-16 0)
(3 -8.30884e-16 0)
(3 -1.01685e-15 0)
(3 -6.3222e-16 0)
(3 -5.89372e-16 0)
(3 -4.37978e-16 0)
(3 -1.90449e-16 0)
(3 -2.60746e-16 0)
(3 -1.23931e-15 0)
(3 8.64715e-17 0)
(3 -3.61206e-07 0)
(3.06753 0.0188852 0)
(1.44376 0.620138 0)
(0.995821 0.653859 0)
(0.948339 0.654168 0)
(0.928657 0.672621 0)
(0.931894 0.702612 0)
(0.950611 0.739424 0)
(0.984592 0.781138 0)
(1.05522 0.830868 0)
(1.17795 0.879975 0)
(1.34973 0.905253 0)
(3 9.50557e-17 0)
(3 2.34101e-16 0)
(3 2.33755e-16 0)
(3 -1.2303e-16 0)
(3 -1.12706e-16 0)
(3 4.51176e-16 0)
(3 1.51216e-16 0)
(3 1.93803e-16 0)
(3 1.29927e-16 0)
(3 4.8789e-16 0)
(3 6.34742e-16 0)
(3 1.65678e-15 0)
(3 -3.53478e-08 0)
(3.00284 3.92378e-05 0)
(2.02881 0.594495 0)
(1.0585 0.722118 0)
(1.00621 0.695983 0)
(0.992978 0.694785 0)
(0.99473 0.714568 0)
(1.0144 0.745827 0)
(1.05531 0.784178 0)
(1.12629 0.822879 0)
(1.2311 0.854981 0)
(1.36844 0.868895 0)
(3 -2.35905e-16 0)
(3 -3.91409e-16 0)
(3 -3.70798e-16 0)
(3 1.78123e-16 0)
(3 4.36046e-16 0)
(3 1.95833e-16 0)
(3 1.37592e-16 0)
(3 5.54412e-16 0)
(3 4.83405e-16 0)
(3 3.60823e-16 0)
(3 6.22479e-16 0)
(3 1.10292e-15 0)
(3 -1.0543e-09 0)
(3.00001 -2.26866e-07 0)
(2.96898 0.200105 0)
(1.29252 0.691859 0)
(1.08002 0.713807 0)
(1.08356 0.717409 0)
(1.08011 0.739056 0)
(1.08874 0.76616 0)
(1.12214 0.79443 0)
(1.18592 0.825754 0)
(1.27471 0.84779 0)
(1.38866 0.855435 0)
(3 7.66875e-17 0)
(3 2.86234e-16 0)
(3 3.96669e-16 0)
(3 4.85328e-16 0)
(3 1.12528e-15 0)
(3 1.34801e-15 0)
(3 1.44841e-15 0)
(3 1.10118e-15 0)
(3 1.19975e-15 0)
(3 1.39995e-15 0)
(3 9.72802e-16 0)
(3 5.48276e-16 0)
(3 -2.14437e-12 0)
(3 -3.99465e-07 0)
(3.03716 0.00476033 0)
(1.58962 0.657205 0)
(1.09813 0.756399 0)
(1.10704 0.763015 0)
(1.11391 0.780527 0)
(1.13774 0.794491 0)
(1.17553 0.808463 0)
(1.23311 0.822753 0)
(1.31015 0.834747 0)
(1.40734 0.838568 0)
(3 -4.88158e-17 0)
(3 3.96852e-16 0)
(3 4.89145e-16 0)
(3 1.27836e-16 0)
(3 1.0212e-15 0)
(3 1.28349e-15 0)
(3 9.52536e-16 0)
(3 4.56574e-16 0)
(3 4.91877e-16 0)
(3 8.20301e-16 0)
(3 1.36044e-15 0)
(3 1.31625e-15 0)
(3 -1.36246e-15 0)
(3 -7.39566e-08 0)
(3.00064 2.44526e-05 0)
(2.43388 0.493765 0)
(1.21309 0.787762 0)
(1.13243 0.789929 0)
(1.14652 0.792696 0)
(1.17426 0.803287 0)
(1.21504 0.81657 0)
(1.26947 0.828998 0)
(1.34093 0.837504 0)
(1.42331 0.839353 0)
(3 4.2228e-17 0)
(3 -1.08046e-16 0)
(3 -1.73964e-16 0)
(3 6.69899e-17 0)
(3 -3.44287e-16 0)
(3 -1.00142e-15 0)
(3 -9.61923e-16 0)
(3 -8.41031e-16 0)
(3 -3.39867e-16 0)
(3 1.60391e-16 0)
(3 4.50277e-16 0)
(3 5.05964e-16 0)
(3 5.86273e-16 0)
(3 -2.21074e-09 0)
(3.00002 -8.35345e-06 0)
(3.06142 0.0635898 0)
(1.58193 0.775325 0)
(1.18397 0.787208 0)
(1.19846 0.794927 0)
(1.21904 0.806773 0)
(1.25549 0.817386 0)
(1.30468 0.826523 0)
(1.36838 0.832145 0)
(1.43962 0.832182 0)
(3 -1.10695e-16 0)
(3 -4.04295e-16 0)
(3 -6.17624e-16 0)
(3 -2.57995e-16 0)
(3 -5.66241e-16 0)
(3 -1.61048e-15 0)
(3 -1.58199e-15 0)
(3 -1.26782e-15 0)
(3 -6.60543e-16 0)
(3 -9.27242e-17 0)
(3 -8.05669e-17 0)
(3 -5.54163e-16 0)
(3 -4.49815e-16 0)
(3 -6.38407e-12 0)
(3 -2.10159e-06 0)
(3.00705 0.0012375 0)
(2.34752 0.613456 0)
(1.27625 0.853504 0)
(1.22574 0.838296 0)
(1.25468 0.834989 0)
(1.28571 0.838144 0)
(1.33119 0.840875 0)
(1.38736 0.842076 0)
(1.4517 0.838237 0)
(3 -1.1952e-16 0)
(3 -4.78186e-16 0)
(3 -8.90786e-16 0)
(3 -1.03061e-15 0)
(3 -4.07531e-16 0)
(3 -3.71297e-16 0)
(3 -3.94873e-16 0)
(3 -3.39419e-16 0)
(3 -4.12179e-16 0)
(3 -5.55685e-16 0)
(3 -2.99692e-16 0)
(3 -1.32436e-15 0)
(3 -2.31919e-15 0)
(3 2.5509e-14 0)
(3 -1.79964e-07 0)
(3.00002 7.27684e-06 0)
(3.04738 0.101884 0)
(1.65753 0.828661 0)
(1.27341 0.838509 0)
(1.30408 0.836999 0)
(1.32647 0.838851 0)
(1.36583 0.83846 0)
(1.41361 0.837667 0)
(1.47142 0.832823 0)
(3 3.98424e-18 0)
(3 -9.90524e-17 0)
(3 -1.62951e-16 0)
(3 -1.9446e-16 0)
(3 -4.07316e-16 0)
(3 -2.05311e-16 0)
(3 -9.55514e-17 0)
(3 -1.67814e-16 0)
(3 -7.26642e-16 0)
(3 -1.2286e-15 0)
(3 -1.28617e-15 0)
(3 -2.31097e-15 0)
(3 -2.64997e-15 0)
(3 2.20544e-14 0)
(3 -2.23402e-09 0)
(3 -1.10116e-07 0)
(3.00867 0.00315877 0)
(2.46851 0.606335 0)
(1.37735 0.895874 0)
(1.33139 0.877789 0)
(1.361 0.867046 0)
(1.39283 0.863164 0)
(1.43352 0.858162 0)
(1.48353 0.849856 0)
(3 -5.54751e-17 0)
(3 -5.71699e-17 0)
(3 1.06022e-16 0)
(3 9.61204e-17 0)
(3 2.89559e-17 0)
(3 1.25947e-16 0)
(3 8.5837e-17 0)
(3 -8.08266e-17 0)
(3 -1.79233e-16 0)
(3 -1.35057e-15 0)
(3 -1.88303e-15 0)
(3 -1.31946e-15 0)
(3 -1.04305e-15 0)
(3 2.61565e-15 0)
(3 -5.21359e-12 0)
(3 -2.73198e-08 0)
(3.00003 3.32588e-05 0)
(3.04496 0.0812191 0)
(1.80338 0.823883 0)
(1.37173 0.888318 0)
(1.40895 0.879658 0)
(1.43481 0.872624 0)
(1.46834 0.862434 0)
(1.50934 0.851105 0)
(3 1.94796e-18 0)
(3 1.5763e-17 0)
(3 1.59586e-16 0)
(3 1.72275e-17 0)
(3 2.55345e-16 0)
(3 1.02098e-15 0)
(3 9.49934e-16 0)
(3 9.17696e-16 0)
(3 3.50197e-16 0)
(3 -2.05475e-16 0)
(3 -5.07294e-16 0)
(3 6.22567e-16 0)
(3 9.28072e-16 0)
(3 7.18735e-16 0)
(3 -2.08971e-15 0)
(3 -2.56383e-09 0)
(3 1.703e-08 0)
(3.00451 0.00325289 0)
(2.66875 0.476209 0)
(1.54677 0.931962 0)
(1.4274 0.909046 0)
(1.46123 0.900596 0)
(1.49185 0.888962 0)
(1.52716 0.875367 0)
(3 1.39041e-16 0)
(3 1.86382e-16 0)
(3 1.02091e-16 0)
(3 3.41069e-16 0)
(3 2.61019e-16 0)
(3 1.4987e-16 0)
(3 -2.67252e-16 0)
(3 -6.4832e-16 0)
(3 -8.33388e-16 0)
(3 1.09459e-16 0)
(3 1.14035e-15 0)
(3 1.39408e-15 0)
(3 1.44508e-15 0)
(3 1.50797e-15 0)
(3 2.07512e-15 0)
(3 -1.02689e-10 0)
(3 -1.01215e-10 0)
(3.00001 2.6501e-05 0)
(3.0296 0.0405689 0)
(2.07878 0.782748 0)
(1.49009 0.919946 0)
(1.49859 0.910926 0)
(1.52744 0.896199 0)
(1.55751 0.883515 0)
(3 1.07876e-16 0)
(3 6.00602e-17 0)
(3 2.56646e-16 0)
(3 4.23382e-16 0)
(3 8.35758e-17 0)
(3 -7.43274e-16 0)
(3 -6.27318e-16 0)
(3 -2.25214e-16 0)
(3 -7.73595e-16 0)
(3 -5.74979e-16 0)
(3 2.23487e-16 0)
(3 9.28833e-16 0)
(3 1.14324e-15 0)
(3 1.71947e-15 0)
(3 2.64294e-15 0)
(3 -9.09679e-13 0)
(3 -3.2209e-11 0)
(3 1.61386e-08 0)
(3.00103 0.00168632 0)
(2.88244 0.2672 0)
(1.77435 0.889398 0)
(1.51995 0.932154 0)
(1.55434 0.920321 0)
(1.58477 0.907504 0)
(3 4.68981e-17 0)
(3 -1.32267e-18 0)
(3 2.51238e-16 0)
(3 7.50213e-17 0)
(3 -9.34073e-17 0)
(3 -1.35077e-16 0)
(3 3.06606e-16 0)
(3 6.08504e-16 0)
(3 4.95935e-16 0)
(3 -5.62158e-16 0)
(3 -1.64259e-16 0)
(3 1.70011e-16 0)
(3 1.18272e-15 0)
(3 1.0012e-15 0)
(3 1.63638e-15 0)
(3 1.56455e-17 0)
(3 -4.3137e-12 0)
(3 -1.79008e-12 0)
(3 7.04568e-06 0)
(3.008 0.0168999 0)
(2.48028 0.595632 0)
(1.63796 0.95438 0)
(1.56313 0.941108 0)
(1.59847 0.927663 0)
(3 1.13751e-17 0)
(3 4.89564e-17 0)
(3 -2.31942e-16 0)
(3 -2.50165e-16 0)
(3 9.329e-18 0)
(3 2.99453e-16 0)
(3 2.41841e-16 0)
(3 2.33703e-16 0)
(3 2.55166e-16 0)
(3 -6.98292e-17 0)
(3 -5.50623e-16 0)
(3 -6.3814e-16 0)
(3 -9.13987e-16 0)
(3 -2.61044e-16 0)
(3 1.46996e-16 0)
(3 7.97e-16 0)
(3 -1.68951e-13 0)
(3 -4.7133e-13 0)
(3 3.4429e-09 0)
(3.00003 0.00041294 0)
(2.99482 0.0880273 0)
(2.10667 0.793445 0)
(1.62314 0.946386 0)
(1.61919 0.942046 0)
(3 -1.67463e-16 0)
(3 2.3841e-16 0)
(3 -1.7206e-16 0)
(3 -6.24873e-16 0)
(3 -4.97448e-16 0)
(3 -4.7016e-16 0)
(3 -2.38662e-16 0)
(3 -2.37355e-16 0)
(3 -4.00387e-16 0)
(3 -7.77403e-17 0)
(3 -1.19736e-16 0)
(3 -6.54137e-16 0)
(3 -1.08708e-15 0)
(3 -7.15088e-16 0)
(3 -3.74564e-16 0)
(3 2.782e-16 0)
(3 -1.3331e-15 0)
(3 -1.52791e-13 0)
(3 7.58332e-13 0)
(3 7.81998e-07 0)
(3.00089 0.0045441 0)
(2.83487 0.29213 0)
(1.90301 0.882271 0)
(1.65498 0.955459 0)
(3 5.88067e-17 0)
(3 3.01391e-17 0)
(3 -1.93323e-16 0)
(3 -3.80046e-16 0)
(3 -2.40381e-16 0)
(3 -4.03087e-16 0)
(3 -3.81154e-16 0)
(3 -3.92334e-16 0)
(3 -4.41192e-16 0)
(3 1.50853e-16 0)
(3 1.46457e-16 0)
(3 -2.2858e-16 0)
(3 -5.50691e-16 0)
(3 -9.26686e-16 0)
(3 -7.74423e-16 0)
(3 -3.49335e-16 0)
(3 -2.10502e-16 0)
(3 -1.54587e-14 0)
(3 -1.60099e-14 0)
(3 4.39331e-10 0)
(3 3.33473e-05 0)
(3.00079 0.0219382 0)
(2.55901 0.522478 0)
(1.81813 0.935266 0)
(3 -8.6746e-17 0)
(3 -4.46602e-16 0)
(3 -6.96267e-17 0)
(3 1.60889e-16 0)
(3 1.81061e-17 0)
(3 1.81109e-16 0)
(3 3.47717e-16 0)
(3 3.67912e-16 0)
(3 2.11976e-16 0)
(3 -9.0314e-17 0)
(3 -2.67838e-16 0)
(3 -1.23808e-15 0)
(3 -1.69863e-15 0)
(3 -1.64203e-15 0)
(3 -1.04553e-15 0)
(3 -6.90651e-16 0)
(3 -3.6473e-16 0)
(3 -1.96342e-15 0)
(3 -6.55098e-15 0)
(3 7.121e-14 0)
(3 3.09718e-08 0)
(2.99994 0.000538839 0)
(2.98136 0.0679145 0)
(2.32344 0.6948 0)
(3 4.21147e-17 0)
(3 -1.48515e-16 0)
(3 5.17635e-16 0)
(3 5.22835e-16 0)
(3 -3.01707e-16 0)
(3 2.47499e-16 0)
(3 5.62126e-16 0)
(3 4.49571e-16 0)
(3 3.13742e-16 0)
(3 -9.82722e-17 0)
(3 -2.47826e-16 0)
(3 -6.82469e-16 0)
(3 -1.0144e-15 0)
(3 -4.20788e-16 0)
(3 -5.16094e-16 0)
(3 -2.26514e-16 0)
(3 -6.02362e-16 0)
(3 -6.65691e-16 0)
(3 -1.62399e-15 0)
(3 -1.26468e-15 0)
(3 1.43408e-11 0)
(3 1.19569e-06 0)
(2.99977 0.00304506 0)
(2.90161 0.177681 0)
(3 2.37452e-16 0)
(3 5.97528e-17 0)
(3 -2.53484e-16 0)
(3 -4.36337e-16 0)
(3 -3.47557e-16 0)
(3 -4.37122e-16 0)
(3 -3.47678e-16 0)
(3 -2.68459e-16 0)
(3 -4.39621e-16 0)
(3 -5.33771e-16 0)
(3 -9.53057e-16 0)
(3 -6.02822e-16 0)
(3 -4.65152e-16 0)
(3 3.44199e-16 0)
(3 -9.76527e-17 0)
(3 -6.37002e-16 0)
(3 -6.66886e-16 0)
(3 -1.02564e-15 0)
(3 -8.24169e-16 0)
(3 -3.88139e-16 0)
(3 1.74539e-15 0)
(3 1.09046e-09 0)
(3 1.39577e-05 0)
(2.99651 0.0131393 0)
(3 -7.54355e-18 0)
(3 2.81451e-17 0)
(3 -6.39836e-16 0)
(3 -6.30664e-16 0)
(3 -3.63536e-16 0)
(3 -7.32545e-16 0)
(3 -5.64515e-16 0)
(3 -3.0436e-16 0)
(3 -2.6021e-16 0)
(3 -5.72466e-16 0)
(3 -9.38434e-16 0)
(3 -6.41163e-16 0)
(3 1.76641e-16 0)
(3 -2.22286e-16 0)
(3 -3.37361e-16 0)
(3 -2.99299e-16 0)
(3 -8.06165e-16 0)
(3 -6.25068e-16 0)
(3 -4.40275e-16 0)
(3 -1.53536e-16 0)
(3 -3.69082e-16 0)
(3 1.50962e-13 0)
(3 2.02954e-08 0)
(2.99996 0.000130503 0)
(3 -6.2291e-17 0)
(3 1.49848e-17 0)
(3 -1.46232e-16 0)
(3 -1.04461e-16 0)
(3 5.19558e-17 0)
(3 -1.26819e-17 0)
(3 -5.61563e-16 0)
(3 -1.24715e-15 0)
(3 -1.1713e-15 0)
(3 -5.61644e-16 0)
(3 -3.66686e-16 0)
(3 -6.25778e-17 0)
(3 5.22618e-16 0)
(3 4.99111e-16 0)
(3 1.08459e-16 0)
(3 -2.19645e-16 0)
(3 -3.61087e-16 0)
(3 6.1825e-17 0)
(3 2.73119e-16 0)
(3 3.99403e-16 0)
(3 3.43453e-16 0)
(3 3.86219e-16 0)
(3 8.40437e-12 0)
(3 1.41224e-07 0)
(3 -2.06901e-16 0)
(3 1.01496e-17 0)
(3 2.20151e-16 0)
(3 2.24815e-16 0)
(3 2.7077e-16 0)
(3 4.74882e-16 0)
(3 9.40588e-17 0)
(3 -8.19312e-16 0)
(3 -9.5043e-16 0)
(3 -1.03183e-15 0)
(3 -7.46509e-16 0)
(3 -2.53296e-16 0)
(3 3.05941e-16 0)
(3 5.9029e-16 0)
(3 1.989e-16 0)
(3 -5.59589e-16 0)
(3 -1.31157e-16 0)
(3 -2.45007e-17 0)
(3 4.26705e-16 0)
(3 9.46053e-16 0)
(3 1.21825e-15 0)
(3 5.08671e-16 0)
(3 1.18595e-15 0)
(3 7.11914e-11 0)
(3 7.09986e-17 0)
(3 2.79416e-16 0)
(3 9.05131e-16 0)
(3 1.08214e-15 0)
(3 7.94091e-16 0)
(3 6.805e-16 0)
(3 9.67019e-17 0)
(3 -1.81675e-16 0)
(3 -4.03168e-16 0)
(3 -2.67197e-16 0)
(3 -3.23887e-16 0)
(3 -2.71551e-16 0)
(3 -5.08681e-17 0)
(3 7.22147e-17 0)
(3 -6.67231e-17 0)
(3 -3.47597e-16 0)
(3 -6.28959e-16 0)
(3 -5.34499e-16 0)
(3 2.19211e-17 0)
(3 -1.81463e-16 0)
(3 -1.87671e-16 0)
(3 4.01202e-16 0)
(3 -1.19353e-16 0)
(3 6.29486e-15 0)
(3 2.36616e-16 0)
(3 3.23916e-16 0)
(3 7.08311e-16 0)
(3 6.51492e-16 0)
(3 7.72478e-16 0)
(3 5.8083e-16 0)
(3 -1.05715e-16 0)
(3 -3.7229e-16 0)
(3 -2.12396e-16 0)
(3 -1.76352e-16 0)
(3 -2.59868e-16 0)
(3 -8.33126e-17 0)
(3 2.35095e-16 0)
(3 2.40111e-16 0)
(3 5.40508e-16 0)
(3 5.24781e-16 0)
(3 -2.50049e-16 0)
(3 -5.87502e-16 0)
(3 -7.64981e-16 0)
(3 -1.1303e-15 0)
(3 -8.45493e-16 0)
(3 -5.12006e-17 0)
(3 4.81744e-17 0)
(3 4.10734e-16 0)
(3 9.27664e-18 0)
(3 -1.75902e-16 0)
(3 -2.40992e-17 0)
(3 -1.23174e-16 0)
(3 3.3829e-16 0)
(3 7.2483e-16 0)
(3 8.56953e-16 0)
(3 1.11159e-15 0)
(3 1.03406e-15 0)
(3 5.82744e-16 0)
(3 7.284e-16 0)
(3 1.35295e-15 0)
(3 1.41803e-15 0)
(3 3.17121e-16 0)
(3 -5.65191e-16 0)
(3 -4.4967e-16 0)
(3 7.68901e-17 0)
(3 -1.98992e-16 0)
(3 -5.38677e-16 0)
(3 -3.44316e-16 0)
(3 -4.55634e-16 0)
(3 -2.27381e-16 0)
(3 1.64371e-16 0)
(3 3.51683e-16 0)
(3 -1.26802e-16 0)
(3 5.4053e-17 0)
(3 1.60854e-16 0)
(3 2.76913e-16 0)
(3 8.0824e-16 0)
(3 1.03556e-15 0)
(3 1.28501e-15 0)
(3 9.27921e-16 0)
(3 7.20947e-16 0)
(3 1.0839e-15 0)
(3 1.28956e-15 0)
(3 1.6613e-15 0)
(3 1.6528e-15 0)
(3 9.69442e-16 0)
(3 2.62939e-16 0)
(3 -4.35453e-16 0)
(3 -2.78653e-16 0)
(3 -1.18336e-16 0)
(3 -1.83702e-16 0)
(3 -1.86532e-17 0)
(3 -8.90939e-17 0)
(3 2.05248e-16 0)
(3 2.37643e-16 0)
(3 -7.28353e-17 0)
(1.54865 1.21784 0)
(1.93749 1.56783 0)
(2.03324 1.37739 0)
(2.26111 0.716204 0)
(2.6404 0.299357 0)
(2.68929 -0.0553433 0)
(2.65584 -0.180974 0)
(2.53109 -0.224941 0)
(2.34281 -0.338954 0)
(2.35544 -0.446719 0)
(2.42995 -0.351131 0)
(2.48027 -0.206041 0)
(2.4588 -0.159208 0)
(2.43258 -0.120964 0)
(2.40319 -0.0833285 0)
(2.34884 -0.0691777 0)
(2.32036 -0.0627728 0)
(2.35845 -0.0430818 0)
(2.41058 -0.0268712 0)
(2.42133 -0.0233174 0)
(2.41554 -0.0173763 0)
(2.37973 -0.0109574 0)
(2.35944 -0.0109645 0)
(2.342 -0.0107023 0)
(2.35222 -0.00875183 0)
(2.38861 -0.00692621 0)
(2.4002 -0.00740259 0)
(2.04502 0.0159362 0)
(0.91111 0.0348444 0)
(0.702934 0.0210934 0)
(0.694864 0.00594071 0)
(0.710088 -0.0121611 0)
(0.737604 -0.0204813 0)
(0.766981 -0.0241493 0)
(0.799088 -0.0261656 0)
(0.83313 -0.0279535 0)
(0.867168 -0.0294025 0)
(0.899649 -0.0301043 0)
(0.931769 -0.0307428 0)
(0.966714 -0.0317076 0)
(1.00736 -0.0327868 0)
(1.05243 -0.0329911 0)
(1.09732 -0.0309718 0)
(1.13427 -0.0253685 0)
(1.16326 -0.0188194 0)
(1.19027 -0.0142496 0)
(1.22041 -0.0121933 0)
(1.25608 -0.0127261 0)
(1.29141 -0.0160676 0)
(1.3197 -0.0179946 0)
(1.34227 -0.0166022 0)
(1.36329 -0.0136745 0)
(1.38561 -0.0110676 0)
(1.41176 -0.00989372 0)
(1.4442 -0.0101662 0)
(1.47833 -0.0108945 0)
(1.50575 -0.0103613 0)
(1.52828 -0.00833713 0)
(1.54958 -0.00529818 0)
(1.57098 -0.00253191 0)
(1.59512 -0.00132131 0)
(1.62177 -0.00205186 0)
(1.64325 -0.00376691 0)
(1.66259 -0.00426482 0)
(1.68208 -0.00353046 0)
(1.70012 -0.000678159 0)
(1.71832 0.00263185 0)
(1.73738 0.0041703 0)
(1.75891 0.00452983 0)
(1.78372 0.00359712 0)
(1.80573 0.000973676 0)
(1.82484 -0.000696576 0)
(1.84341 -0.000354831 0)
(1.85809 0.00137215 0)
(1.86909 0.0041581 0)
(1.8812 0.00633601 0)
(1.89692 0.00689571 0)
(1.91429 0.00686532 0)
(1.93327 0.0062195 0)
(1.95229 0.00382094 0)
(1.96942 0.00255617 0)
(1.98378 0.00255762 0)
(1.99043 0.0041087 0)
(1.99721 0.00616678 0)
(2.01035 0.00670415 0)
(2.02688 0.00654626 0)
(2.04407 0.00659953 0)
(2.06148 0.0067687 0)
(2.07862 0.006963 0)
(2.09309 0.00737103 0)
(2.10073 0.00811544 0)
(2.10815 0.00883441 0)
(2.12272 0.00917306 0)
(2.13855 0.0093558 0)
(2.15681 0.0081304 0)
(2.18351 0.00655918 0)
(1.78404 1.0404 0)
(2.287 0.817704 0)
(2.44891 0.626752 0)
(2.61871 0.113353 0)
(2.71661 -0.316763 0)
(2.71373 -0.472786 0)
(2.74471 -0.563114 0)
(2.74544 -0.626748 0)
(2.73061 -0.601832 0)
(2.6574 -0.546823 0)
(2.55768 -0.420452 0)
(2.52845 -0.260066 0)
(2.50974 -0.214849 0)
(2.48813 -0.188696 0)
(2.468 -0.12582 0)
(2.44286 -0.0685268 0)
(2.42438 -0.0444123 0)
(2.43313 -0.0097745 0)
(2.44518 0.00636145 0)
(2.4379 0.00476204 0)
(2.43052 -0.00596838 0)
(2.423 -0.0320865 0)
(2.40756 -0.0391038 0)
(2.39688 -0.0235468 0)
(2.40268 0.00754657 0)
(2.41374 0.0168004 0)
(2.42161 0.00814122 0)
(2.1732 0.0976454 0)
(0.961432 0.139654 0)
(0.756834 0.031649 0)
(0.767647 -0.0320271 0)
(0.802553 -0.0530632 0)
(0.834273 -0.0515957 0)
(0.863095 -0.0494024 0)
(0.894726 -0.0469759 0)
(0.929507 -0.0466331 0)
(0.965389 -0.0462308 0)
(0.997164 -0.040716 0)
(1.02254 -0.0326905 0)
(1.04842 -0.0279674 0)
(1.07908 -0.0299868 0)
(1.11881 -0.0387118 0)
(1.16411 -0.0464322 0)
(1.20608 -0.0434088 0)
(1.23401 -0.0297631 0)
(1.25481 -0.0116741 0)
(1.27459 0.00266534 0)
(1.29408 0.00484142 0)
(1.32027 -0.00471832 0)
(1.35399 -0.0199003 0)
(1.38628 -0.027735 0)
(1.41117 -0.0248479 0)
(1.43223 -0.0149543 0)
(1.4541 -0.00326842 0)
(1.47568 0.00176961 0)
(1.49838 -0.00262163 0)
(1.52699 -0.0121899 0)
(1.55501 -0.0154549 0)
(1.57933 -0.0113794 0)
(1.60174 -0.0018113 0)
(1.62159 0.00786154 0)
(1.63892 0.0102476 0)
(1.65531 0.00614174 0)
(1.67502 -0.00300808 0)
(1.69661 -0.00844784 0)
(1.71711 -0.00799939 0)
(1.73743 -0.00270139 0)
(1.75677 0.00714533 0)
(1.77473 0.0157078 0)
(1.79228 0.0178366 0)
(1.80982 0.0144596 0)
(1.82959 0.00676857 0)
(1.8486 -0.000838024 0)
(1.86598 -0.00438546 0)
(1.88345 -0.00203078 0)
(1.89857 0.00752241 0)
(1.91115 0.018453 0)
(1.92281 0.0248015 0)
(1.93715 0.0244297 0)
(1.95385 0.0199869 0)
(1.97122 0.0121598 0)
(1.98643 0.00312463 0)
(2.00027 0.000459807 0)
(2.0132 0.00632188 0)
(2.0251 0.0149528 0)
(2.0369 0.0198092 0)
(2.05259 0.0194012 0)
(2.06945 0.0167414 0)
(2.08535 0.013343 0)
(2.1 0.011432 0)
(2.11073 0.0143374 0)
(2.11706 0.0229882 0)
(2.12459 0.0290235 0)
(2.13891 0.029823 0)
(2.15376 0.0270841 0)
(2.17973 0.0202013 0)
(1.65921 1.04201 0)
(2.05316 0.87234 0)
(2.34746 0.616412 0)
(2.52126 0.397747 0)
(2.59715 0.14873 0)
(2.64191 -0.0514289 0)
(2.69548 -0.170714 0)
(2.76185 -0.198433 0)
(2.82452 -0.301462 0)
(2.77542 -0.429541 0)
(2.74093 -0.429637 0)
(2.68592 -0.442466 0)
(2.65248 -0.430157 0)
(2.64982 -0.384531 0)
(2.64088 -0.303793 0)
(2.6374 -0.222842 0)
(2.62906 -0.187939 0)
(2.58349 -0.117252 0)
(2.52462 -0.0602459 0)
(2.49074 -0.0387518 0)
(2.47459 -0.0310186 0)
(2.48096 -0.0258993 0)
(2.50075 -0.0152607 0)
(2.49813 -0.012706 0)
(2.49264 -0.00586531 0)
(2.4782 0.00882474 0)
(2.47045 0.00847535 0)
(2.45656 0.0197309 0)
(1.20459 0.157924 0)
(0.931153 0.0213341 0)
(0.981411 -0.0643858 0)
(1.03534 -0.0739553 0)
(1.05989 -0.0591207 0)
(1.07936 -0.0507453 0)
(1.10292 -0.0517791 0)
(1.13103 -0.0629883 0)
(1.16427 -0.0779283 0)
(1.1975 -0.0867386 0)
(1.22125 -0.0847071 0)
(1.23804 -0.0770761 0)
(1.25498 -0.0656165 0)
(1.27498 -0.0579134 0)
(1.30242 -0.0587401 0)
(1.33693 -0.0660686 0)
(1.36802 -0.0692402 0)
(1.38831 -0.0640582 0)
(1.40424 -0.0496202 0)
(1.41481 -0.0298464 0)
(1.4301 -0.0180245 0)
(1.44967 -0.0186659 0)
(1.47465 -0.0293694 0)
(1.50414 -0.0400554 0)
(1.52804 -0.0420123 0)
(1.54661 -0.0387302 0)
(1.56336 -0.0288399 0)
(1.57843 -0.0161645 0)
(1.59673 -0.0108475 0)
(1.61681 -0.0129456 0)
(1.6421 -0.0163214 0)
(1.66618 -0.0155819 0)
(1.68528 -0.0128022 0)
(1.70149 -0.00452204 0)
(1.71155 0.00606225 0)
(1.72177 0.0106762 0)
(1.73748 0.00805856 0)
(1.75739 0.000807744 0)
(1.78034 -0.0030675 0)
(1.79982 -0.00170803 0)
(1.81864 0.00396345 0)
(1.83343 0.0147901 0)
(1.84252 0.0249734 0)
(1.85275 0.0270587 0)
(1.86809 0.0228073 0)
(1.88723 0.0149625 0)
(1.9092 0.00870744 0)
(1.92643 0.00815486 0)
(1.94341 0.0125859 0)
(1.95724 0.0227539 0)
(1.96454 0.0327919 0)
(1.97097 0.034813 0)
(1.98268 0.0295078 0)
(1.99849 0.0239956 0)
(2.01733 0.0169908 0)
(2.03446 0.0133593 0)
(2.05071 0.0154309 0)
(2.06368 0.0248379 0)
(2.07024 0.0357977 0)
(2.07653 0.0385566 0)
(2.08996 0.0352533 0)
(2.10534 0.0317827 0)
(2.12073 0.0301173 0)
(2.13543 0.0324895 0)
(2.14601 0.0414288 0)
(2.15204 0.0491703 0)
(2.16223 0.0459573 0)
(2.18231 0.0367602 0)
(1.59302 0.99352 0)
(1.89584 0.883355 0)
(2.16848 0.681869 0)
(2.33648 0.535457 0)
(2.43142 0.401485 0)
(2.54441 0.177819 0)
(2.6365 -0.0324634 0)
(2.68822 -0.170906 0)
(2.73546 -0.248074 0)
(2.7719 -0.338083 0)
(2.76221 -0.437775 0)
(2.74316 -0.459361 0)
(2.74422 -0.454424 0)
(2.74619 -0.458386 0)
(2.74743 -0.444157 0)
(2.74375 -0.405529 0)
(2.73569 -0.378799 0)
(2.68615 -0.296462 0)
(2.62548 -0.204798 0)
(2.58824 -0.156673 0)
(2.57102 -0.130628 0)
(2.56777 -0.0968748 0)
(2.57597 -0.0730483 0)
(2.56405 -0.0452023 0)
(2.54535 -0.0274154 0)
(2.52913 0.00211096 0)
(2.51937 -0.00586167 0)
(2.46505 -0.142024 0)
(1.73764 0.0160942 0)
(1.19443 0.0432416 0)
(1.22026 -0.0317827 0)
(1.29608 -0.109865 0)
(1.31945 -0.115164 0)
(1.3291 -0.0988327 0)
(1.33815 -0.0697579 0)
(1.3534 -0.0623359 0)
(1.37483 -0.0669044 0)
(1.40369 -0.0774111 0)
(1.42998 -0.0849436 0)
(1.4438 -0.0839991 0)
(1.45396 -0.0750318 0)
(1.45978 -0.0567644 0)
(1.47101 -0.0418366 0)
(1.48893 -0.0361978 0)
(1.51273 -0.0374471 0)
(1.53468 -0.0429694 0)
(1.55065 -0.0454327 0)
(1.56508 -0.0419018 0)
(1.57363 -0.028804 0)
(1.5824 -0.0132828 0)
(1.59814 -0.00623999 0)
(1.61782 -0.00657012 0)
(1.64101 -0.0147424 0)
(1.65914 -0.0222633 0)
(1.67493 -0.0246815 0)
(1.68982 -0.0213294 0)
(1.69949 -0.00953988 0)
(1.71241 0.00191941 0)
(1.73028 0.00539211 0)
(1.7496 0.00320634 0)
(1.76767 -0.00179059 0)
(1.78373 -0.00474429 0)
(1.79728 -0.00257139 0)
(1.80474 0.00744552 0)
(1.81169 0.01805 0)
(1.82619 0.0215228 0)
(1.84296 0.0192941 0)
(1.86078 0.0115638 0)
(1.87639 0.00457351 0)
(1.89051 0.000430734 0)
(1.9028 0.00218677 0)
(1.91269 0.0117007 0)
(1.92199 0.0245693 0)
(1.9357 0.0321219 0)
(1.95146 0.0325961 0)
(1.9682 0.0279831 0)
(1.98366 0.0220758 0)
(1.9965 0.016976 0)
(2.00446 0.0146968 0)
(2.00996 0.0183421 0)
(2.02004 0.0259501 0)
(2.03484 0.0328683 0)
(2.04961 0.0360995 0)
(2.06497 0.0359004 0)
(2.08004 0.034091 0)
(2.09384 0.033344 0)
(2.1025 0.0361141 0)
(2.10491 0.042029 0)
(2.11246 0.0460432 0)
(2.12732 0.0472118 0)
(2.14289 0.0476865 0)
(2.15895 0.0477575 0)
(2.17392 0.0495461 0)
(2.18317 0.0553032 0)
(2.18361 0.0605928 0)
(2.19464 0.051618 0)
(1.55902 0.927731 0)
(1.78737 0.860447 0)
(1.99998 0.746792 0)
(2.19544 0.590745 0)
(2.32824 0.424694 0)
(2.39885 0.345893 0)
(2.44267 0.248126 0)
(2.57085 0.0754025 0)
(2.63298 -0.0929073 0)
(2.66149 -0.17357 0)
(2.68456 -0.183975 0)
(2.68818 -0.214025 0)
(2.68667 -0.279769 0)
(2.70581 -0.341695 0)
(2.72664 -0.395902 0)
(2.75116 -0.448808 0)
(2.76478 -0.450376 0)
(2.74902 -0.426861 0)
(2.70827 -0.373259 0)
(2.67532 -0.314508 0)
(2.64835 -0.268127 0)
(2.62343 -0.198191 0)
(2.62509 -0.157631 0)
(2.61723 -0.111744 0)
(2.58827 -0.0800468 0)
(2.56919 -0.0678459 0)
(2.51258 -0.116404 0)
(2.26702 -0.378817 0)
(2.09094 -0.482388 0)
(1.46839 -0.164019 0)
(1.36074 -0.0484862 0)
(1.43469 -0.0519265 0)
(1.47643 -0.0913859 0)
(1.49997 -0.0959922 0)
(1.50711 -0.0861707 0)
(1.50495 -0.0674666 0)
(1.51577 -0.0635987 0)
(1.5342 -0.0679223 0)
(1.56053 -0.0805718 0)
(1.58025 -0.0870595 0)
(1.59118 -0.0838678 0)
(1.5979 -0.071612 0)
(1.59813 -0.0546365 0)
(1.60505 -0.0465192 0)
(1.6193 -0.0463394 0)
(1.63651 -0.0482747 0)
(1.6555 -0.049301 0)
(1.67052 -0.0476211 0)
(1.68372 -0.041277 0)
(1.69283 -0.0306525 0)
(1.70098 -0.0221042 0)
(1.71611 -0.020666 0)
(1.7329 -0.0226487 0)
(1.75079 -0.0256272 0)
(1.76635 -0.0259792 0)
(1.78037 -0.0233619 0)
(1.793 -0.0145827 0)
(1.80248 -0.00228429 0)
(1.81205 0.00460142 0)
(1.82666 0.00508503 0)
(1.8427 0.00461403 0)
(1.85843 0.00473772 0)
(1.87298 0.0060319 0)
(1.88524 0.0109839 0)
(1.89332 0.0213139 0)
(1.8992 0.0295771 0)
(1.90967 0.0298963 0)
(1.92302 0.0258585 0)
(1.9364 0.0202575 0)
(1.94979 0.0155484 0)
(1.96381 0.0142185 0)
(1.97777 0.0177675 0)
(1.98938 0.027631 0)
(1.9971 0.0397647 0)
(2.00483 0.0462458 0)
(2.01619 0.0453815 0)
(2.02859 0.039836 0)
(2.03957 0.0316023 0)
(2.04908 0.0251031 0)
(2.05981 0.0249682 0)
(2.072 0.0303116 0)
(2.08315 0.0381632 0)
(2.09352 0.045766 0)
(2.10502 0.0507518 0)
(2.11726 0.0530717 0)
(2.12888 0.053582 0)
(2.13737 0.0533664 0)
(2.14136 0.0552002 0)
(2.14715 0.0593467 0)
(2.15962 0.061604 0)
(2.17475 0.0620637 0)
(2.19066 0.0621298 0)
(2.20572 0.0615473 0)
(2.21672 0.0609944 0)
(2.21502 0.0606091 0)
(2.21945 0.0570583 0)
(1.53313 0.894758 0)
(1.72347 0.836485 0)
(1.90381 0.7484 0)
(2.03522 0.67653 0)
(2.18705 0.547747 0)
(2.30907 0.380905 0)
(2.38281 0.2961 0)
(2.42017 0.251497 0)
(2.49426 0.132947 0)
(2.57149 0.00382189 0)
(2.6113 -0.097055 0)
(2.64873 -0.165778 0)
(2.67291 -0.217195 0)
(2.67722 -0.281144 0)
(2.70717 -0.332052 0)
(2.72805 -0.385689 0)
(2.72901 -0.428932 0)
(2.73441 -0.444504 0)
(2.73226 -0.429173 0)
(2.7153 -0.404851 0)
(2.70502 -0.382339 0)
(2.68232 -0.346623 0)
(2.66145 -0.284703 0)
(2.644 -0.191962 0)
(2.6069 -0.176362 0)
(2.57389 -0.202966 0)
(2.32588 -0.446818 0)
(2.17947 -0.536022 0)
(2.11762 -0.661156 0)
(1.87738 -0.474974 0)
(1.52936 -0.176941 0)
(1.48871 -0.0886124 0)
(1.52007 -0.0669464 0)
(1.56298 -0.0761727 0)
(1.5846 -0.0790682 0)
(1.58518 -0.0804858 0)
(1.58269 -0.0816284 0)
(1.5949 -0.0830883 0)
(1.61509 -0.0826852 0)
(1.64311 -0.0805744 0)
(1.65979 -0.0754036 0)
(1.66913 -0.06962 0)
(1.67021 -0.057193 0)
(1.66494 -0.0423198 0)
(1.6729 -0.0364533 0)
(1.68774 -0.0344159 0)
(1.70929 -0.0323265 0)
(1.73041 -0.0308029 0)
(1.74521 -0.0296848 0)
(1.75859 -0.0261304 0)
(1.76523 -0.019075 0)
(1.77201 -0.0130241 0)
(1.78644 -0.0111642 0)
(1.80318 -0.00869351 0)
(1.82136 -0.00523386 0)
(1.83607 -0.00307623 0)
(1.85003 -0.00132267 0)
(1.85998 0.00254186 0)
(1.86412 0.00903652 0)
(1.87477 0.0143709 0)
(1.89115 0.017372 0)
(1.90859 0.0219613 0)
(1.92464 0.0255904 0)
(1.93962 0.0276152 0)
(1.95044 0.0295393 0)
(1.95347 0.031133 0)
(1.95686 0.0306206 0)
(1.96784 0.028899 0)
(1.98193 0.0284368 0)
(1.997 0.0292862 0)
(2.01267 0.0328616 0)
(2.02835 0.0377362 0)
(2.04294 0.0425146 0)
(2.05144 0.048687 0)
(2.05231 0.051469 0)
(2.05673 0.0477052 0)
(2.06675 0.0431393 0)
(2.07849 0.0410006 0)
(2.09172 0.0420299 0)
(2.10541 0.0450818 0)
(2.11813 0.0494629 0)
(2.12834 0.0559661 0)
(2.13523 0.0635515 0)
(2.14262 0.0680414 0)
(2.15273 0.0695713 0)
(2.16339 0.0705709 0)
(2.17241 0.0720359 0)
(2.17881 0.0748003 0)
(2.18429 0.0782311 0)
(2.1938 0.078936 0)
(2.20776 0.0769899 0)
(2.22278 0.0743788 0)
(2.23704 0.0710889 0)
(2.24812 0.067487 0)
(2.24944 0.069549 0)
(2.25179 0.0747013 0)
(1.51698 0.859286 0)
(1.67499 0.820793 0)
(1.82976 0.75694 0)
(1.96248 0.690106 0)
(2.08761 0.603082 0)
(2.20421 0.485632 0)
(2.29544 0.38778 0)
(2.36403 0.30251 0)
(2.41585 0.236397 0)
(2.46797 0.160144 0)
(2.54673 0.0592826 0)
(2.5909 -0.0463082 0)
(2.61367 -0.121063 0)
(2.63329 -0.135298 0)
(2.62725 -0.13742 0)
(2.65089 -0.216907 0)
(2.65735 -0.271639 0)
(2.66489 -0.310252 0)
(2.69852 -0.346791 0)
(2.70933 -0.388603 0)
(2.71678 -0.388963 0)
(2.71154 -0.374934 0)
(2.69578 -0.366827 0)
(2.68137 -0.348353 0)
(2.61173 -0.372959 0)
(2.36261 -0.586109 0)
(2.18859 -0.786278 0)
(2.1212 -0.789693 0)
(2.0684 -0.763328 0)
(2.03995 -0.705659 0)
(1.87634 -0.505426 0)
(1.60421 -0.199306 0)
(1.56178 -0.0920492 0)
(1.58188 -0.083534 0)
(1.60446 -0.0797551 0)
(1.61531 -0.0855354 0)
(1.61078 -0.0825311 0)
(1.61938 -0.0801522 0)
(1.63546 -0.076038 0)
(1.66197 -0.0703833 0)
(1.68416 -0.0682476 0)
(1.6963 -0.0658554 0)
(1.70297 -0.0594706 0)
(1.69853 -0.046442 0)
(1.69961 -0.03233 0)
(1.71295 -0.0270764 0)
(1.73174 -0.0231654 0)
(1.75606 -0.0222959 0)
(1.77413 -0.0227632 0)
(1.78847 -0.022691 0)
(1.79851 -0.0182269 0)
(1.80372 -0.00716537 0)
(1.81364 0.00248178 0)
(1.82811 0.00539939 0)
(1.84405 0.00653572 0)
(1.86051 0.00545516 0)
(1.87487 0.00481124 0)
(1.88517 0.00695921 0)
(1.89154 0.0157775 0)
(1.89982 0.0283653 0)
(1.91479 0.0354049 0)
(1.93107 0.0372461 0)
(1.9485 0.0370033 0)
(1.96483 0.0342004 0)
(1.97603 0.0312549 0)
(1.98134 0.0322251 0)
(1.98467 0.0381009 0)
(1.99461 0.0439364 0)
(2.00987 0.0468475 0)
(2.02663 0.0498146 0)
(2.04405 0.0529696 0)
(2.05985 0.0544531 0)
(2.07527 0.0546296 0)
(2.08424 0.0535811 0)
(2.08209 0.0529973 0)
(2.08306 0.0528725 0)
(2.09468 0.0528719 0)
(2.10945 0.0541222 0)
(2.12448 0.0574395 0)
(2.13973 0.0626585 0)
(2.15329 0.0669174 0)
(2.16378 0.0717286 0)
(2.16817 0.0774523 0)
(2.17103 0.0817519 0)
(2.17927 0.0842154 0)
(2.1909 0.0868488 0)
(2.20275 0.0903592 0)
(2.21247 0.0946641 0)
(2.21827 0.0982001 0)
(2.22379 0.0977953 0)
(2.23483 0.0931328 0)
(2.24794 0.0874787 0)
(2.2607 0.081206 0)
(2.27158 0.0755408 0)
(2.27935 0.0763738 0)
(2.28865 0.0843851 0)
(1.51014 0.846228 0)
(1.64093 0.816074 0)
(1.77712 0.765178 0)
(1.89538 0.711775 0)
(2.00941 0.639071 0)
(2.11362 0.557794 0)
(2.20683 0.480243 0)
(2.30071 0.376763 0)
(2.36004 0.281731 0)
(2.40396 0.247579 0)
(2.43197 0.207539 0)
(2.49985 0.112295 0)
(2.55436 0.0112601 0)
(2.57494 -0.065117 0)
(2.59874 -0.0963487 0)
(2.60754 -0.110998 0)
(2.62845 -0.193466 0)
(2.62939 -0.222945 0)
(2.66002 -0.264641 0)
(2.69198 -0.327412 0)
(2.7107 -0.354335 0)
(2.72672 -0.364387 0)
(2.6955 -0.401976 0)
(2.65106 -0.449614 0)
(2.40378 -0.684562 0)
(2.18946 -0.866823 0)
(2.14003 -0.948847 0)
(2.11534 -0.901039 0)
(2.1041 -0.867003 0)
(2.09536 -0.840167 0)
(2.07076 -0.780197 0)
(1.93486 -0.571327 0)
(1.69493 -0.229395 0)
(1.6214 -0.113713 0)
(1.61739 -0.103707 0)
(1.62206 -0.0900191 0)
(1.62746 -0.0840022 0)
(1.63416 -0.0749566 0)
(1.6478 -0.0675934 0)
(1.66743 -0.0572617 0)
(1.68824 -0.0540713 0)
(1.70349 -0.0566157 0)
(1.71495 -0.0560819 0)
(1.72119 -0.0473515 0)
(1.7218 -0.0308465 0)
(1.72983 -0.0179188 0)
(1.7448 -0.0142982 0)
(1.7641 -0.013671 0)
(1.78701 -0.0135625 0)
(1.80336 -0.009231 0)
(1.81725 -0.00326657 0)
(1.82777 0.00454875 0)
(1.83259 0.0122785 0)
(1.83851 0.0150449 0)
(1.85077 0.0140326 0)
(1.8663 0.0141884 0)
(1.88248 0.0154361 0)
(1.89761 0.0199962 0)
(1.91055 0.0281624 0)
(1.92012 0.0386709 0)
(1.92782 0.0460341 0)
(1.9389 0.0463879 0)
(1.95354 0.0436378 0)
(1.96908 0.0410331 0)
(1.98453 0.0392693 0)
(1.99737 0.0406215 0)
(2.00752 0.0479943 0)
(2.01566 0.0592647 0)
(2.02675 0.0677671 0)
(2.04191 0.0702974 0)
(2.05811 0.0698837 0)
(2.07354 0.0664649 0)
(2.0861 0.0612347 0)
(2.09445 0.0556483 0)
(2.09695 0.0559526 0)
(2.10033 0.0646459 0)
(2.1112 0.0745536 0)
(2.12577 0.0814925 0)
(2.14118 0.0874263 0)
(2.15585 0.091121 0)
(2.17081 0.0925244 0)
(2.18363 0.0919195 0)
(2.18748 0.0918365 0)
(2.18824 0.0947212 0)
(2.19717 0.0981471 0)
(2.21035 0.100925 0)
(2.2241 0.103739 0)
(2.23637 0.107105 0)
(2.24355 0.110621 0)
(2.24621 0.112043 0)
(2.25285 0.108702 0)
(2.26311 0.103243 0)
(2.27449 0.0976425 0)
(2.28623 0.0933724 0)
(2.29836 0.093937 0)
(2.31661 0.0987267 0)
(1.51052 0.830336 0)
(1.62735 0.803125 0)
(1.73958 0.770411 0)
(1.83922 0.732524 0)
(1.9603 0.655914 0)
(2.06319 0.577519 0)
(2.12774 0.543043 0)
(2.19501 0.479161 0)
(2.29026 0.375413 0)
(2.35553 0.289286 0)
(2.39777 0.236313 0)
(2.42181 0.21218 0)
(2.4455 0.158513 0)
(2.51259 0.0727156 0)
(2.54882 -0.0141996 0)
(2.57337 -0.0533825 0)
(2.59139 -0.0799468 0)
(2.59884 -0.122555 0)
(2.61269 -0.146081 0)
(2.64801 -0.191929 0)
(2.66171 -0.222156 0)
(2.66132 -0.297488 0)
(2.61479 -0.417459 0)
(2.45804 -0.631216 0)
(2.2085 -0.836744 0)
(2.07566 -0.945495 0)
(2.09185 -0.949441 0)
(2.1163 -0.944501 0)
(2.13521 -0.938921 0)
(2.13891 -0.927157 0)
(2.1337 -0.916145 0)
(2.12059 -0.87888 0)
(2.0187 -0.711943 0)
(1.79367 -0.366337 0)
(1.66414 -0.168237 0)
(1.63349 -0.110594 0)
(1.64591 -0.0881124 0)
(1.66056 -0.0736755 0)
(1.66599 -0.0621184 0)
(1.68138 -0.0483963 0)
(1.6944 -0.0440569 0)
(1.70628 -0.0457224 0)
(1.72216 -0.0482489 0)
(1.73602 -0.0468749 0)
(1.74653 -0.0370515 0)
(1.75154 -0.0215254 0)
(1.76117 -0.0115747 0)
(1.7759 -0.00768821 0)
(1.79458 -0.00381522 0)
(1.81607 -0.000527935 0)
(1.83195 0.00203011 0)
(1.84511 0.00630422 0)
(1.85026 0.0143715 0)
(1.85125 0.0197354 0)
(1.86232 0.0206565 0)
(1.87703 0.021292 0)
(1.89329 0.0235073 0)
(1.91025 0.0283635 0)
(1.92524 0.0340027 0)
(1.93596 0.0422717 0)
(1.93887 0.0505539 0)
(1.94625 0.0527546 0)
(1.96157 0.0521282 0)
(1.97748 0.0521604 0)
(1.99366 0.0541082 0)
(2.01039 0.0593126 0)
(2.02548 0.0651391 0)
(2.03762 0.072885 0)
(2.04469 0.0809546 0)
(2.05138 0.0834955 0)
(2.06252 0.0806932 0)
(2.07465 0.0756593 0)
(2.0848 0.070181 0)
(2.09447 0.0684714 0)
(2.10716 0.0714389 0)
(2.11953 0.0801094 0)
(2.12987 0.0937141 0)
(2.13883 0.105051 0)
(2.14957 0.109966 0)
(2.1617 0.110034 0)
(2.17419 0.108125 0)
(2.18523 0.106222 0)
(2.19428 0.105153 0)
(2.20119 0.107966 0)
(2.20961 0.114108 0)
(2.22114 0.118416 0)
(2.23383 0.120421 0)
(2.24595 0.121825 0)
(2.25362 0.123824 0)
(2.25409 0.126612 0)
(2.25685 0.126558 0)
(2.26872 0.124413 0)
(2.28207 0.122557 0)
(2.2957 0.12229 0)
(2.31054 0.123712 0)
(2.33147 0.124938 0)
(1.51419 0.828975 0)
(1.61488 0.805902 0)
(1.70768 0.782785 0)
(1.80573 0.743684 0)
(1.91357 0.6797 0)
(1.99939 0.627902 0)
(2.067 0.585512 0)
(2.14848 0.516383 0)
(2.22361 0.448889 0)
(2.28265 0.38918 0)
(2.34527 0.315391 0)
(2.3852 0.238391 0)
(2.4192 0.20568 0)
(2.44219 0.179116 0)
(2.49722 0.102335 0)
(2.52856 0.0236765 0)
(2.55272 -0.00838364 0)
(2.57256 -0.0290704 0)
(2.60554 -0.087072 0)
(2.61769 -0.112389 0)
(2.59915 -0.182294 0)
(2.56091 -0.304132 0)
(2.39162 -0.571974 0)
(2.23274 -0.757042 0)
(2.09224 -0.85879 0)
(2.09678 -0.895618 0)
(2.11757 -0.902378 0)
(2.13373 -0.903178 0)
(2.1474 -0.911303 0)
(2.16076 -0.927879 0)
(2.16572 -0.931619 0)
(2.16435 -0.930078 0)
(2.1417 -0.903451 0)
(2.09316 -0.82369 0)
(1.91548 -0.54466 0)
(1.74432 -0.25215 0)
(1.69845 -0.130129 0)
(1.69184 -0.0795167 0)
(1.69835 -0.0634748 0)
(1.70201 -0.0516938 0)
(1.70482 -0.0412848 0)
(1.71759 -0.0409078 0)
(1.73441 -0.0411286 0)
(1.7541 -0.038757 0)
(1.76809 -0.0349776 0)
(1.77667 -0.0242317 0)
(1.77916 -0.00994775 0)
(1.7907 -0.00279436 0)
(1.80716 0.00235666 0)
(1.82694 0.00803369 0)
(1.84242 0.0113697 0)
(1.85653 0.0141442 0)
(1.86471 0.0186623 0)
(1.86359 0.0257624 0)
(1.87119 0.0304592 0)
(1.88536 0.0322274 0)
(1.90169 0.0356717 0)
(1.91894 0.0404752 0)
(1.93455 0.0443005 0)
(1.94756 0.0496165 0)
(1.95073 0.0570031 0)
(1.95328 0.0632304 0)
(1.96768 0.0658826 0)
(1.98411 0.0674034 0)
(2.00345 0.0699013 0)
(2.02281 0.0736828 0)
(2.03921 0.0759909 0)
(2.05373 0.079847 0)
(2.05981 0.0856003 0)
(2.05995 0.0885926 0)
(2.0653 0.0868983 0)
(2.07583 0.0853365 0)
(2.08922 0.0863071 0)
(2.10423 0.0887005 0)
(2.12005 0.0957199 0)
(2.13479 0.10272 0)
(2.14792 0.109047 0)
(2.15536 0.116473 0)
(2.15863 0.121097 0)
(2.16541 0.120951 0)
(2.17611 0.119705 0)
(2.188 0.119707 0)
(2.20021 0.121612 0)
(2.21189 0.12558 0)
(2.22205 0.130876 0)
(2.23145 0.133951 0)
(2.24237 0.133669 0)
(2.25342 0.130843 0)
(2.26195 0.127686 0)
(2.26689 0.129993 0)
(2.26962 0.138505 0)
(2.27803 0.146902 0)
(2.29128 0.150066 0)
(2.30482 0.151991 0)
(2.31726 0.151507 0)
(2.33774 0.148837 0)
(1.52332 0.821117 0)
(1.6099 0.805003 0)
(1.69143 0.785371 0)
(1.78942 0.743096 0)
(1.88311 0.692838 0)
(1.94648 0.668726 0)
(2.01789 0.623896 0)
(2.11804 0.537334 0)
(2.19091 0.467801 0)
(2.22548 0.452669 0)
(2.26124 0.410657 0)
(2.33846 0.318809 0)
(2.39126 0.237615 0)
(2.42146 0.212497 0)
(2.42788 0.19509 0)
(2.47096 0.127512 0)
(2.5072 0.0738839 0)
(2.55087 0.0368857 0)
(2.57746 0.0164136 0)
(2.54004 -0.0690593 0)
(2.48474 -0.20549 0)
(2.34332 -0.465172 0)
(2.20036 -0.675163 0)
(2.08958 -0.788686 0)
(2.1005 -0.791633 0)
(2.10437 -0.79566 0)
(2.11063 -0.819857 0)
(2.12011 -0.836526 0)
(2.13971 -0.869726 0)
(2.15211 -0.895731 0)
(2.16627 -0.908282 0)
(2.17671 -0.911908 0)
(2.17221 -0.897188 0)
(2.15865 -0.890247 0)
(2.14356 -0.857187 0)
(2.05726 -0.698776 0)
(1.86075 -0.356436 0)
(1.79366 -0.16093 0)
(1.75302 -0.087265 0)
(1.73623 -0.0678892 0)
(1.73068 -0.0405771 0)
(1.73627 -0.0359273 0)
(1.75402 -0.0351938 0)
(1.77709 -0.0310738 0)
(1.7919 -0.0254454 0)
(1.80272 -0.0185265 0)
(1.80426 -0.00549234 0)
(1.81055 0.00454301 0)
(1.82499 0.00801406 0)
(1.84331 0.0132816 0)
(1.85968 0.0178601 0)
(1.87379 0.0213825 0)
(1.88316 0.0267372 0)
(1.8825 0.0349788 0)
(1.88621 0.0413237 0)
(1.89993 0.0436848 0)
(1.91613 0.0470183 0)
(1.93334 0.0506561 0)
(1.9486 0.0524041 0)
(1.96269 0.0551223 0)
(1.96944 0.0623324 0)
(1.96967 0.073907 0)
(1.98029 0.0804081 0)
(1.99569 0.0833157 0)
(2.01199 0.0873787 0)
(2.02862 0.0887632 0)
(2.04572 0.0893436 0)
(2.0609 0.0907514 0)
(2.06902 0.0934368 0)
(2.06742 0.0971973 0)
(2.07028 0.0999773 0)
(2.08305 0.102365 0)
(2.09818 0.105558 0)
(2.11462 0.111928 0)
(2.13126 0.118373 0)
(2.14652 0.122215 0)
(2.15973 0.125962 0)
(2.1659 0.129895 0)
(2.16388 0.132419 0)
(2.16811 0.132624 0)
(2.17991 0.133158 0)
(2.19375 0.135209 0)
(2.20741 0.139409 0)
(2.21934 0.145124 0)
(2.22861 0.149278 0)
(2.23507 0.149912 0)
(2.24191 0.146409 0)
(2.25186 0.143566 0)
(2.26481 0.142393 0)
(2.27797 0.142911 0)
(2.28815 0.149094 0)
(2.29321 0.162215 0)
(2.29674 0.170963 0)
(2.30542 0.170981 0)
(2.31687 0.164244 0)
(2.333 0.159675 0)
(1.5263 0.827617 0)
(1.60127 0.815055 0)
(1.67871 0.793704 0)
(1.76738 0.754879 0)
(1.84193 0.723519 0)
(1.90564 0.698051 0)
(1.99122 0.643028 0)
(2.07299 0.572849 0)
(2.12559 0.53587 0)
(2.1649 0.508256 0)
(2.23221 0.441356 0)
(2.29459 0.373721 0)
(2.33731 0.326638 0)
(2.36631 0.29323 0)
(2.40451 0.233361 0)
(2.43747 0.191189 0)
(2.48069 0.144304 0)
(2.51536 0.116843 0)
(2.49681 0.0350608 0)
(2.42769 -0.109114 0)
(2.24626 -0.382021 0)
(2.15448 -0.577298 0)
(2.07743 -0.698961 0)
(2.08915 -0.707833 0)
(2.10412 -0.711262 0)
(2.10568 -0.731787 0)
(2.09632 -0.75998 0)
(2.10793 -0.777314 0)
(2.1245 -0.800272 0)
(2.139 -0.822461 0)
(2.15497 -0.839386 0)
(2.16889 -0.856135 0)
(2.17688 -0.872882 0)
(2.17441 -0.868577 0)
(2.1846 -0.858417 0)
(2.18324 -0.8522 0)
(2.14526 -0.769096 0)
(2.03214 -0.533884 0)
(1.88726 -0.260966 0)
(1.82646 -0.131861 0)
(1.77687 -0.0623117 0)
(1.7642 -0.0347028 0)
(1.78468 -0.0257664 0)
(1.80795 -0.0205148 0)
(1.82102 -0.018351 0)
(1.83319 -0.0126539 0)
(1.83692 -0.00426584 0)
(1.83967 0.00845282 0)
(1.85113 0.0168265 0)
(1.86654 0.0219763 0)
(1.88195 0.0257108 0)
(1.89568 0.0272656 0)
(1.90714 0.0301255 0)
(1.91173 0.0380695 0)
(1.91137 0.0515936 0)
(1.9203 0.0597683 0)
(1.93499 0.0626271 0)
(1.95104 0.0647766 0)
(1.96613 0.0654192 0)
(1.9806 0.066266 0)
(1.99205 0.0703434 0)
(1.99683 0.0816179 0)
(1.99931 0.094725 0)
(2.01056 0.0999794 0)
(2.02634 0.100878 0)
(2.04212 0.100922 0)
(2.05718 0.10087 0)
(2.07057 0.10033 0)
(2.07978 0.100595 0)
(2.08095 0.105449 0)
(2.08392 0.11421 0)
(2.09735 0.120462 0)
(2.11192 0.12598 0)
(2.1269 0.131784 0)
(2.14122 0.136083 0)
(2.15387 0.139765 0)
(2.16356 0.142329 0)
(2.16876 0.144075 0)
(2.17023 0.145125 0)
(2.17584 0.146626 0)
(2.18883 0.148938 0)
(2.20337 0.152055 0)
(2.21755 0.155399 0)
(2.23087 0.158379 0)
(2.23895 0.161303 0)
(2.23958 0.162691 0)
(2.2462 0.162209 0)
(2.25971 0.162128 0)
(2.27282 0.163625 0)
(2.28677 0.166433 0)
(2.30118 0.170125 0)
(2.30802 0.176468 0)
(2.30523 0.182029 0)
(2.30611 0.182181 0)
(2.3145 0.175774 0)
(2.32862 0.172523 0)
(1.53744 0.824409 0)
(1.60333 0.814257 0)
(1.67781 0.79128 0)
(1.75582 0.760458 0)
(1.81881 0.74133 0)
(1.88558 0.709538 0)
(1.97263 0.65047 0)
(2.04091 0.599926 0)
(2.07893 0.585622 0)
(2.12871 0.545504 0)
(2.21016 0.465129 0)
(2.26851 0.399282 0)
(2.29123 0.392051 0)
(2.32289 0.361469 0)
(2.37916 0.293543 0)
(2.42414 0.230962 0)
(2.44963 0.203622 0)
(2.42846 0.113436 0)
(2.36945 -0.0392043 0)
(2.16358 -0.309348 0)
(2.08403 -0.469273 0)
(2.05988 -0.573097 0)
(2.06242 -0.611494 0)
(2.07947 -0.6308 0)
(2.09641 -0.652736 0)
(2.10117 -0.676126 0)
(2.08549 -0.693647 0)
(2.08852 -0.711328 0)
(2.1067 -0.730525 0)
(2.12637 -0.75916 0)
(2.14294 -0.779777 0)
(2.16097 -0.794486 0)
(2.1782 -0.805285 0)
(2.18545 -0.817881 0)
(2.18603 -0.819609 0)
(2.2014 -0.821507 0)
(2.20698 -0.822769 0)
(2.20592 -0.801187 0)
(2.14803 -0.671695 0)
(2.0338 -0.435608 0)
(1.89388 -0.201235 0)
(1.84868 -0.084103 0)
(1.82627 -0.0266698 0)
(1.83123 -0.0108435 0)
(1.84915 -0.00212779 0)
(1.86615 -0.00194334 0)
(1.87331 -0.000345294 0)
(1.87727 0.00971771 0)
(1.88502 0.024707 0)
(1.89561 0.0356596 0)
(1.90691 0.0404255 0)
(1.91916 0.0413705 0)
(1.9313 0.0416696 0)
(1.94112 0.0441257 0)
(1.94706 0.0531444 0)
(1.95215 0.0669566 0)
(1.96161 0.0769371 0)
(1.97468 0.0807359 0)
(1.98858 0.0819356 0)
(2.00206 0.0830669 0)
(2.01525 0.0852126 0)
(2.02569 0.0909862 0)
(2.02976 0.10237 0)
(2.03251 0.111932 0)
(2.04293 0.113883 0)
(2.05696 0.113783 0)
(2.071 0.113483 0)
(2.0838 0.113578 0)
(2.09449 0.114929 0)
(2.10166 0.120845 0)
(2.10567 0.13273 0)
(2.11271 0.142516 0)
(2.12559 0.146671 0)
(2.13973 0.14895 0)
(2.15375 0.151372 0)
(2.16621 0.154071 0)
(2.17538 0.15652 0)
(2.18009 0.158283 0)
(2.18273 0.160037 0)
(2.18967 0.163438 0)
(2.20119 0.167095 0)
(2.21439 0.169542 0)
(2.22823 0.171145 0)
(2.24057 0.172131 0)
(2.24809 0.173664 0)
(2.24848 0.178575 0)
(2.2494 0.185348 0)
(2.25863 0.187808 0)
(2.27318 0.188337 0)
(2.2879 0.18835 0)
(2.30237 0.18814 0)
(2.31497 0.187909 0)
(2.31718 0.189964 0)
(2.31276 0.192892 0)
(2.31595 0.192577 0)
(2.33248 0.192697 0)
(1.53989 0.840229 0)
(1.59954 0.826933 0)
(1.66751 0.803667 0)
(1.73406 0.779639 0)
(1.79334 0.760927 0)
(1.8649 0.724231 0)
(1.94013 0.671913 0)
(1.99171 0.645731 0)
(2.0344 0.625458 0)
(2.10579 0.571283 0)
(2.17647 0.497473 0)
(2.21198 0.468273 0)
(2.24389 0.450655 0)
(2.29149 0.412313 0)
(2.34656 0.350805 0)
(2.3733 0.294197 0)
(2.34702 0.176725 0)
(2.27196 -0.0278863 0)
(2.12173 -0.26725 0)
(2.01398 -0.411533 0)
(2.01365 -0.488154 0)
(2.01948 -0.50537 0)
(2.0409 -0.537201 0)
(2.0634 -0.573575 0)
(2.07769 -0.605283 0)
(2.08845 -0.627226 0)
(2.08503 -0.640655 0)
(2.07571 -0.654162 0)
(2.09274 -0.67276 0)
(2.11378 -0.695516 0)
(2.13264 -0.717811 0)
(2.15162 -0.733282 0)
(2.1704 -0.745766 0)
(2.18761 -0.755244 0)
(2.19528 -0.766745 0)
(2.20247 -0.774778 0)
(2.2116 -0.776549 0)
(2.24233 -0.782002 0)
(2.2466 -0.784071 0)
(2.23695 -0.734704 0)
(2.15508 -0.574269 0)
(2.03396 -0.326324 0)
(1.94981 -0.14155 0)
(1.89034 -0.0231723 0)
(1.88525 -0.0149832 0)
(1.89576 0.00396909 0)
(1.90649 0.0206963 0)
(1.91717 0.0171899 0)
(1.92594 0.022668 0)
(1.93448 0.0381111 0)
(1.93869 0.0493765 0)
(1.94691 0.0564122 0)
(1.95835 0.0585097 0)
(1.97019 0.0588126 0)
(1.98144 0.0615597 0)
(1.99091 0.0708022 0)
(1.9978 0.0849753 0)
(2.00397 0.0960429 0)
(2.0145 0.100056 0)
(2.02727 0.100998 0)
(2.04049 0.101667 0)
(2.05329 0.103311 0)
(2.06211 0.109119 0)
(2.06376 0.120625 0)
(2.06478 0.129358 0)
(2.07532 0.130041 0)
(2.08891 0.129338 0)
(2.10251 0.13007 0)
(2.11543 0.133366 0)
(2.12685 0.139593 0)
(2.13382 0.148996 0)
(2.13586 0.158592 0)
(2.14334 0.162148 0)
(2.15592 0.162505 0)
(2.16919 0.162907 0)
(2.18203 0.16431 0)
(2.19249 0.16729 0)
(2.19858 0.172351 0)
(2.20059 0.178529 0)
(2.20594 0.182955 0)
(2.21633 0.184329 0)
(2.2281 0.185124 0)
(2.2395 0.186692 0)
(2.24995 0.188666 0)
(2.25885 0.190935 0)
(2.26514 0.195345 0)
(2.26886 0.201986 0)
(2.27307 0.207415 0)
(2.28208 0.208377 0)
(2.29363 0.207202 0)
(2.30589 0.204042 0)
(2.31773 0.19952 0)
(2.32562 0.196741 0)
(2.32503 0.203018 0)
(2.32202 0.215322 0)
(2.33306 0.221267 0)
(1.55576 0.840137 0)
(1.60889 0.824457 0)
(1.67054 0.802852 0)
(1.72839 0.785753 0)
(1.78376 0.765828 0)
(1.85419 0.727981 0)
(1.91922 0.689321 0)
(1.96325 0.675446 0)
(2.01374 0.643057 0)
(2.09099 0.580159 0)
(2.14623 0.531149 0)
(2.17137 0.523765 0)
(2.21612 0.4986 0)
(2.27291 0.442449 0)
(2.29464 0.36374 0)
(2.26586 0.234274 0)
(2.14052 -0.000961879 0)
(2.06931 -0.210359 0)
(2.00055 -0.330772 0)
(1.98338 -0.399887 0)
(1.98247 -0.414207 0)
(1.99681 -0.445746 0)
(2.01638 -0.474937 0)
(2.0408 -0.514736 0)
(2.05713 -0.548973 0)
(2.07266 -0.571557 0)
(2.08098 -0.589395 0)
(2.07409 -0.602968 0)
(2.07903 -0.620849 0)
(2.10151 -0.639682 0)
(2.12253 -0.658351 0)
(2.14457 -0.674804 0)
(2.16659 -0.690494 0)
(2.18636 -0.703212 0)
(2.20357 -0.709858 0)
(2.21054 -0.716696 0)
(2.21931 -0.726568 0)
(2.24087 -0.733662 0)
(2.26022 -0.742949 0)
(2.28088 -0.750903 0)
(2.28482 -0.738588 0)
(2.26242 -0.656488 0)
(2.18414 -0.477397 0)
(2.05035 -0.22764 0)
(1.99199 -0.0999921 0)
(1.94862 -0.010461 0)
(1.94177 0.0185534 0)
(1.95305 0.0318336 0)
(1.96981 0.0379317 0)
(1.97644 0.042346 0)
(1.97691 0.0550848 0)
(1.9789 0.0716207 0)
(1.98932 0.0745387 0)
(2.00187 0.0765227 0)
(2.01461 0.0800111 0)
(2.02654 0.0845323 0)
(2.03663 0.0927253 0)
(2.0417 0.105368 0)
(2.04547 0.115128 0)
(2.05501 0.11756 0)
(2.06726 0.117487 0)
(2.07995 0.117411 0)
(2.09128 0.119084 0)
(2.09796 0.125673 0)
(2.09812 0.137509 0)
(2.10048 0.14651 0)
(2.11227 0.149701 0)
(2.12548 0.151938 0)
(2.13916 0.154674 0)
(2.15251 0.15865 0)
(2.16145 0.165629 0)
(2.16043 0.175369 0)
(2.15849 0.180985 0)
(2.1685 0.18096 0)
(2.18199 0.180391 0)
(2.19603 0.180526 0)
(2.20951 0.182648 0)
(2.21952 0.18867 0)
(2.22116 0.1988 0)
(2.21622 0.206345 0)
(2.22115 0.20634 0)
(2.23445 0.204422 0)
(2.24875 0.203049 0)
(2.26277 0.203149 0)
(2.27566 0.206111 0)
(2.28656 0.211607 0)
(2.29179 0.219417 0)
(2.28987 0.226915 0)
(2.29102 0.228249 0)
(2.29852 0.225002 0)
(2.30863 0.221256 0)
(2.31874 0.218603 0)
(2.32896 0.216929 0)
(2.33937 0.218518 0)
(2.34529 0.228404 0)
(2.35206 0.240503 0)
(1.56738 0.860538 0)
(1.61569 0.840755 0)
(1.66792 0.820832 0)
(1.71611 0.806593 0)
(1.77152 0.782398 0)
(1.83746 0.743637 0)
(1.88945 0.718934 0)
(1.92953 0.704732 0)
(1.99489 0.662906 0)
(2.06219 0.604957 0)
(2.09538 0.587921 0)
(2.14028 0.568634 0)
(2.19149 0.535327 0)
(2.19423 0.431717 0)
(2.17006 0.269293 0)
(2.03454 0.0302922 0)
(1.94303 -0.158469 0)
(1.94297 -0.278458 0)
(1.94874 -0.342077 0)
(1.96591 -0.35473 0)
(1.96625 -0.369352 0)
(1.97116 -0.398042 0)
(1.99049 -0.42268 0)
(2.01793 -0.460819 0)
(2.03982 -0.497517 0)
(2.05894 -0.523054 0)
(2.07273 -0.544667 0)
(2.07432 -0.563587 0)
(2.07617 -0.580846 0)
(2.09806 -0.597657 0)
(2.1217 -0.612821 0)
(2.14486 -0.62426 0)
(2.16889 -0.633648 0)
(2.1913 -0.647863 0)
(2.20871 -0.660384 0)
(2.21919 -0.66836 0)
(2.22819 -0.676368 0)
(2.24608 -0.688863 0)
(2.26968 -0.697355 0)
(2.29381 -0.705118 0)
(2.31632 -0.711158 0)
(2.331 -0.711591 0)
(2.32197 -0.681956 0)
(2.28458 -0.5766 0)
(2.20216 -0.391832 0)
(2.07915 -0.160202 0)
(2.03211 -0.0455155 0)
(2.01363 0.0175239 0)
(2.01096 0.0397827 0)
(2.0115 0.0568048 0)
(2.01554 0.0642435 0)
(2.01897 0.0786176 0)
(2.02277 0.0887205 0)
(2.03511 0.0933854 0)
(2.04786 0.0985944 0)
(2.05978 0.103653 0)
(2.07191 0.107514 0)
(2.0799 0.114964 0)
(2.08088 0.125205 0)
(2.08503 0.131576 0)
(2.09488 0.133981 0)
(2.10658 0.135203 0)
(2.11874 0.136755 0)
(2.12939 0.140473 0)
(2.13481 0.149217 0)
(2.13481 0.162346 0)
(2.13889 0.171136 0)
(2.15002 0.174116 0)
(2.16332 0.175744 0)
(2.17669 0.177382 0)
(2.18678 0.179961 0)
(2.18756 0.185096 0)
(2.18228 0.190492 0)
(2.18961 0.192563 0)
(2.20212 0.194158 0)
(2.21523 0.196722 0)
(2.22882 0.200573 0)
(2.24132 0.206298 0)
(2.24648 0.214888 0)
(2.23793 0.222991 0)
(2.23612 0.224777 0)
(2.24782 0.223747 0)
(2.26077 0.223466 0)
(2.27439 0.224302 0)
(2.28939 0.225879 0)
(2.30454 0.229108 0)
(2.31381 0.236181 0)
(2.30906 0.245306 0)
(2.3003 0.247614 0)
(2.30651 0.24369 0)
(2.31744 0.240106 0)
(2.3296 0.238711 0)
(2.343 0.239859 0)
(2.35648 0.243069 0)
(2.36741 0.250168 0)
(2.37489 0.259197 0)
(1.5924 0.868271 0)
(1.63605 0.847838 0)
(1.67996 0.830737 0)
(1.72011 0.815607 0)
(1.77495 0.786749 0)
(1.83268 0.753515 0)
(1.87209 0.742176 0)
(1.91437 0.719654 0)
(1.98796 0.668373 0)
(2.03646 0.639012 0)
(2.07204 0.620922 0)
(2.11535 0.591585 0)
(2.10247 0.474848 0)
(2.04387 0.267197 0)
(1.96099 0.0467458 0)
(1.86383 -0.100173 0)
(1.87407 -0.171658 0)
(1.89658 -0.223473 0)
(1.92424 -0.263245 0)
(1.94935 -0.296172 0)
(1.95597 -0.324429 0)
(1.95249 -0.357232 0)
(1.97254 -0.386218 0)
(2.00004 -0.418765 0)
(2.02413 -0.450031 0)
(2.04621 -0.474467 0)
(2.06438 -0.497498 0)
(2.07392 -0.521714 0)
(2.07915 -0.539069 0)
(2.09852 -0.553008 0)
(2.12434 -0.566158 0)
(2.1496 -0.57937 0)
(2.17458 -0.590103 0)
(2.19839 -0.598875 0)
(2.21761 -0.608717 0)
(2.22826 -0.620181 0)
(2.23685 -0.626338 0)
(2.25376 -0.632318 0)
(2.27712 -0.641245 0)
(2.30138 -0.653852 0)
(2.32787 -0.662879 0)
(2.3487 -0.675258 0)
(2.37177 -0.671917 0)
(2.37293 -0.66006 0)
(2.36099 -0.614384 0)
(2.31422 -0.505363 0)
(2.22097 -0.309745 0)
(2.13287 -0.115269 0)
(2.09033 -0.00752176 0)
(2.06933 0.045859 0)
(2.05875 0.0651712 0)
(2.05595 0.0816372 0)
(2.05756 0.103962 0)
(2.06572 0.112294 0)
(2.07917 0.11728 0)
(2.09263 0.119617 0)
(2.10452 0.121549 0)
(2.11321 0.126368 0)
(2.11431 0.13663 0)
(2.11558 0.147098 0)
(2.12454 0.152218 0)
(2.13625 0.154383 0)
(2.14865 0.156164 0)
(2.1607 0.159447 0)
(2.16972 0.165873 0)
(2.17224 0.176205 0)
(2.17169 0.186374 0)
(2.17721 0.191633 0)
(2.18767 0.19437 0)
(2.19915 0.197098 0)
(2.20855 0.200541 0)
(2.21134 0.205181 0)
(2.20578 0.211236 0)
(2.20978 0.215034 0)
(2.22214 0.216848 0)
(2.23573 0.218522 0)
(2.25005 0.220378 0)
(2.26377 0.223304 0)
(2.27197 0.229425 0)
(2.26408 0.240405 0)
(2.25413 0.24804 0)
(2.26473 0.249112 0)
(2.27689 0.249319 0)
(2.29094 0.247607 0)
(2.30578 0.246472 0)
(2.32015 0.247883 0)
(2.33285 0.251381 0)
(2.33299 0.258206 0)
(2.31693 0.264614 0)
(2.31752 0.264189 0)
(2.33042 0.263582 0)
(2.34315 0.263923 0)
(2.35883 0.26631 0)
(2.37298 0.269882 0)
(2.3865 0.275395 0)
(2.39492 0.278513 0)
(1.61815 0.889403 0)
(1.6573 0.868235 0)
(1.68925 0.856087 0)
(1.72774 0.835751 0)
(1.78095 0.801245 0)
(1.82287 0.780625 0)
(1.85527 0.770315 0)
(1.9147 0.732029 0)
(1.97322 0.690442 0)
(2.0015 0.676864 0)
(2.03425 0.633758 0)
(2.01018 0.501861 0)
(1.91162 0.26017 0)
(1.85133 0.0314103 0)
(1.81636 -0.0912574 0)
(1.80874 -0.147932 0)
(1.84415 -0.160479 0)
(1.8739 -0.183162 0)
(1.90466 -0.222056 0)
(1.92978 -0.263025 0)
(1.94422 -0.296565 0)
(1.9445 -0.327626 0)
(1.96017 -0.355884 0)
(1.98804 -0.382108 0)
(2.0155 -0.411595 0)
(2.03998 -0.435192 0)
(2.06146 -0.458345 0)
(2.07589 -0.479708 0)
(2.08461 -0.495339 0)
(2.10453 -0.510631 0)
(2.13063 -0.522949 0)
(2.15724 -0.535184 0)
(2.1837 -0.548479 0)
(2.20799 -0.562762 0)
(2.22949 -0.571909 0)
(2.24446 -0.578655 0)
(2.253 -0.583589 0)
(2.26692 -0.588904 0)
(2.2884 -0.593275 0)
(2.31158 -0.602425 0)
(2.33486 -0.610396 0)
(2.35854 -0.615461 0)
(2.38358 -0.624384 0)
(2.39722 -0.637162 0)
(2.4103 -0.635139 0)
(2.40509 -0.605818 0)
(2.39473 -0.555757 0)
(2.34767 -0.446851 0)
(2.24089 -0.222062 0)
(2.18703 -0.0725122 0)
(2.14716 0.0210902 0)
(2.10432 0.0740172 0)
(2.09604 0.111674 0)
(2.09706 0.126225 0)
(2.10955 0.133385 0)
(2.12224 0.137794 0)
(2.13161 0.138608 0)
(2.14042 0.141499 0)
(2.14461 0.149606 0)
(2.14672 0.162072 0)
(2.15411 0.172545 0)
(2.16571 0.177342 0)
(2.17792 0.179793 0)
(2.19 0.182756 0)
(2.19998 0.18754 0)
(2.20469 0.194869 0)
(2.20374 0.203649 0)
(2.20528 0.20937 0)
(2.2135 0.212008 0)
(2.22429 0.214539 0)
(2.23422 0.217598 0)
(2.24016 0.221293 0)
(2.23849 0.227951 0)
(2.23692 0.236348 0)
(2.24622 0.240402 0)
(2.25995 0.241712 0)
(2.27376 0.242258 0)
(2.28658 0.242458 0)
(2.2961 0.243729 0)
(2.29624 0.251409 0)
(2.2848 0.267636 0)
(2.28558 0.275692 0)
(2.29799 0.27647 0)
(2.3103 0.275524 0)
(2.32473 0.270888 0)
(2.33823 0.266403 0)
(2.3508 0.263317 0)
(2.35489 0.262645 0)
(2.34211 0.274138 0)
(2.32903 0.288735 0)
(2.33713 0.294274 0)
(2.34858 0.29632 0)
(2.36181 0.29775 0)
(2.37578 0.296744 0)
(2.38728 0.299224 0)
(2.39982 0.290934 0)
(1.63743 0.907414 0)
(1.67077 0.890934 0)
(1.69914 0.87773 0)
(1.74495 0.84866 0)
(1.79031 0.815216 0)
(1.82227 0.805384 0)
(1.85794 0.786528 0)
(1.9183 0.742701 0)
(1.95267 0.723484 0)
(1.94515 0.640054 0)
(1.91669 0.494976 0)
(1.80411 0.261636 0)
(1.74997 0.08307 0)
(1.77257 -0.00344818 0)
(1.79024 -0.0338105 0)
(1.8199 -0.0789834 0)
(1.8316 -0.110002 0)
(1.852 -0.144137 0)
(1.88204 -0.186687 0)
(1.90904 -0.235222 0)
(1.9299 -0.265159 0)
(1.94126 -0.290201 0)
(1.95478 -0.317438 0)
(1.98316 -0.343896 0)
(2.01161 -0.371224 0)
(2.03838 -0.394079 0)
(2.06307 -0.41771 0)
(2.08189 -0.44166 0)
(2.09557 -0.457004 0)
(2.11344 -0.469766 0)
(2.14015 -0.484794 0)
(2.16704 -0.498386 0)
(2.19352 -0.509182 0)
(2.21854 -0.52137 0)
(2.24057 -0.533332 0)
(2.25861 -0.541116 0)
(2.27127 -0.542964 0)
(2.28217 -0.545633 0)
(2.29997 -0.548432 0)
(2.32179 -0.554864 0)
(2.34425 -0.56125 0)
(2.36706 -0.567301 0)
(2.38847 -0.5705 0)
(2.40746 -0.572818 0)
(2.42403 -0.588518 0)
(2.43003 -0.587162 0)
(2.43721 -0.576878 0)
(2.43609 -0.553754 0)
(2.42724 -0.498127 0)
(2.37655 -0.368635 0)
(2.29224 -0.171495 0)
(2.20381 -0.00523909 0)
(2.18402 0.0705099 0)
(2.15103 0.117309 0)
(2.14035 0.142285 0)
(2.14097 0.154752 0)
(2.15451 0.159085 0)
(2.16668 0.158715 0)
(2.17287 0.161223 0)
(2.1788 0.172535 0)
(2.18218 0.188626 0)
(2.19026 0.19709 0)
(2.20274 0.20067 0)
(2.21538 0.203814 0)
(2.22576 0.20745 0)
(2.23171 0.21215 0)
(2.23213 0.218855 0)
(2.23331 0.225697 0)
(2.24007 0.230274 0)
(2.25003 0.234443 0)
(2.25959 0.238761 0)
(2.26716 0.244064 0)
(2.26959 0.251511 0)
(2.26622 0.259857 0)
(2.26971 0.265711 0)
(2.28159 0.26896 0)
(2.2956 0.269405 0)
(2.30865 0.267936 0)
(2.31946 0.2657 0)
(2.32553 0.267078 0)
(2.32288 0.279161 0)
(2.3133 0.296997 0)
(2.31891 0.302084 0)
(2.33257 0.302319 0)
(2.34578 0.298737 0)
(2.358 0.293386 0)
(2.36713 0.287947 0)
(2.3702 0.286576 0)
(2.36623 0.294374 0)
(2.35679 0.310611 0)
(2.35438 0.321629 0)
(2.36632 0.321418 0)
(2.37779 0.319401 0)
(2.3882 0.314699 0)
(2.39288 0.303494 0)
(2.3807 0.250806 0)
(1.65685 0.921246 0)
(1.68411 0.909469 0)
(1.71953 0.888548 0)
(1.76707 0.855486 0)
(1.79697 0.839765 0)
(1.82421 0.83408 0)
(1.86903 0.800346 0)
(1.90084 0.756345 0)
(1.88065 0.644752 0)
(1.81243 0.445157 0)
(1.72637 0.239643 0)
(1.66545 0.0847808 0)
(1.7003 0.0241639 0)
(1.74552 -0.00494908 0)
(1.78191 -0.0241171 0)
(1.81447 -0.0531233 0)
(1.83239 -0.0926922 0)
(1.84794 -0.133891 0)
(1.8764 -0.170866 0)
(1.90484 -0.213832 0)
(1.92883 -0.244373 0)
(1.94914 -0.265977 0)
(1.96135 -0.288067 0)
(1.98562 -0.314523 0)
(2.01441 -0.341262 0)
(2.0421 -0.3632 0)
(2.06867 -0.383577 0)
(2.09087 -0.403107 0)
(2.109 -0.418841 0)
(2.12678 -0.430851 0)
(2.1491 -0.440754 0)
(2.17566 -0.453813 0)
(2.20208 -0.46691 0)
(2.22685 -0.479539 0)
(2.24924 -0.48984 0)
(2.26864 -0.499117 0)
(2.28472 -0.503643 0)
(2.29754 -0.505775 0)
(2.31263 -0.507772 0)
(2.33226 -0.513272 0)
(2.35352 -0.518999 0)
(2.3756 -0.52063 0)
(2.39555 -0.523068 0)
(2.41353 -0.52678 0)
(2.42814 -0.52895 0)
(2.44257 -0.535452 0)
(2.4506 -0.54537 0)
(2.46243 -0.534776 0)
(2.47501 -0.52429 0)
(2.47633 -0.500855 0)
(2.46052 -0.438341 0)
(2.38676 -0.281382 0)
(2.33574 -0.116897 0)
(2.23494 0.0610336 0)
(2.19551 0.127731 0)
(2.1713 0.164993 0)
(2.17945 0.17178 0)
(2.1847 0.180688 0)
(2.19284 0.183567 0)
(2.20372 0.18972 0)
(2.20729 0.20121 0)
(2.20876 0.211613 0)
(2.21803 0.21966 0)
(2.22954 0.225895 0)
(2.24015 0.230098 0)
(2.24833 0.233114 0)
(2.25174 0.236959 0)
(2.25623 0.24418 0)
(2.26439 0.249671 0)
(2.27423 0.255546 0)
(2.28334 0.26138 0)
(2.29166 0.266959 0)
(2.29796 0.274271 0)
(2.29623 0.282158 0)
(2.29249 0.287512 0)
(2.30416 0.292363 0)
(2.31572 0.294506 0)
(2.32836 0.295303 0)
(2.33988 0.295408 0)
(2.34923 0.293979 0)
(2.3524 0.29554 0)
(2.34797 0.307806 0)
(2.34143 0.323587 0)
(2.34417 0.327488 0)
(2.35436 0.32529 0)
(2.36536 0.321887 0)
(2.37602 0.31807 0)
(2.38643 0.314628 0)
(2.39409 0.315016 0)
(2.3964 0.325069 0)
(2.38739 0.337834 0)
(2.38418 0.339998 0)
(2.39226 0.330699 0)
(2.39204 0.313223 0)
(2.37828 0.272913 0)
(2.31315 0.119115 0)
(1.67171 0.94505 0)
(1.70205 0.928109 0)
(1.74885 0.898228 0)
(1.77119 0.885442 0)
(1.80566 0.868561 0)
(1.83169 0.853451 0)
(1.84173 0.77777 0)
(1.80835 0.631554 0)
(1.70473 0.401437 0)
(1.67458 0.231883 0)
(1.66397 0.156301 0)
(1.67044 0.100857 0)
(1.70715 0.0609596 0)
(1.74581 0.034977 0)
(1.78076 0.00301675 0)
(1.80753 -0.0382323 0)
(1.82809 -0.0735648 0)
(1.84554 -0.102244 0)
(1.87147 -0.133001 0)
(1.90323 -0.171647 0)
(1.93178 -0.209067 0)
(1.95626 -0.232071 0)
(1.97331 -0.251415 0)
(1.99034 -0.276313 0)
(2.01787 -0.302586 0)
(2.0456 -0.324544 0)
(2.07428 -0.345684 0)
(2.1001 -0.367335 0)
(2.12172 -0.383531 0)
(2.14063 -0.396823 0)
(2.16085 -0.407785 0)
(2.1846 -0.417236 0)
(2.20984 -0.425729 0)
(2.23447 -0.436565 0)
(2.25645 -0.447685 0)
(2.27488 -0.458276 0)
(2.29056 -0.465288 0)
(2.30502 -0.468519 0)
(2.32112 -0.467691 0)
(2.33971 -0.469448 0)
(2.3597 -0.47471 0)
(2.38067 -0.476548 0)
(2.39952 -0.476285 0)
(2.41505 -0.476161 0)
(2.42809 -0.483171 0)
(2.44281 -0.48055 0)
(2.45489 -0.481388 0)
(2.47075 -0.491367 0)
(2.48621 -0.490993 0)
(2.50355 -0.482658 0)
(2.51009 -0.478205 0)
(2.50363 -0.450656 0)
(2.47984 -0.370461 0)
(2.40119 -0.204819 0)
(2.34722 -0.06086 0)
(2.25829 0.0914571 0)
(2.21341 0.182175 0)
(2.20544 0.200037 0)
(2.21071 0.206606 0)
(2.21372 0.211148 0)
(2.21607 0.222337 0)
(2.21908 0.229154 0)
(2.22915 0.237131 0)
(2.24227 0.24467 0)
(2.25297 0.250607 0)
(2.26128 0.255671 0)
(2.26497 0.260292 0)
(2.26299 0.270865 0)
(2.27496 0.280894 0)
(2.2862 0.283965 0)
(2.29814 0.285378 0)
(2.3121 0.28628 0)
(2.32356 0.287017 0)
(2.32852 0.291316 0)
(2.32369 0.30573 0)
(2.31505 0.317146 0)
(2.31823 0.320528 0)
(2.32859 0.321252 0)
(2.34021 0.321655 0)
(2.35204 0.321985 0)
(2.36445 0.321432 0)
(2.37414 0.322821 0)
(2.37544 0.331746 0)
(2.36873 0.343806 0)
(2.37291 0.348902 0)
(2.38509 0.351593 0)
(2.39608 0.351349 0)
(2.40765 0.348671 0)
(2.41939 0.346121 0)
(2.42435 0.347382 0)
(2.41639 0.352856 0)
(2.40078 0.325398 0)
(2.38801 0.296526 0)
(2.35467 0.221956 0)
(2.30263 0.113552 0)
(2.24754 -0.016951 0)
(1.68302 0.961333 0)
(1.71543 0.947648 0)
(1.74932 0.932735 0)
(1.78137 0.907127 0)
(1.80496 0.8857 0)
(1.78728 0.782526 0)
(1.72549 0.584695 0)
(1.61628 0.367483 0)
(1.59684 0.240429 0)
(1.64151 0.16284 0)
(1.67053 0.128768 0)
(1.69159 0.114404 0)
(1.72132 0.0859312 0)
(1.76319 0.0455174 0)
(1.79426 0.00742335 0)
(1.8178 -0.0306169 0)
(1.83774 -0.066849 0)
(1.85705 -0.0927785 0)
(1.87894 -0.117538 0)
(1.90772 -0.1464 0)
(1.9374 -0.182073 0)
(1.96317 -0.212395 0)
(1.98583 -0.232936 0)
(2.00394 -0.251845 0)
(2.02615 -0.273732 0)
(2.05173 -0.293313 0)
(2.07857 -0.310089 0)
(2.10477 -0.327372 0)
(2.12829 -0.34353 0)
(2.14888 -0.357653 0)
(2.16816 -0.36881 0)
(2.18933 -0.379277 0)
(2.21302 -0.3864 0)
(2.23708 -0.392294 0)
(2.25891 -0.39805 0)
(2.27693 -0.406998 0)
(2.291 -0.416544 0)
(2.30357 -0.424003 0)
(2.31968 -0.426513 0)
(2.3399 -0.42796 0)
(2.36074 -0.431733 0)
(2.38176 -0.432265 0)
(2.40095 -0.432313 0)
(2.41624 -0.431997 0)
(2.42544 -0.436122 0)
(2.43447 -0.431685 0)
(2.44751 -0.43309 0)
(2.46567 -0.433993 0)
(2.48609 -0.43612 0)
(2.50856 -0.441392 0)
(2.52422 -0.445114 0)
(2.52856 -0.440311 0)
(2.52671 -0.428617 0)
(2.51539 -0.393286 0)
(2.48451 -0.30371 0)
(2.40944 -0.146198 0)
(2.31514 0.0383681 0)
(2.29879 0.120297 0)
(2.25654 0.194965 0)
(2.23532 0.237054 0)
(2.22233 0.244421 0)
(2.22672 0.249938 0)
(2.23554 0.258486 0)
(2.24195 0.262294 0)
(2.24983 0.265804 0)
(2.25765 0.272717 0)
(2.26486 0.281878 0)
(2.27231 0.29449 0)
(2.27729 0.309362 0)
(2.28751 0.31795 0)
(2.30052 0.31793 0)
(2.31618 0.313383 0)
(2.3303 0.31065 0)
(2.34457 0.312329 0)
(2.35021 0.318247 0)
(2.34027 0.330615 0)
(2.33103 0.344163 0)
(2.34021 0.350353 0)
(2.35117 0.351933 0)
(2.36393 0.349127 0)
(2.37819 0.345565 0)
(2.39235 0.344409 0)
(2.40345 0.344281 0)
(2.40211 0.354458 0)
(2.39651 0.372556 0)
(2.39194 0.383397 0)
(2.39942 0.380811 0)
(2.41094 0.377262 0)
(2.42022 0.369317 0)
(2.41796 0.353317 0)
(2.40471 0.30702 0)
(2.3763 0.225749 0)
(2.32687 0.123761 0)
(2.27953 0.041011 0)
(2.24754 -0.0217869 0)
(2.22061 -0.101841 0)
(1.76688 0.957004 0)
(1.73741 0.966436 0)
(1.76188 0.950564 0)
(1.76862 0.900472 0)
(1.71972 0.76048 0)
(1.61897 0.516008 0)
(1.57463 0.34531 0)
(1.55251 0.260467 0)
(1.59585 0.214973 0)
(1.64615 0.183346 0)
(1.68668 0.159466 0)
(1.70675 0.139419 0)
(1.72537 0.1082 0)
(1.76353 0.0690303 0)
(1.79782 0.0322137 0)
(1.82384 0.00145484 0)
(1.84707 -0.0366936 0)
(1.86712 -0.0695831 0)
(1.88724 -0.0931838 0)
(1.90975 -0.116574 0)
(1.93627 -0.145007 0)
(1.96271 -0.175547 0)
(1.98797 -0.199523 0)
(2.01168 -0.218402 0)
(2.03295 -0.236122 0)
(2.05503 -0.253933 0)
(2.07971 -0.272197 0)
(2.10475 -0.290331 0)
(2.12826 -0.306576 0)
(2.15008 -0.321729 0)
(2.17047 -0.33351 0)
(2.19095 -0.343211 0)
(2.21269 -0.350343 0)
(2.23539 -0.355994 0)
(2.2578 -0.35877 0)
(2.2773 -0.361208 0)
(2.29234 -0.366135 0)
(2.30373 -0.373973 0)
(2.31417 -0.379284 0)
(2.33059 -0.382117 0)
(2.3524 -0.38617 0)
(2.37436 -0.386265 0)
(2.39407 -0.384406 0)
(2.41171 -0.384258 0)
(2.4255 -0.391838 0)
(2.43444 -0.390647 0)
(2.43813 -0.388571 0)
(2.44743 -0.385208 0)
(2.46319 -0.385189 0)
(2.48193 -0.382287 0)
(2.50373 -0.387798 0)
(2.52383 -0.396556 0)
(2.54014 -0.393175 0)
(2.53628 -0.390295 0)
(2.5334 -0.372832 0)
(2.51626 -0.333072 0)
(2.47415 -0.239459 0)
(2.41969 -0.0854337 0)
(2.32086 0.121047 0)
(2.30164 0.175508 0)
(2.27717 0.219409 0)
(2.26838 0.252332 0)
(2.25276 0.273538 0)
(2.24832 0.28257 0)
(2.25406 0.284017 0)
(2.26528 0.288925 0)
(2.27903 0.295553 0)
(2.29159 0.304908 0)
(2.29773 0.320175 0)
(2.29737 0.338147 0)
(2.3032 0.349963 0)
(2.3176 0.351012 0)
(2.33046 0.346007 0)
(2.34118 0.34173 0)
(2.35086 0.340577 0)
(2.3596 0.343665 0)
(2.3584 0.356939 0)
(2.35199 0.371436 0)
(2.3533 0.37612 0)
(2.36377 0.376656 0)
(2.3758 0.376437 0)
(2.38898 0.377095 0)
(2.40209 0.379308 0)
(2.41528 0.381295 0)
(2.42335 0.386849 0)
(2.40752 0.397571 0)
(2.40699 0.394627 0)
(2.40743 0.379935 0)
(2.4042 0.355788 0)
(2.37025 0.281343 0)
(2.32676 0.165274 0)
(2.30216 0.0637375 0)
(2.2369 -0.0658521 0)
(2.21673 -0.0880241 0)
(2.2154 -0.0943446 0)
(2.22374 -0.0930141 0)
(2.17022 0.788221 0)
(1.79393 1.01602 0)
(1.72687 0.942007 0)
(1.61322 0.720851 0)
(1.47937 0.463854 0)
(1.49416 0.345751 0)
(1.52924 0.281425 0)
(1.55775 0.245877 0)
(1.60004 0.224556 0)
(1.6526 0.195444 0)
(1.69736 0.161509 0)
(1.7171 0.135539 0)
(1.72697 0.105176 0)
(1.75744 0.0730356 0)
(1.79329 0.0395115 0)
(1.82316 0.0149669 0)
(1.84679 -0.015844 0)
(1.86785 -0.0515686 0)
(1.88972 -0.0779985 0)
(1.91323 -0.0983153 0)
(1.93738 -0.120414 0)
(1.96154 -0.145401 0)
(1.98478 -0.169092 0)
(2.00899 -0.188899 0)
(2.03375 -0.207385 0)
(2.05687 -0.224256 0)
(2.07898 -0.238255 0)
(2.10012 -0.252177 0)
(2.11996 -0.265597 0)
(2.14091 -0.279288 0)
(2.16391 -0.290829 0)
(2.18648 -0.300484 0)
(2.2082 -0.307142 0)
(2.22879 -0.31333 0)
(2.24828 -0.316843 0)
(2.2684 -0.316204 0)
(2.28328 -0.314494 0)
(2.29575 -0.319525 0)
(2.31323 -0.329234 0)
(2.33138 -0.338016 0)
(2.34818 -0.342507 0)
(2.3664 -0.342475 0)
(2.38619 -0.341265 0)
(2.40386 -0.338302 0)
(2.41748 -0.3421 0)
(2.43078 -0.341197 0)
(2.43994 -0.346358 0)
(2.44559 -0.348265 0)
(2.45584 -0.345631 0)
(2.47064 -0.339321 0)
(2.48615 -0.337307 0)
(2.50273 -0.340833 0)
(2.51972 -0.339517 0)
(2.53432 -0.345254 0)
(2.54374 -0.341108 0)
(2.53119 -0.342453 0)
(2.54683 -0.319664 0)
(2.53936 -0.283092 0)
(2.4907 -0.171251 0)
(2.44001 -0.0294762 0)
(2.34861 0.161891 0)
(2.30035 0.263748 0)
(2.28145 0.282256 0)
(2.27215 0.288144 0)
(2.27269 0.307853 0)
(2.28207 0.308604 0)
(2.29407 0.307498 0)
(2.30959 0.312895 0)
(2.31888 0.326727 0)
(2.31878 0.343338 0)
(2.31409 0.354416 0)
(2.31688 0.363618 0)
(2.32848 0.36769 0)
(2.33952 0.368515 0)
(2.35041 0.36773 0)
(2.36053 0.368202 0)
(2.37093 0.370951 0)
(2.37404 0.37799 0)
(2.36937 0.392401 0)
(2.37378 0.40827 0)
(2.38262 0.41923 0)
(2.39215 0.42131 0)
(2.40244 0.417779 0)
(2.41268 0.411186 0)
(2.41636 0.410267 0)
(2.41199 0.400895 0)
(2.39938 0.369151 0)
(2.36671 0.307747 0)
(2.32267 0.215852 0)
(2.27208 0.103809 0)
(2.21576 -0.0436316 0)
(2.20926 -0.0699007 0)
(2.20946 -0.0655896 0)
(2.21378 -0.0692648 0)
(2.21588 -0.0700163 0)
(2.22621 -0.0716549 0)
(2.89085 0.312677 0)
(2.06313 1.05723 0)
(1.51023 0.66224 0)
(1.35012 0.417826 0)
(1.39077 0.339003 0)
(1.45862 0.306125 0)
(1.51143 0.285385 0)
(1.55021 0.263589 0)
(1.58703 0.241169 0)
(1.63388 0.212656 0)
(1.67944 0.176554 0)
(1.70355 0.145972 0)
(1.71499 0.114186 0)
(1.74158 0.0848681 0)
(1.77775 0.0540268 0)
(1.80991 0.0294789 0)
(1.83441 0.00767791 0)
(1.85587 -0.0249396 0)
(1.8803 -0.0566607 0)
(1.90591 -0.0757728 0)
(1.93139 -0.0885582 0)
(1.95332 -0.106458 0)
(1.97646 -0.129505 0)
(1.99683 -0.153199 0)
(2.02033 -0.171814 0)
(2.04605 -0.186893 0)
(2.07108 -0.199447 0)
(2.0929 -0.213115 0)
(2.1123 -0.227343 0)
(2.12944 -0.239317 0)
(2.15065 -0.248062 0)
(2.1757 -0.258665 0)
(2.20191 -0.267451 0)
(2.22713 -0.275652 0)
(2.24955 -0.283992 0)
(2.2701 -0.287525 0)
(2.28939 -0.288508 0)
(2.30215 -0.282533 0)
(2.3074 -0.280817 0)
(2.31909 -0.285693 0)
(2.34 -0.290201 0)
(2.36218 -0.293986 0)
(2.38605 -0.299011 0)
(2.40957 -0.30236 0)
(2.42523 -0.303179 0)
(2.429 -0.293764 0)
(2.43129 -0.290479 0)
(2.44277 -0.294471 0)
(2.45691 -0.295039 0)
(2.47307 -0.290525 0)
(2.48875 -0.290237 0)
(2.50528 -0.294136 0)
(2.5226 -0.295178 0)
(2.54095 -0.303505 0)
(2.55508 -0.301318 0)
(2.56316 -0.306872 0)
(2.56725 -0.293244 0)
(2.57553 -0.288544 0)
(2.57419 -0.275829 0)
(2.56233 -0.226521 0)
(2.49764 -0.08846 0)
(2.45397 0.0451825 0)
(2.37331 0.204789 0)
(2.29496 0.332146 0)
(2.2868 0.370361 0)
(2.2959 0.366653 0)
(2.3088 0.349718 0)
(2.31526 0.343568 0)
(2.327 0.345942 0)
(2.33932 0.353473 0)
(2.34306 0.369493 0)
(2.33405 0.386398 0)
(2.3335 0.39448 0)
(2.34252 0.396199 0)
(2.35148 0.395322 0)
(2.36136 0.3928 0)
(2.37178 0.393161 0)
(2.38271 0.396415 0)
(2.3903 0.406225 0)
(2.39047 0.421657 0)
(2.38457 0.440036 0)
(2.39128 0.441468 0)
(2.40176 0.440089 0)
(2.40274 0.429321 0)
(2.39989 0.40961 0)
(2.36836 0.338883 0)
(2.32546 0.238725 0)
(2.25542 0.101782 0)
(2.19959 -0.0183332 0)
(2.19141 -0.0331496 0)
(2.1937 -0.0464065 0)
(2.19972 -0.0588505 0)
(2.20183 -0.0603756 0)
(2.20678 -0.0615697 0)
(2.21377 -0.0696152 0)
(2.22482 -0.0713445 0)
(3.0002 0.0391881 0)
(2.36973 0.39042 0)
(1.2689 0.321685 0)
(1.21855 0.272541 0)
(1.34018 0.260999 0)
(1.42497 0.266307 0)
(1.48428 0.254822 0)
(1.52657 0.245072 0)
(1.56338 0.234195 0)
(1.60391 0.217099 0)
(1.6435 0.18429 0)
(1.6743 0.15154 0)
(1.69348 0.121862 0)
(1.72295 0.0984778 0)
(1.75921 0.0745418 0)
(1.79204 0.052179 0)
(1.81896 0.0324508 0)
(1.84133 0.0082068 0)
(1.86594 -0.0184815 0)
(1.89432 -0.0438481 0)
(1.92083 -0.0643198 0)
(1.94054 -0.0751 0)
(1.95396 -0.089733 0)
(1.98035 -0.110655 0)
(2.00856 -0.128901 0)
(2.03786 -0.14833 0)
(2.06665 -0.167804 0)
(2.09107 -0.181598 0)
(2.10548 -0.191111 0)
(2.12436 -0.205978 0)
(2.14751 -0.214324 0)
(2.17335 -0.21859 0)
(2.19849 -0.224048 0)
(2.22452 -0.230323 0)
(2.2509 -0.235676 0)
(2.26587 -0.243993 0)
(2.28137 -0.248296 0)
(2.30213 -0.250415 0)
(2.32187 -0.247306 0)
(2.33366 -0.241194 0)
(2.3353 -0.247345 0)
(2.34503 -0.251192 0)
(2.36744 -0.248266 0)
(2.39342 -0.247267 0)
(2.41837 -0.251834 0)
(2.44211 -0.253497 0)
(2.45613 -0.246207 0)
(2.46007 -0.242359 0)
(2.45941 -0.247357 0)
(2.46784 -0.246044 0)
(2.48151 -0.246972 0)
(2.49671 -0.250465 0)
(2.51298 -0.251152 0)
(2.52997 -0.257315 0)
(2.54639 -0.258289 0)
(2.55982 -0.255904 0)
(2.56879 -0.252959 0)
(2.57554 -0.260996 0)
(2.58463 -0.266974 0)
(2.60558 -0.254677 0)
(2.6043 -0.236357 0)
(2.5855 -0.161399 0)
(2.51571 -0.00820629 0)
(2.4703 0.113125 0)
(2.37536 0.260347 0)
(2.32684 0.359363 0)
(2.31766 0.401761 0)
(2.32521 0.395621 0)
(2.33543 0.386053 0)
(2.34356 0.379441 0)
(2.34922 0.388413 0)
(2.3503 0.405231 0)
(2.3456 0.426142 0)
(2.34638 0.433955 0)
(2.35411 0.433733 0)
(2.3635 0.431005 0)
(2.37322 0.428904 0)
(2.38434 0.431831 0)
(2.39554 0.438067 0)
(2.40295 0.449643 0)
(2.40014 0.458156 0)
(2.39555 0.449882 0)
(2.39181 0.436688 0)
(2.36816 0.387361 0)
(2.32432 0.29119 0)
(2.25046 0.13481 0)
(2.19895 0.0203618 0)
(2.18657 -0.00179438 0)
(2.18115 -0.0218863 0)
(2.18209 -0.037847 0)
(2.18368 -0.0544162 0)
(2.19027 -0.0641237 0)
(2.19917 -0.0630774 0)
(2.20746 -0.062786 0)
(2.21547 -0.0681169 0)
(2.22649 -0.0681409 0)
(3.00006 0.00187377 0)
(1.86674 -0.105688 0)
(0.90933 0.112907 0)
(1.00178 0.256479 0)
(1.17229 0.288203 0)
(1.27498 0.283173 0)
(1.35448 0.272472 0)
(1.42142 0.250297 0)
(1.47957 0.228643 0)
(1.53222 0.196625 0)
(1.58668 0.163318 0)
(1.62762 0.135948 0)
(1.65799 0.114388 0)
(1.69239 0.0974446 0)
(1.73082 0.0792352 0)
(1.76645 0.0614954 0)
(1.79782 0.0480663 0)
(1.82399 0.030594 0)
(1.84673 0.00949192 0)
(1.86999 -0.0117979 0)
(1.89707 -0.0324167 0)
(1.92564 -0.0530524 0)
(1.95476 -0.0674245 0)
(1.98045 -0.07451 0)
(1.99735 -0.08999 0)
(2.01598 -0.109827 0)
(2.04249 -0.130057 0)
(2.07101 -0.14866 0)
(2.10064 -0.161512 0)
(2.12984 -0.166247 0)
(2.14809 -0.171308 0)
(2.16171 -0.178038 0)
(2.17754 -0.184428 0)
(2.19733 -0.189981 0)
(2.2218 -0.192377 0)
(2.25228 -0.194624 0)
(2.28047 -0.197385 0)
(2.29974 -0.200652 0)
(2.30729 -0.202146 0)
(2.31206 -0.203747 0)
(2.32537 -0.20637 0)
(2.34649 -0.204368 0)
(2.36823 -0.199499 0)
(2.38859 -0.195815 0)
(2.40836 -0.199286 0)
(2.42589 -0.199159 0)
(2.44032 -0.198397 0)
(2.45466 -0.201263 0)
(2.47164 -0.203838 0)
(2.48771 -0.199894 0)
(2.50205 -0.195632 0)
(2.51581 -0.194674 0)
(2.52969 -0.193757 0)
(2.54423 -0.200449 0)
(2.5569 -0.209347 0)
(2.56994 -0.217956 0)
(2.58511 -0.219316 0)
(2.60361 -0.21953 0)
(2.61505 -0.222079 0)
(2.62366 -0.211968 0)
(2.63026 -0.220683 0)
(2.64114 -0.204268 0)
(2.63229 -0.175256 0)
(2.58382 -0.0695242 0)
(2.5246 0.056578 0)
(2.39556 0.257246 0)
(2.34534 0.364784 0)
(2.34548 0.37794 0)
(2.33474 0.406038 0)
(2.33745 0.42509 0)
(2.34303 0.425803 0)
(2.35019 0.421734 0)
(2.34977 0.422576 0)
(2.34904 0.439992 0)
(2.35373 0.456242 0)
(2.36595 0.468223 0)
(2.37811 0.47202 0)
(2.39023 0.475078 0)
(2.3989 0.472673 0)
(2.40292 0.468708 0)
(2.39587 0.450031 0)
(2.37299 0.398676 0)
(2.33162 0.319842 0)
(2.24373 0.166951 0)
(2.2119 0.0785149 0)
(2.18336 -0.00698609 0)
(2.16914 -0.031556 0)
(2.16859 -0.0336896 0)
(2.17233 -0.034362 0)
(2.18159 -0.0450435 0)
(2.18686 -0.0544982 0)
(2.19153 -0.0589502 0)
(2.2009 -0.0574769 0)
(2.21161 -0.0593172 0)
(2.22042 -0.0626666 0)
(2.23001 -0.0638676 0)
(3 2.42146e-05 0)
(1.49979 -0.0615401 0)
(0.732703 0.0601593 0)
(0.776085 0.154297 0)
(0.921484 0.18001 0)
(1.03634 0.176148 0)
(1.13721 0.176013 0)
(1.22713 0.170277 0)
(1.30759 0.162604 0)
(1.38085 0.158024 0)
(1.45213 0.153638 0)
(1.51044 0.138126 0)
(1.55926 0.122533 0)
(1.60439 0.110821 0)
(1.65025 0.0957872 0)
(1.69609 0.0724713 0)
(1.73298 0.0558595 0)
(1.76281 0.042198 0)
(1.78933 0.0252808 0)
(1.8198 0.0145009 0)
(1.85506 0.00258603 0)
(1.88842 -0.0170114 0)
(1.91641 -0.0345801 0)
(1.94051 -0.0473021 0)
(1.96143 -0.0591171 0)
(1.98407 -0.0708082 0)
(2.01101 -0.0831148 0)
(2.04 -0.0975101 0)
(2.06807 -0.113021 0)
(2.09081 -0.126811 0)
(2.11031 -0.137338 0)
(2.12871 -0.142527 0)
(2.14935 -0.142915 0)
(2.17193 -0.14237 0)
(2.19512 -0.144165 0)
(2.21884 -0.149975 0)
(2.24049 -0.158509 0)
(2.25651 -0.166602 0)
(2.26873 -0.17068 0)
(2.28446 -0.168583 0)
(2.30531 -0.164147 0)
(2.32708 -0.158456 0)
(2.34733 -0.15499 0)
(2.36515 -0.156928 0)
(2.37982 -0.166673 0)
(2.393 -0.172758 0)
(2.40944 -0.173013 0)
(2.42934 -0.171887 0)
(2.45081 -0.166236 0)
(2.47045 -0.155672 0)
(2.48625 -0.146674 0)
(2.49915 -0.144606 0)
(2.51102 -0.148776 0)
(2.52373 -0.15955 0)
(2.53622 -0.168235 0)
(2.54947 -0.177161 0)
(2.56315 -0.185213 0)
(2.57975 -0.186997 0)
(2.59709 -0.177821 0)
(2.61025 -0.167494 0)
(2.62138 -0.180878 0)
(2.62237 -0.196099 0)
(2.6265 -0.177467 0)
(2.62149 -0.163325 0)
(2.6023 -0.104913 0)
(2.5337 0.0312814 0)
(2.48876 0.166211 0)
(2.36061 0.371154 0)
(2.31558 0.4601 0)
(2.31967 0.444473 0)
(2.33203 0.451206 0)
(2.33828 0.448216 0)
(2.34717 0.446593 0)
(2.35641 0.45106 0)
(2.36314 0.462313 0)
(2.37514 0.479988 0)
(2.37893 0.483084 0)
(2.38592 0.483317 0)
(2.38795 0.472713 0)
(2.37507 0.432857 0)
(2.32967 0.333031 0)
(2.26534 0.193775 0)
(2.21632 0.0946898 0)
(2.17172 0.0108443 0)
(2.16902 -0.0157135 0)
(2.17307 -0.0331152 0)
(2.17534 -0.0317731 0)
(2.18029 -0.0303299 0)
(2.18545 -0.0310817 0)
(2.19136 -0.0346778 0)
(2.19073 -0.042216 0)
(2.19522 -0.0473848 0)
(2.20594 -0.0486104 0)
(2.21724 -0.0489863 0)
(2.22563 -0.0487262 0)
(2.23711 -0.0473068 0)
(3 8.53036e-08 0)
(1.44101 0.0118246 0)
(0.72927 0.039306 0)
(0.717951 0.0720125 0)
(0.780065 0.100565 0)
(0.853064 0.119081 0)
(0.935613 0.126157 0)
(1.01837 0.129773 0)
(1.09988 0.131676 0)
(1.17968 0.132111 0)
(1.25653 0.12412 0)
(1.32647 0.110182 0)
(1.39088 0.0965626 0)
(1.45189 0.0843757 0)
(1.51186 0.0764789 0)
(1.56905 0.0666934 0)
(1.61276 0.0566683 0)
(1.64905 0.0470019 0)
(1.68584 0.0318767 0)
(1.72703 0.0145084 0)
(1.76475 0.00551629 0)
(1.79913 -0.00378748 0)
(1.83159 -0.0170892 0)
(1.86218 -0.0309564 0)
(1.89096 -0.0464826 0)
(1.9186 -0.0623936 0)
(1.94623 -0.0764744 0)
(1.97367 -0.0876059 0)
(2.00071 -0.0953969 0)
(2.02712 -0.101924 0)
(2.05202 -0.106935 0)
(2.07556 -0.11024 0)
(2.09876 -0.112684 0)
(2.12154 -0.115722 0)
(2.14295 -0.119409 0)
(2.1633 -0.122926 0)
(2.18405 -0.12495 0)
(2.20604 -0.124689 0)
(2.22911 -0.123056 0)
(2.25199 -0.120906 0)
(2.27335 -0.120559 0)
(2.29216 -0.122333 0)
(2.30751 -0.126667 0)
(2.32064 -0.132426 0)
(2.33413 -0.137525 0)
(2.35482 -0.133322 0)
(2.37912 -0.12634 0)
(2.40248 -0.122871 0)
(2.42377 -0.119849 0)
(2.44208 -0.115798 0)
(2.45739 -0.11445 0)
(2.46962 -0.118201 0)
(2.4796 -0.1259 0)
(2.49036 -0.134533 0)
(2.50489 -0.136037 0)
(2.52483 -0.13414 0)
(2.54664 -0.135255 0)
(2.56638 -0.135162 0)
(2.5814 -0.131198 0)
(2.59074 -0.128655 0)
(2.59427 -0.143597 0)
(2.59086 -0.151905 0)
(2.59594 -0.141338 0)
(2.60417 -0.133154 0)
(2.61708 -0.128152 0)
(2.61276 -0.103293 0)
(2.57996 -0.0199739 0)
(2.48497 0.151314 0)
(2.43523 0.278776 0)
(2.3397 0.415264 0)
(2.30996 0.515031 0)
(2.31308 0.512503 0)
(2.33591 0.48708 0)
(2.34815 0.483747 0)
(2.36658 0.489972 0)
(2.37107 0.490298 0)
(2.36919 0.481682 0)
(2.35814 0.442974 0)
(2.32611 0.353863 0)
(2.28858 0.243463 0)
(2.21268 0.111083 0)
(2.16782 0.0295369 0)
(2.15178 -0.00730654 0)
(2.15117 -0.0307691 0)
(2.1618 -0.0392983 0)
(2.16842 -0.0345314 0)
(2.17931 -0.0231375 0)
(2.19224 -0.0135232 0)
(2.19709 -0.0115285 0)
(2.19317 -0.016065 0)
(2.19297 -0.0244984 0)
(2.1997 -0.0288314 0)
(2.20852 -0.0318168 0)
(2.21775 -0.0362053 0)
(2.22692 -0.0365363 0)
(2.24008 -0.0358864 0)
(3 8.40518e-11 0)
(1.48705 0.0490968 0)
(0.746325 0.0482655 0)
(0.73504 0.0469356 0)
(0.771266 0.0463664 0)
(0.807028 0.0546307 0)
(0.855647 0.0631471 0)
(0.91119 0.0679439 0)
(0.971568 0.0672216 0)
(1.03376 0.0648145 0)
(1.09638 0.061127 0)
(1.15892 0.0598369 0)
(1.22208 0.0623843 0)
(1.2857 0.0655866 0)
(1.3488 0.0678669 0)
(1.4084 0.0664932 0)
(1.45961 0.0590352 0)
(1.50605 0.0509868 0)
(1.55382 0.0456998 0)
(1.604 0.0407315 0)
(1.6506 0.0358491 0)
(1.6925 0.0330621 0)
(1.73397 0.0204796 0)
(1.77245 0.00324912 0)
(1.80914 -0.0114822 0)
(1.84449 -0.0250323 0)
(1.87828 -0.0364021 0)
(1.91061 -0.0446309 0)
(1.94154 -0.0514606 0)
(1.97041 -0.0592483 0)
(1.9969 -0.0674927 0)
(2.02225 -0.0750917 0)
(2.04713 -0.0804085 0)
(2.07114 -0.0824558 0)
(2.09423 -0.0808275 0)
(2.11663 -0.0776352 0)
(2.13844 -0.0768879 0)
(2.16016 -0.080083 0)
(2.18241 -0.0862575 0)
(2.20479 -0.0935338 0)
(2.22544 -0.100757 0)
(2.24341 -0.103452 0)
(2.26051 -0.0993976 0)
(2.27872 -0.0921122 0)
(2.29906 -0.08783 0)
(2.32053 -0.08573 0)
(2.34317 -0.0854934 0)
(2.36663 -0.0891695 0)
(2.38898 -0.09316 0)
(2.40897 -0.0946666 0)
(2.42641 -0.0947133 0)
(2.44128 -0.0934512 0)
(2.45441 -0.090719 0)
(2.4699 -0.0874304 0)
(2.48799 -0.0843275 0)
(2.50687 -0.0852521 0)
(2.52568 -0.0916115 0)
(2.54176 -0.0975077 0)
(2.55452 -0.0981318 0)
(2.56393 -0.0980253 0)
(2.56898 -0.103292 0)
(2.56958 -0.103099 0)
(2.57513 -0.093166 0)
(2.58766 -0.0901992 0)
(2.6037 -0.0982745 0)
(2.61401 -0.0982237 0)
(2.61408 -0.0870206 0)
(2.59959 -0.0350886 0)
(2.55192 0.0822344 0)
(2.45616 0.243014 0)
(2.35519 0.407437 0)
(2.35789 0.44734 0)
(2.33503 0.515276 0)
(2.34062 0.51505 0)
(2.33814 0.500985 0)
(2.32421 0.452444 0)
(2.30208 0.371364 0)
(2.27476 0.258846 0)
(2.22727 0.137899 0)
(2.19162 0.0632083 0)
(2.12975 0.00631517 0)
(2.1079 -0.0275697 0)
(2.11084 -0.0324557 0)
(2.12981 -0.0257692 0)
(2.14602 -0.0204549 0)
(2.16144 -0.00911882 0)
(2.17426 -0.000920326 0)
(2.18439 -0.00242221 0)
(2.18472 -0.0132963 0)
(2.17878 -0.026657 0)
(2.18429 -0.0291528 0)
(2.19121 -0.0284282 0)
(2.20037 -0.0272736 0)
(2.20962 -0.0261509 0)
(2.21837 -0.0245916 0)
(2.23049 -0.02358 0)
(3 3.55467e-14 0)
(1.55201 0.0480399 0)
(0.769008 0.0369927 0)
(0.759429 0.0314125 0)
(0.791378 0.0267632 0)
(0.818447 0.0245882 0)
(0.853118 0.0258936 0)
(0.889911 0.0264948 0)
(0.928664 0.0277719 0)
(0.969927 0.0305158 0)
(1.01527 0.0339224 0)
(1.06475 0.0373286 0)
(1.11775 0.0403043 0)
(1.17292 0.0403656 0)
(1.22777 0.0358569 0)
(1.28106 0.0287062 0)
(1.33358 0.0226491 0)
(1.38752 0.019592 0)
(1.44411 0.0177929 0)
(1.50357 0.0153953 0)
(1.55983 0.0099272 0)
(1.60785 0.00254284 0)
(1.65433 -0.00864094 0)
(1.70096 -0.0190684 0)
(1.74485 -0.0228427 0)
(1.78737 -0.0251066 0)
(1.82795 -0.0261643 0)
(1.86481 -0.0280768 0)
(1.89626 -0.0336563 0)
(1.92336 -0.0421101 0)
(1.94935 -0.0493109 0)
(1.97691 -0.0526856 0)
(2.00634 -0.0518838 0)
(2.03615 -0.0482817 0)
(2.06363 -0.0442449 0)
(2.08588 -0.0425452 0)
(2.10304 -0.0457581 0)
(2.11976 -0.0530645 0)
(2.13962 -0.0605707 0)
(2.16241 -0.0648967 0)
(2.18663 -0.0650352 0)
(2.21099 -0.0608944 0)
(2.23433 -0.0544961 0)
(2.25362 -0.0492915 0)
(2.26975 -0.0501002 0)
(2.28765 -0.0530256 0)
(2.3105 -0.0559317 0)
(2.33621 -0.0602332 0)
(2.3617 -0.062749 0)
(2.38651 -0.0612565 0)
(2.41061 -0.0568401 0)
(2.43301 -0.0510144 0)
(2.45065 -0.045311 0)
(2.46186 -0.0427963 0)
(2.47322 -0.0439722 0)
(2.48896 -0.0478216 0)
(2.50688 -0.0543485 0)
(2.52304 -0.0594286 0)
(2.53705 -0.0605869 0)
(2.54972 -0.0607146 0)
(2.56148 -0.0617961 0)
(2.57161 -0.056627 0)
(2.57799 -0.0451915 0)
(2.58442 -0.0441479 0)
(2.59374 -0.0575271 0)
(2.60136 -0.0652885 0)
(2.61789 -0.0633356 0)
(2.63324 -0.0575994 0)
(2.63059 -0.0261239 0)
(2.58787 0.0640775 0)
(2.51613 0.193382 0)
(2.40842 0.388835 0)
(2.3513 0.500882 0)
(2.31568 0.483077 0)
(2.25606 0.398226 0)
(2.19354 0.26247 0)
(2.13792 0.104592 0)
(2.08727 0.00572359 0)
(2.05362 -0.0483919 0)
(2.0434 -0.0358958 0)
(2.06334 -0.0385368 0)
(2.07449 -0.0362429 0)
(2.08598 -0.0240933 0)
(2.10486 -0.00502879 0)
(2.12635 0.00975105 0)
(2.1415 0.014944 0)
(2.15582 0.0152056 0)
(2.16577 0.0128047 0)
(2.16738 0.00418936 0)
(2.16649 -0.00808055 0)
(2.17209 -0.0147032 0)
(2.18055 -0.0167822 0)
(2.18941 -0.0179263 0)
(2.19799 -0.0181852 0)
(2.20473 -0.0175615 0)
(2.21403 -0.017325 0)
(3 5.71317e-16 0)
(1.59078 0.0141941 0)
(0.780765 0.0127459 0)
(0.773987 0.0119907 0)
(0.806511 0.0106845 0)
(0.832688 0.0107158 0)
(0.864768 0.0100517 0)
(0.897008 0.00836318 0)
(0.929713 0.00712092 0)
(0.963408 0.00690246 0)
(0.999117 0.00819981 0)
(1.03736 0.011267 0)
(1.0788 0.0151639 0)
(1.12348 0.0182207 0)
(1.17072 0.0203236 0)
(1.2214 0.0220324 0)
(1.27655 0.0234111 0)
(1.33571 0.0242978 0)
(1.39741 0.023939 0)
(1.45932 0.0226579 0)
(1.51842 0.0192835 0)
(1.57122 0.0131257 0)
(1.62288 0.00723149 0)
(1.67689 0.00153639 0)
(1.72594 -0.00200547 0)
(1.77112 -0.00333615 0)
(1.81188 -0.00659872 0)
(1.84579 -0.0101778 0)
(1.87381 -0.0126876 0)
(1.90042 -0.0141319 0)
(1.92953 -0.0146788 0)
(1.96081 -0.0147236 0)
(1.99219 -0.0146193 0)
(2.02204 -0.0149765 0)
(2.04759 -0.0159782 0)
(2.06666 -0.0171903 0)
(2.08104 -0.0182443 0)
(2.09772 -0.018934 0)
(2.12083 -0.0193684 0)
(2.14772 -0.0196067 0)
(2.17531 -0.0196919 0)
(2.20045 -0.0190757 0)
(2.22014 -0.0180605 0)
(2.23475 -0.0178132 0)
(2.24934 -0.0182322 0)
(2.26993 -0.0182291 0)
(2.29673 -0.0184087 0)
(2.32628 -0.0194356 0)
(2.35546 -0.0200189 0)
(2.38331 -0.0197466 0)
(2.40829 -0.0186098 0)
(2.42574 -0.0173232 0)
(2.4347 -0.0177436 0)
(2.44315 -0.0181368 0)
(2.45741 -0.018099 0)
(2.47615 -0.0187476 0)
(2.49614 -0.020016 0)
(2.51551 -0.0204836 0)
(2.53486 -0.0205448 0)
(2.55392 -0.0218476 0)
(2.5674 -0.0222634 0)
(2.56855 -0.0200335 0)
(2.56228 -0.0201984 0)
(2.56714 -0.0175017 0)
(2.58382 -0.0214797 0)
(2.60136 -0.0252781 0)
(2.61609 -0.0233645 0)
(2.62971 -0.0224267 0)
(2.64577 -0.0282285 0)
(2.63618 -0.0100369 0)
(2.60469 0.024915 0)
(2.50768 0.0939363 0)
(2.36533 0.18832 0)
(2.22761 0.217601 0)
(2.14261 0.231871 0)
(2.09156 0.223035 0)
(2.05844 0.157925 0)
(2.00173 0.0913448 0)
(1.99455 0.0446295 0)
(2.01953 0.00950701 0)
(2.05042 -0.00503671 0)
(2.06549 -0.0114373 0)
(2.07905 -0.0127257 0)
(2.09497 -0.00996672 0)
(2.11573 -0.00535719 0)
(2.13317 -0.00107748 0)
(2.14524 0.000145202 0)
(2.15463 0.000714439 0)
(2.1557 -0.00105839 0)
(2.15578 -0.00527026 0)
(2.16137 -0.00787408 0)
(2.16923 -0.00916662 0)
(2.17797 -0.00927877 0)
(2.18746 -0.00895938 0)
(2.19407 -0.00815183 0)
(2.20305 -0.00752859 0)
)
;

boundaryField
{
    inlet
    {
        type            fixedValue;
        value           uniform (3 0 0);
    }
    outlet
    {
        type            inletOutlet;
        inletValue      uniform (3 0 0);
        value           nonuniform List<vector> 
32
(
(2.18351 0.00655918 0)
(2.17973 0.0202013 0)
(2.18231 0.0367602 0)
(2.19464 0.051618 0)
(2.21945 0.0570583 0)
(2.25179 0.0747013 0)
(2.28865 0.0843851 0)
(2.31661 0.0987267 0)
(2.33147 0.124938 0)
(2.33774 0.148837 0)
(2.333 0.159675 0)
(2.32862 0.172523 0)
(2.33248 0.192697 0)
(2.33306 0.221267 0)
(2.35206 0.240503 0)
(2.37489 0.259197 0)
(2.39492 0.278513 0)
(2.39982 0.290934 0)
(2.3807 0.250806 0)
(2.31315 0.119115 0)
(2.24754 -0.016951 0)
(2.22061 -0.101841 0)
(2.22374 -0.0930141 0)
(2.22621 -0.0716549 0)
(2.22482 -0.0713445 0)
(2.22649 -0.0681409 0)
(2.23001 -0.0638676 0)
(2.23711 -0.0473068 0)
(2.24008 -0.0358864 0)
(2.23049 -0.02358 0)
(2.21403 -0.017325 0)
(2.20305 -0.00752859 0)
)
;
    }
    bottom
    {
        type            symmetryPlane;
    }
    top
    {
        type            symmetryPlane;
    }
    obstacle
    {
        type            slip;
    }
    defaultFaces
    {
        type            empty;
    }
}


// ************************************************************************* //
